Cycle,Area(mm^2),PeakDynamic(W),SubthresholdLeakage(W),GateLeakage(W),RunTimeDynamic(W)
34000000,1.6202,0.544831,0.005673,0.000697,0.326946
34001000,1.6202,0.544831,0.005673,0.000697,0.326946
34002000,1.6202,0.544831,0.005673,0.000697,0.326993
34003000,1.6202,0.544831,0.005673,0.000697,0.326899
34004000,1.6202,0.544831,0.005673,0.000697,0.327268
34005000,1.6202,0.544831,0.005673,0.000697,0.326899
34006000,1.6202,0.544831,0.005673,0.000697,0.327174
34007000,1.6202,0.544831,0.005673,0.000697,0.326946
34008000,1.6202,0.544831,0.005673,0.000697,0.326899
34009000,1.6202,0.544831,0.005673,0.000697,0.326946
34010000,1.6202,0.544831,0.005673,0.000697,0.382926
34011000,1.6202,0.544831,0.005673,0.000697,0.333294
34012000,1.6202,0.544831,0.005673,0.000697,0.326899
34013000,1.6202,0.544831,0.005673,0.000697,0.326993
34014000,1.6202,0.544831,0.005673,0.000697,0.358477
34015000,1.6202,0.544831,0.005673,0.000697,0.326899
34016000,1.6202,0.544831,0.005673,0.000697,0.326899
34017000,1.6202,0.544831,0.005673,0.000697,0.326899
34018000,1.6202,0.544831,0.005673,0.000697,0.326899
34019000,1.6202,0.544831,0.005673,0.000697,0.326899
34020000,1.6202,0.544831,0.005673,0.000697,0.349670
34021000,1.6202,0.544831,0.005673,0.000697,0.410773
34022000,1.6202,0.544831,0.005673,0.000697,0.337270
34023000,1.6202,0.544831,0.005673,0.000697,0.333647
34024000,1.6202,0.544831,0.005673,0.000697,0.332105
34025000,1.6202,0.544831,0.005673,0.000697,0.329132
34026000,1.6202,0.544831,0.005673,0.000697,0.330301
34027000,1.6202,0.544831,0.005673,0.000697,0.329903
34028000,1.6202,0.544831,0.005673,0.000697,0.329242
34029000,1.6202,0.544831,0.005673,0.000697,0.329544
34030000,1.6202,0.544831,0.005673,0.000697,0.328287
34031000,1.6202,0.544831,0.005673,0.000697,0.327567
34032000,1.6202,0.544831,0.005673,0.000697,0.327633
34033000,1.6202,0.544831,0.005673,0.000697,0.327512
34034000,1.6202,0.544831,0.005673,0.000697,0.327643
34035000,1.6202,0.544831,0.005673,0.000697,0.327797
34036000,1.6202,0.544831,0.005673,0.000697,0.327502
34037000,1.6202,0.544831,0.005673,0.000697,0.327181
34038000,1.6202,0.544831,0.005673,0.000697,0.327352
34039000,1.6202,0.544831,0.005673,0.000697,0.328099
34040000,1.6202,0.544831,0.005673,0.000697,0.327418
34041000,1.6202,0.544831,0.005673,0.000697,0.327201
34042000,1.6202,0.544831,0.005673,0.000697,0.327589
34043000,1.6202,0.544831,0.005673,0.000697,0.327931
34044000,1.6202,0.544831,0.005673,0.000697,0.326993
34045000,1.6202,0.544831,0.005673,0.000697,0.327362
34046000,1.6202,0.544831,0.005673,0.000697,0.327505
34047000,1.6202,0.544831,0.005673,0.000697,0.326993
34048000,1.6202,0.544831,0.005673,0.000697,0.326993
34049000,1.6202,0.544831,0.005673,0.000697,0.326946
34050000,1.6202,0.544831,0.005673,0.000697,0.326993
34051000,1.6202,0.544831,0.005673,0.000697,0.326946
34052000,1.6202,0.544831,0.005673,0.000697,0.326946
34053000,1.6202,0.544831,0.005673,0.000697,0.326946
34054000,1.6202,0.544831,0.005673,0.000697,0.326946
34055000,1.6202,0.544831,0.005673,0.000697,0.326899
34056000,1.6202,0.544831,0.005673,0.000697,0.326899
34057000,1.6202,0.544831,0.005673,0.000697,0.326899
34058000,1.6202,0.544831,0.005673,0.000697,0.391361
34059000,1.6202,0.544831,0.005673,0.000697,0.326899
34060000,1.6202,0.544831,0.005673,0.000697,0.326899
34061000,1.6202,0.544831,0.005673,0.000697,0.343549
34062000,1.6202,0.544831,0.005673,0.000697,0.342433
34063000,1.6202,0.544831,0.005673,0.000697,0.326899
34064000,1.6202,0.544831,0.005673,0.000697,0.326899
34065000,1.6202,0.544831,0.005673,0.000697,0.326899
34066000,1.6202,0.544831,0.005673,0.000697,0.326899
34067000,1.6202,0.544831,0.005673,0.000697,0.326899
34068000,1.6202,0.544831,0.005673,0.000697,0.368094
34069000,1.6202,0.544831,0.005673,0.000697,0.388131
34070000,1.6202,0.544831,0.005673,0.000697,0.337494
34071000,1.6202,0.544831,0.005673,0.000697,0.331063
34072000,1.6202,0.544831,0.005673,0.000697,0.330556
34073000,1.6202,0.544831,0.005673,0.000697,0.330197
34074000,1.6202,0.544831,0.005673,0.000697,0.328378
34075000,1.6202,0.544831,0.005673,0.000697,0.328086
34076000,1.6202,0.544831,0.005673,0.000697,0.327697
34077000,1.6202,0.544831,0.005673,0.000697,0.327653
34078000,1.6202,0.544831,0.005673,0.000697,0.328535
34079000,1.6202,0.544831,0.005673,0.000697,0.327522
34080000,1.6202,0.544831,0.005673,0.000697,0.327408
34081000,1.6202,0.544831,0.005673,0.000697,0.327626
34082000,1.6202,0.544831,0.005673,0.000697,0.327268
34083000,1.6202,0.544831,0.005673,0.000697,0.327221
34084000,1.6202,0.544831,0.005673,0.000697,0.327495
34085000,1.6202,0.544831,0.005673,0.000697,0.327174
34086000,1.6202,0.544831,0.005673,0.000697,0.326993
34087000,1.6202,0.544831,0.005673,0.000697,0.326899
34088000,1.6202,0.544831,0.005673,0.000697,0.327174
34089000,1.6202,0.544831,0.005673,0.000697,0.327003
34090000,1.6202,0.544831,0.005673,0.000697,0.326899
34091000,1.6202,0.544831,0.005673,0.000697,0.326899
34092000,1.6202,0.544831,0.005673,0.000697,0.326946
34093000,1.6202,0.544831,0.005673,0.000697,0.326899
34094000,1.6202,0.544831,0.005673,0.000697,0.326946
34095000,1.6202,0.544831,0.005673,0.000697,0.326899
34096000,1.6202,0.544831,0.005673,0.000697,0.326899
34097000,1.6202,0.544831,0.005673,0.000697,0.326946
34098000,1.6202,0.544831,0.005673,0.000697,0.326899
34099000,1.6202,0.544831,0.005673,0.000697,0.326899
34100000,1.6202,0.544831,0.005673,0.000697,0.327003
34101000,1.6202,0.544831,0.005673,0.000697,0.326899
34102000,1.6202,0.544831,0.005673,0.000697,0.326946
34103000,1.6202,0.544831,0.005673,0.000697,0.326899
34104000,1.6202,0.544831,0.005673,0.000697,0.326899
34105000,1.6202,0.544831,0.005673,0.000697,0.326946
34106000,1.6202,0.544831,0.005673,0.000697,0.326899
34107000,1.6202,0.544831,0.005673,0.000697,0.326946
34108000,1.6202,0.544831,0.005673,0.000697,0.326899
34109000,1.6202,0.544831,0.005673,0.000697,0.326899
34110000,1.6202,0.544831,0.005673,0.000697,0.327174
34111000,1.6202,0.544831,0.005673,0.000697,0.326993
34112000,1.6202,0.544831,0.005673,0.000697,0.326899
34113000,1.6202,0.544831,0.005673,0.000697,0.326899
34114000,1.6202,0.544831,0.005673,0.000697,0.326946
34115000,1.6202,0.544831,0.005673,0.000697,0.327174
34116000,1.6202,0.544831,0.005673,0.000697,0.326899
34117000,1.6202,0.544831,0.005673,0.000697,0.326946
34118000,1.6202,0.544831,0.005673,0.000697,0.326899
34119000,1.6202,0.544831,0.005673,0.000697,0.326899
34120000,1.6202,0.544831,0.005673,0.000697,0.326946
34121000,1.6202,0.544831,0.005673,0.000697,0.326899
34122000,1.6202,0.544831,0.005673,0.000697,0.326946
34123000,1.6202,0.544831,0.005673,0.000697,0.326899
34124000,1.6202,0.544831,0.005673,0.000697,0.326899
34125000,1.6202,0.544831,0.005673,0.000697,0.326946
34126000,1.6202,0.544831,0.005673,0.000697,0.326899
34127000,1.6202,0.544831,0.005673,0.000697,0.326946
34128000,1.6202,0.544831,0.005673,0.000697,0.326899
34129000,1.6202,0.544831,0.005673,0.000697,0.326899
34130000,1.6202,0.544831,0.005673,0.000697,0.326946
34131000,1.6202,0.544831,0.005673,0.000697,0.326899
34132000,1.6202,0.544831,0.005673,0.000697,0.326946
34133000,1.6202,0.544831,0.005673,0.000697,0.327127
34134000,1.6202,0.544831,0.005673,0.000697,0.327174
34135000,1.6202,0.544831,0.005673,0.000697,0.326899
34136000,1.6202,0.544831,0.005673,0.000697,0.387618
34137000,1.6202,0.544831,0.005673,0.000697,0.326899
34138000,1.6202,0.544831,0.005673,0.000697,0.326899
34139000,1.6202,0.544831,0.005673,0.000697,0.329353
34140000,1.6202,0.544831,0.005673,0.000697,0.357711
34141000,1.6202,0.544831,0.005673,0.000697,0.326899
34142000,1.6202,0.544831,0.005673,0.000697,0.326899
34143000,1.6202,0.544831,0.005673,0.000697,0.326899
34144000,1.6202,0.544831,0.005673,0.000697,0.326899
34145000,1.6202,0.544831,0.005673,0.000697,0.326899
34146000,1.6202,0.544831,0.005673,0.000697,0.366360
34147000,1.6202,0.544831,0.005673,0.000697,0.397575
34148000,1.6202,0.544831,0.005673,0.000697,0.338199
34149000,1.6202,0.544831,0.005673,0.000697,0.332503
34150000,1.6202,0.544831,0.005673,0.000697,0.332283
34151000,1.6202,0.544831,0.005673,0.000697,0.332815
34152000,1.6202,0.544831,0.005673,0.000697,0.330207
34153000,1.6202,0.544831,0.005673,0.000697,0.330110
34154000,1.6202,0.544831,0.005673,0.000697,0.329222
34155000,1.6202,0.544831,0.005673,0.000697,0.328920
34156000,1.6202,0.544831,0.005673,0.000697,0.327992
34157000,1.6202,0.544831,0.005673,0.000697,0.328554
34158000,1.6202,0.544831,0.005673,0.000697,0.327492
34159000,1.6202,0.544831,0.005673,0.000697,0.327797
34160000,1.6202,0.544831,0.005673,0.000697,0.327636
34161000,1.6202,0.544831,0.005673,0.000697,0.327740
34162000,1.6202,0.544831,0.005673,0.000697,0.327315
34163000,1.6202,0.544831,0.005673,0.000697,0.327448
34164000,1.6202,0.544831,0.005673,0.000697,0.327221
34165000,1.6202,0.544831,0.005673,0.000697,0.326946
34166000,1.6202,0.544831,0.005673,0.000697,0.326946
34167000,1.6202,0.544831,0.005673,0.000697,0.326946
34168000,1.6202,0.544831,0.005673,0.000697,0.326899
34169000,1.6202,0.544831,0.005673,0.000697,0.326946
34170000,1.6202,0.544831,0.005673,0.000697,0.327060
34171000,1.6202,0.544831,0.005673,0.000697,0.326899
34172000,1.6202,0.544831,0.005673,0.000697,0.327164
34173000,1.6202,0.544831,0.005673,0.000697,0.326899
34174000,1.6202,0.544831,0.005673,0.000697,0.326899
34175000,1.6202,0.544831,0.005673,0.000697,0.326946
34176000,1.6202,0.544831,0.005673,0.000697,0.326899
34177000,1.6202,0.544831,0.005673,0.000697,0.326946
34178000,1.6202,0.544831,0.005673,0.000697,0.326899
34179000,1.6202,0.544831,0.005673,0.000697,0.326899
34180000,1.6202,0.544831,0.005673,0.000697,0.326946
34181000,1.6202,0.544831,0.005673,0.000697,0.326899
34182000,1.6202,0.544831,0.005673,0.000697,0.326899
34183000,1.6202,0.544831,0.005673,0.000697,0.326899
34184000,1.6202,0.544831,0.005673,0.000697,0.399901
34185000,1.6202,0.544831,0.005673,0.000697,0.326899
34186000,1.6202,0.544831,0.005673,0.000697,0.327087
34187000,1.6202,0.544831,0.005673,0.000697,0.355840
34188000,1.6202,0.544831,0.005673,0.000697,0.330352
34189000,1.6202,0.544831,0.005673,0.000697,0.326899
34190000,1.6202,0.544831,0.005673,0.000697,0.326899
34191000,1.6202,0.544831,0.005673,0.000697,0.326899
34192000,1.6202,0.544831,0.005673,0.000697,0.326899
34193000,1.6202,0.544831,0.005673,0.000697,0.335973
34194000,1.6202,0.544831,0.005673,0.000697,0.423258
34195000,1.6202,0.544831,0.005673,0.000697,0.344923
34196000,1.6202,0.544831,0.005673,0.000697,0.337292
34197000,1.6202,0.544831,0.005673,0.000697,0.330962
34198000,1.6202,0.544831,0.005673,0.000697,0.331002
34199000,1.6202,0.544831,0.005673,0.000697,0.329695
34200000,1.6202,0.544831,0.005673,0.000697,0.329470
34201000,1.6202,0.544831,0.005673,0.000697,0.328636
34202000,1.6202,0.544831,0.005673,0.000697,0.328267
34203000,1.6202,0.544831,0.005673,0.000697,0.328297
34204000,1.6202,0.544831,0.005673,0.000697,0.328297
34205000,1.6202,0.544831,0.005673,0.000697,0.327747
34206000,1.6202,0.544831,0.005673,0.000697,0.329312
34207000,1.6202,0.544831,0.005673,0.000697,0.327710
34208000,1.6202,0.544831,0.005673,0.000697,0.327700
34209000,1.6202,0.544831,0.005673,0.000697,0.327626
34210000,1.6202,0.544831,0.005673,0.000697,0.328280
34211000,1.6202,0.544831,0.005673,0.000697,0.327683
34212000,1.6202,0.544831,0.005673,0.000697,0.327362
34213000,1.6202,0.544831,0.005673,0.000697,0.327040
34214000,1.6202,0.544831,0.005673,0.000697,0.327371
34215000,1.6202,0.544831,0.005673,0.000697,0.327268
34216000,1.6202,0.544831,0.005673,0.000697,0.326946
34217000,1.6202,0.544831,0.005673,0.000697,0.327144
34218000,1.6202,0.544831,0.005673,0.000697,0.326993
34219000,1.6202,0.544831,0.005673,0.000697,0.326946
34220000,1.6202,0.544831,0.005673,0.000697,0.327174
34221000,1.6202,0.544831,0.005673,0.000697,0.327174
34222000,1.6202,0.544831,0.005673,0.000697,0.327107
34223000,1.6202,0.544831,0.005673,0.000697,0.327174
34224000,1.6202,0.544831,0.005673,0.000697,0.326993
34225000,1.6202,0.544831,0.005673,0.000697,0.326899
34226000,1.6202,0.544831,0.005673,0.000697,0.326946
34227000,1.6202,0.544831,0.005673,0.000697,0.326946
34228000,1.6202,0.544831,0.005673,0.000697,0.326899
34229000,1.6202,0.544831,0.005673,0.000697,0.326899
34230000,1.6202,0.544831,0.005673,0.000697,0.326899
34231000,1.6202,0.544831,0.005673,0.000697,0.326899
34232000,1.6202,0.544831,0.005673,0.000697,0.326899
34233000,1.6202,0.544831,0.005673,0.000697,0.326899
34234000,1.6202,0.544831,0.005673,0.000697,0.326899
34235000,1.6202,0.544831,0.005673,0.000697,0.326899
34236000,1.6202,0.544831,0.005673,0.000697,0.326899
34237000,1.6202,0.544831,0.005673,0.000697,0.326899
34238000,1.6202,0.544831,0.005673,0.000697,0.326899
34239000,1.6202,0.544831,0.005673,0.000697,0.326899
34240000,1.6202,0.544831,0.005673,0.000697,0.326899
34241000,1.6202,0.544831,0.005673,0.000697,0.326899
34242000,1.6202,0.544831,0.005673,0.000697,0.326899
34243000,1.6202,0.544831,0.005673,0.000697,0.326899
34244000,1.6202,0.544831,0.005673,0.000697,0.326899
34245000,1.6202,0.544831,0.005673,0.000697,0.330293
34246000,1.6202,0.544831,0.005673,0.000697,0.389765
34247000,1.6202,0.544831,0.005673,0.000697,0.326899
34248000,1.6202,0.544831,0.005673,0.000697,0.327616
34249000,1.6202,0.544831,0.005673,0.000697,0.361213
34250000,1.6202,0.544831,0.005673,0.000697,0.326899
34251000,1.6202,0.544831,0.005673,0.000697,0.326899
34252000,1.6202,0.544831,0.005673,0.000697,0.326899
34253000,1.6202,0.544831,0.005673,0.000697,0.326899
34254000,1.6202,0.544831,0.005673,0.000697,0.326899
34255000,1.6202,0.544831,0.005673,0.000697,0.353609
34256000,1.6202,0.544831,0.005673,0.000697,0.404108
34257000,1.6202,0.544831,0.005673,0.000697,0.336673
34258000,1.6202,0.544831,0.005673,0.000697,0.330667
34259000,1.6202,0.544831,0.005673,0.000697,0.330321
34260000,1.6202,0.544831,0.005673,0.000697,0.331012
34261000,1.6202,0.544831,0.005673,0.000697,0.329383
34262000,1.6202,0.544831,0.005673,0.000697,0.328987
34263000,1.6202,0.544831,0.005673,0.000697,0.329386
34264000,1.6202,0.544831,0.005673,0.000697,0.328371
34265000,1.6202,0.544831,0.005673,0.000697,0.327831
34266000,1.6202,0.544831,0.005673,0.000697,0.327596
34267000,1.6202,0.544831,0.005673,0.000697,0.327834
34268000,1.6202,0.544831,0.005673,0.000697,0.327502
34269000,1.6202,0.544831,0.005673,0.000697,0.327683
34270000,1.6202,0.544831,0.005673,0.000697,0.327948
34271000,1.6202,0.544831,0.005673,0.000697,0.327248
34272000,1.6202,0.544831,0.005673,0.000697,0.327221
34273000,1.6202,0.544831,0.005673,0.000697,0.327864
34274000,1.6202,0.544831,0.005673,0.000697,0.326993
34275000,1.6202,0.544831,0.005673,0.000697,0.327315
34276000,1.6202,0.544831,0.005673,0.000697,0.327589
34277000,1.6202,0.544831,0.005673,0.000697,0.327542
34278000,1.6202,0.544831,0.005673,0.000697,0.327040
34279000,1.6202,0.544831,0.005673,0.000697,0.326993
34280000,1.6202,0.544831,0.005673,0.000697,0.326946
34281000,1.6202,0.544831,0.005673,0.000697,0.327221
34282000,1.6202,0.544831,0.005673,0.000697,0.326946
34283000,1.6202,0.544831,0.005673,0.000697,0.326946
34284000,1.6202,0.544831,0.005673,0.000697,0.326899
34285000,1.6202,0.544831,0.005673,0.000697,0.327003
34286000,1.6202,0.544831,0.005673,0.000697,0.326899
34287000,1.6202,0.544831,0.005673,0.000697,0.327003
34288000,1.6202,0.544831,0.005673,0.000697,0.326946
34289000,1.6202,0.544831,0.005673,0.000697,0.326946
34290000,1.6202,0.544831,0.005673,0.000697,0.326946
34291000,1.6202,0.544831,0.005673,0.000697,0.326899
34292000,1.6202,0.544831,0.005673,0.000697,0.326946
34293000,1.6202,0.544831,0.005673,0.000697,0.326899
34294000,1.6202,0.544831,0.005673,0.000697,0.326946
34295000,1.6202,0.544831,0.005673,0.000697,0.326899
34296000,1.6202,0.544831,0.005673,0.000697,0.326899
34297000,1.6202,0.544831,0.005673,0.000697,0.391204
34298000,1.6202,0.544831,0.005673,0.000697,0.326899
34299000,1.6202,0.544831,0.005673,0.000697,0.326899
34300000,1.6202,0.544831,0.005673,0.000697,0.361220
34301000,1.6202,0.544831,0.005673,0.000697,0.327040
34302000,1.6202,0.544831,0.005673,0.000697,0.326899
34303000,1.6202,0.544831,0.005673,0.000697,0.326899
34304000,1.6202,0.544831,0.005673,0.000697,0.326899
34305000,1.6202,0.544831,0.005673,0.000697,0.326899
34306000,1.6202,0.544831,0.005673,0.000697,0.330919
34307000,1.6202,0.544831,0.005673,0.000697,0.402432
34308000,1.6202,0.544831,0.005673,0.000697,0.359127
34309000,1.6202,0.544831,0.005673,0.000697,0.334374
34310000,1.6202,0.544831,0.005673,0.000697,0.330909
34311000,1.6202,0.544831,0.005673,0.000697,0.330646
34312000,1.6202,0.544831,0.005673,0.000697,0.329551
34313000,1.6202,0.544831,0.005673,0.000697,0.329212
34314000,1.6202,0.544831,0.005673,0.000697,0.328920
34315000,1.6202,0.544831,0.005673,0.000697,0.328294
34316000,1.6202,0.544831,0.005673,0.000697,0.328522
34317000,1.6202,0.544831,0.005673,0.000697,0.328515
34318000,1.6202,0.544831,0.005673,0.000697,0.328267
34319000,1.6202,0.544831,0.005673,0.000697,0.327446
34320000,1.6202,0.544831,0.005673,0.000697,0.327275
34321000,1.6202,0.544831,0.005673,0.000697,0.328116
34322000,1.6202,0.544831,0.005673,0.000697,0.327399
34323000,1.6202,0.544831,0.005673,0.000697,0.326993
34324000,1.6202,0.544831,0.005673,0.000697,0.327834
34325000,1.6202,0.544831,0.005673,0.000697,0.327408
34326000,1.6202,0.544831,0.005673,0.000697,0.327777
34327000,1.6202,0.544831,0.005673,0.000697,0.327134
34328000,1.6202,0.544831,0.005673,0.000697,0.327201
34329000,1.6202,0.544831,0.005673,0.000697,0.328015
34330000,1.6202,0.544831,0.005673,0.000697,0.327221
34331000,1.6202,0.544831,0.005673,0.000697,0.327362
34332000,1.6202,0.544831,0.005673,0.000697,0.327362
34333000,1.6202,0.544831,0.005673,0.000697,0.327097
34334000,1.6202,0.544831,0.005673,0.000697,0.327362
34335000,1.6202,0.544831,0.005673,0.000697,0.327391
34336000,1.6202,0.544831,0.005673,0.000697,0.327258
34337000,1.6202,0.544831,0.005673,0.000697,0.327087
34338000,1.6202,0.544831,0.005673,0.000697,0.326946
34339000,1.6202,0.544831,0.005673,0.000697,0.327040
34340000,1.6202,0.544831,0.005673,0.000697,0.327050
34341000,1.6202,0.544831,0.005673,0.000697,0.327174
34342000,1.6202,0.544831,0.005673,0.000697,0.327636
34343000,1.6202,0.544831,0.005673,0.000697,0.326946
34344000,1.6202,0.544831,0.005673,0.000697,0.327097
34345000,1.6202,0.544831,0.005673,0.000697,0.327221
34346000,1.6202,0.544831,0.005673,0.000697,0.327174
34347000,1.6202,0.544831,0.005673,0.000697,0.326993
34348000,1.6202,0.544831,0.005673,0.000697,0.326946
34349000,1.6202,0.544831,0.005673,0.000697,0.326946
34350000,1.6202,0.544831,0.005673,0.000697,0.326946
34351000,1.6202,0.544831,0.005673,0.000697,0.326899
34352000,1.6202,0.544831,0.005673,0.000697,0.326993
34353000,1.6202,0.544831,0.005673,0.000697,0.326899
34354000,1.6202,0.544831,0.005673,0.000697,0.326946
34355000,1.6202,0.544831,0.005673,0.000697,0.326899
34356000,1.6202,0.544831,0.005673,0.000697,0.326899
34357000,1.6202,0.544831,0.005673,0.000697,0.326899
34358000,1.6202,0.544831,0.005673,0.000697,0.387147
34359000,1.6202,0.544831,0.005673,0.000697,0.326899
34360000,1.6202,0.544831,0.005673,0.000697,0.326899
34361000,1.6202,0.544831,0.005673,0.000697,0.330486
34362000,1.6202,0.544831,0.005673,0.000697,0.356350
34363000,1.6202,0.544831,0.005673,0.000697,0.326899
34364000,1.6202,0.544831,0.005673,0.000697,0.326899
34365000,1.6202,0.544831,0.005673,0.000697,0.326899
34366000,1.6202,0.544831,0.005673,0.000697,0.326899
34367000,1.6202,0.544831,0.005673,0.000697,0.326899
34368000,1.6202,0.544831,0.005673,0.000697,0.355319
34369000,1.6202,0.544831,0.005673,0.000697,0.399791
34370000,1.6202,0.544831,0.005673,0.000697,0.336020
34371000,1.6202,0.544831,0.005673,0.000697,0.333137
34372000,1.6202,0.544831,0.005673,0.000697,0.331836
34373000,1.6202,0.544831,0.005673,0.000697,0.329440
34374000,1.6202,0.544831,0.005673,0.000697,0.328740
34375000,1.6202,0.544831,0.005673,0.000697,0.328297
34376000,1.6202,0.544831,0.005673,0.000697,0.327576
34377000,1.6202,0.544831,0.005673,0.000697,0.327436
34378000,1.6202,0.544831,0.005673,0.000697,0.328089
34379000,1.6202,0.544831,0.005673,0.000697,0.328193
34380000,1.6202,0.544831,0.005673,0.000697,0.327824
34381000,1.6202,0.544831,0.005673,0.000697,0.327408
34382000,1.6202,0.544831,0.005673,0.000697,0.326993
34383000,1.6202,0.544831,0.005673,0.000697,0.327455
34384000,1.6202,0.544831,0.005673,0.000697,0.326993
34385000,1.6202,0.544831,0.005673,0.000697,0.327238
34386000,1.6202,0.544831,0.005673,0.000697,0.326946
34387000,1.6202,0.544831,0.005673,0.000697,0.326946
34388000,1.6202,0.544831,0.005673,0.000697,0.327268
34389000,1.6202,0.544831,0.005673,0.000697,0.326899
34390000,1.6202,0.544831,0.005673,0.000697,0.326946
34391000,1.6202,0.544831,0.005673,0.000697,0.326946
34392000,1.6202,0.544831,0.005673,0.000697,0.326899
34393000,1.6202,0.544831,0.005673,0.000697,0.326993
34394000,1.6202,0.544831,0.005673,0.000697,0.326899
34395000,1.6202,0.544831,0.005673,0.000697,0.326946
34396000,1.6202,0.544831,0.005673,0.000697,0.327174
34397000,1.6202,0.544831,0.005673,0.000697,0.326899
34398000,1.6202,0.544831,0.005673,0.000697,0.326946
34399000,1.6202,0.544831,0.005673,0.000697,0.326899
34400000,1.6202,0.544831,0.005673,0.000697,0.326946
34401000,1.6202,0.544831,0.005673,0.000697,0.326899
34402000,1.6202,0.544831,0.005673,0.000697,0.326899
34403000,1.6202,0.544831,0.005673,0.000697,0.327174
34404000,1.6202,0.544831,0.005673,0.000697,0.326946
34405000,1.6202,0.544831,0.005673,0.000697,0.326899
34406000,1.6202,0.544831,0.005673,0.000697,0.326899
34407000,1.6202,0.544831,0.005673,0.000697,0.326946
34408000,1.6202,0.544831,0.005673,0.000697,0.326899
34409000,1.6202,0.544831,0.005673,0.000697,0.326946
34410000,1.6202,0.544831,0.005673,0.000697,0.327127
34411000,1.6202,0.544831,0.005673,0.000697,0.326899
34412000,1.6202,0.544831,0.005673,0.000697,0.326946
34413000,1.6202,0.544831,0.005673,0.000697,0.326899
34414000,1.6202,0.544831,0.005673,0.000697,0.326899
34415000,1.6202,0.544831,0.005673,0.000697,0.326946
34416000,1.6202,0.544831,0.005673,0.000697,0.326899
34417000,1.6202,0.544831,0.005673,0.000697,0.326946
34418000,1.6202,0.544831,0.005673,0.000697,0.326899
34419000,1.6202,0.544831,0.005673,0.000697,0.383736
34420000,1.6202,0.544831,0.005673,0.000697,0.326899
34421000,1.6202,0.544831,0.005673,0.000697,0.326899
34422000,1.6202,0.544831,0.005673,0.000697,0.358028
34423000,1.6202,0.544831,0.005673,0.000697,0.329776
34424000,1.6202,0.544831,0.005673,0.000697,0.326899
34425000,1.6202,0.544831,0.005673,0.000697,0.326899
34426000,1.6202,0.544831,0.005673,0.000697,0.326899
34427000,1.6202,0.544831,0.005673,0.000697,0.326899
34428000,1.6202,0.544831,0.005673,0.000697,0.332002
34429000,1.6202,0.544831,0.005673,0.000697,0.406421
34430000,1.6202,0.544831,0.005673,0.000697,0.344713
34431000,1.6202,0.544831,0.005673,0.000697,0.332068
34432000,1.6202,0.544831,0.005673,0.000697,0.329400
34433000,1.6202,0.544831,0.005673,0.000697,0.329376
34434000,1.6202,0.544831,0.005673,0.000697,0.328012
34435000,1.6202,0.544831,0.005673,0.000697,0.328666
34436000,1.6202,0.544831,0.005673,0.000697,0.328213
34437000,1.6202,0.544831,0.005673,0.000697,0.328203
34438000,1.6202,0.544831,0.005673,0.000697,0.328173
34439000,1.6202,0.544831,0.005673,0.000697,0.327191
34440000,1.6202,0.544831,0.005673,0.000697,0.327928
34441000,1.6202,0.544831,0.005673,0.000697,0.327834
34442000,1.6202,0.544831,0.005673,0.000697,0.327389
34443000,1.6202,0.544831,0.005673,0.000697,0.327730
34444000,1.6202,0.544831,0.005673,0.000697,0.327134
34445000,1.6202,0.544831,0.005673,0.000697,0.327730
34446000,1.6202,0.544831,0.005673,0.000697,0.327087
34447000,1.6202,0.544831,0.005673,0.000697,0.327408
34448000,1.6202,0.544831,0.005673,0.000697,0.327087
34449000,1.6202,0.544831,0.005673,0.000697,0.326993
34450000,1.6202,0.544831,0.005673,0.000697,0.327408
34451000,1.6202,0.544831,0.005673,0.000697,0.326946
34452000,1.6202,0.544831,0.005673,0.000697,0.327371
34453000,1.6202,0.544831,0.005673,0.000697,0.327268
34454000,1.6202,0.544831,0.005673,0.000697,0.326946
34455000,1.6202,0.544831,0.005673,0.000697,0.327362
34456000,1.6202,0.544831,0.005673,0.000697,0.326946
34457000,1.6202,0.544831,0.005673,0.000697,0.327268
34458000,1.6202,0.544831,0.005673,0.000697,0.326993
34459000,1.6202,0.544831,0.005673,0.000697,0.327117
34460000,1.6202,0.544831,0.005673,0.000697,0.327532
34461000,1.6202,0.544831,0.005673,0.000697,0.326993
34462000,1.6202,0.544831,0.005673,0.000697,0.327174
34463000,1.6202,0.544831,0.005673,0.000697,0.327040
34464000,1.6202,0.544831,0.005673,0.000697,0.326899
34465000,1.6202,0.544831,0.005673,0.000697,0.327174
34466000,1.6202,0.544831,0.005673,0.000697,0.326993
34467000,1.6202,0.544831,0.005673,0.000697,0.326899
34468000,1.6202,0.544831,0.005673,0.000697,0.326946
34469000,1.6202,0.544831,0.005673,0.000697,0.326899
34470000,1.6202,0.544831,0.005673,0.000697,0.326899
34471000,1.6202,0.544831,0.005673,0.000697,0.327174
34472000,1.6202,0.544831,0.005673,0.000697,0.326899
34473000,1.6202,0.544831,0.005673,0.000697,0.326946
34474000,1.6202,0.544831,0.005673,0.000697,0.326899
34475000,1.6202,0.544831,0.005673,0.000697,0.326899
34476000,1.6202,0.544831,0.005673,0.000697,0.326946
34477000,1.6202,0.544831,0.005673,0.000697,0.326899
34478000,1.6202,0.544831,0.005673,0.000697,0.326899
34479000,1.6202,0.544831,0.005673,0.000697,0.326946
34480000,1.6202,0.544831,0.005673,0.000697,0.327003
34481000,1.6202,0.544831,0.005673,0.000697,0.326946
34482000,1.6202,0.544831,0.005673,0.000697,0.326899
34483000,1.6202,0.544831,0.005673,0.000697,0.326899
34484000,1.6202,0.544831,0.005673,0.000697,0.326899
34485000,1.6202,0.544831,0.005673,0.000697,0.326899
34486000,1.6202,0.544831,0.005673,0.000697,0.326899
34487000,1.6202,0.544831,0.005673,0.000697,0.326899
34488000,1.6202,0.544831,0.005673,0.000697,0.326899
34489000,1.6202,0.544831,0.005673,0.000697,0.326899
34490000,1.6202,0.544831,0.005673,0.000697,0.326899
34491000,1.6202,0.544831,0.005673,0.000697,0.326899
34492000,1.6202,0.544831,0.005673,0.000697,0.326899
34493000,1.6202,0.544831,0.005673,0.000697,0.326899
34494000,1.6202,0.544831,0.005673,0.000697,0.326899
34495000,1.6202,0.544831,0.005673,0.000697,0.342198
34496000,1.6202,0.544831,0.005673,0.000697,0.365011
34497000,1.6202,0.544831,0.005673,0.000697,0.326899
34498000,1.6202,0.544831,0.005673,0.000697,0.326899
34499000,1.6202,0.544831,0.005673,0.000697,0.360450
34500000,1.6202,0.544831,0.005673,0.000697,0.326899
34501000,1.6202,0.544831,0.005673,0.000697,0.326899
34502000,1.6202,0.544831,0.005673,0.000697,0.326899
34503000,1.6202,0.544831,0.005673,0.000697,0.326899
34504000,1.6202,0.544831,0.005673,0.000697,0.326899
34505000,1.6202,0.544831,0.005673,0.000697,0.334290
34506000,1.6202,0.544831,0.005673,0.000697,0.404200
34507000,1.6202,0.544831,0.005673,0.000697,0.346681
34508000,1.6202,0.544831,0.005673,0.000697,0.334699
34509000,1.6202,0.544831,0.005673,0.000697,0.329558
34510000,1.6202,0.544831,0.005673,0.000697,0.329969
34511000,1.6202,0.544831,0.005673,0.000697,0.329886
34512000,1.6202,0.544831,0.005673,0.000697,0.328947
34513000,1.6202,0.544831,0.005673,0.000697,0.329111
34514000,1.6202,0.544831,0.005673,0.000697,0.329037
34515000,1.6202,0.544831,0.005673,0.000697,0.328806
34516000,1.6202,0.544831,0.005673,0.000697,0.328193
34517000,1.6202,0.544831,0.005673,0.000697,0.327740
34518000,1.6202,0.544831,0.005673,0.000697,0.327379
34519000,1.6202,0.544831,0.005673,0.000697,0.327228
34520000,1.6202,0.544831,0.005673,0.000697,0.327134
34521000,1.6202,0.544831,0.005673,0.000697,0.327362
34522000,1.6202,0.544831,0.005673,0.000697,0.327040
34523000,1.6202,0.544831,0.005673,0.000697,0.327097
34524000,1.6202,0.544831,0.005673,0.000697,0.327683
34525000,1.6202,0.544831,0.005673,0.000697,0.327144
34526000,1.6202,0.544831,0.005673,0.000697,0.326946
34527000,1.6202,0.544831,0.005673,0.000697,0.327134
34528000,1.6202,0.544831,0.005673,0.000697,0.326993
34529000,1.6202,0.544831,0.005673,0.000697,0.327040
34530000,1.6202,0.544831,0.005673,0.000697,0.326946
34531000,1.6202,0.544831,0.005673,0.000697,0.327003
34532000,1.6202,0.544831,0.005673,0.000697,0.327268
34533000,1.6202,0.544831,0.005673,0.000697,0.326946
34534000,1.6202,0.544831,0.005673,0.000697,0.326899
34535000,1.6202,0.544831,0.005673,0.000697,0.327448
34536000,1.6202,0.544831,0.005673,0.000697,0.326899
34537000,1.6202,0.544831,0.005673,0.000697,0.326946
34538000,1.6202,0.544831,0.005673,0.000697,0.326946
34539000,1.6202,0.544831,0.005673,0.000697,0.326899
34540000,1.6202,0.544831,0.005673,0.000697,0.326946
34541000,1.6202,0.544831,0.005673,0.000697,0.326899
34542000,1.6202,0.544831,0.005673,0.000697,0.326946
34543000,1.6202,0.544831,0.005673,0.000697,0.326899
34544000,1.6202,0.544831,0.005673,0.000697,0.326899
34545000,1.6202,0.544831,0.005673,0.000697,0.326899
34546000,1.6202,0.544831,0.005673,0.000697,0.326899
34547000,1.6202,0.544831,0.005673,0.000697,0.326899
34548000,1.6202,0.544831,0.005673,0.000697,0.326899
34549000,1.6202,0.544831,0.005673,0.000697,0.326899
34550000,1.6202,0.544831,0.005673,0.000697,0.326899
34551000,1.6202,0.544831,0.005673,0.000697,0.326899
34552000,1.6202,0.544831,0.005673,0.000697,0.326899
34553000,1.6202,0.544831,0.005673,0.000697,0.326899
34554000,1.6202,0.544831,0.005673,0.000697,0.326899
34555000,1.6202,0.544831,0.005673,0.000697,0.326899
34556000,1.6202,0.544831,0.005673,0.000697,0.326899
34557000,1.6202,0.544831,0.005673,0.000697,0.326899
34558000,1.6202,0.544831,0.005673,0.000697,0.326899
34559000,1.6202,0.544831,0.005673,0.000697,0.326899
34560000,1.6202,0.544831,0.005673,0.000697,0.326899
34561000,1.6202,0.544831,0.005673,0.000697,0.326899
34562000,1.6202,0.544831,0.005673,0.000697,0.326899
34563000,1.6202,0.544831,0.005673,0.000697,0.326899
34564000,1.6202,0.544831,0.005673,0.000697,0.326899
34565000,1.6202,0.544831,0.005673,0.000697,0.326899
34566000,1.6202,0.544831,0.005673,0.000697,0.326899
34567000,1.6202,0.544831,0.005673,0.000697,0.326899
34568000,1.6202,0.544831,0.005673,0.000697,0.326899
34569000,1.6202,0.544831,0.005673,0.000697,0.326899
34570000,1.6202,0.544831,0.005673,0.000697,0.326899
34571000,1.6202,0.544831,0.005673,0.000697,0.326899
34572000,1.6202,0.544831,0.005673,0.000697,0.326899
34573000,1.6202,0.544831,0.005673,0.000697,0.326899
34574000,1.6202,0.544831,0.005673,0.000697,0.326899
34575000,1.6202,0.544831,0.005673,0.000697,0.326899
34576000,1.6202,0.544831,0.005673,0.000697,0.326899
34577000,1.6202,0.544831,0.005673,0.000697,0.326899
34578000,1.6202,0.544831,0.005673,0.000697,0.326899
34579000,1.6202,0.544831,0.005673,0.000697,0.326899
34580000,1.6202,0.544831,0.005673,0.000697,0.326899
34581000,1.6202,0.544831,0.005673,0.000697,0.326899
34582000,1.6202,0.544831,0.005673,0.000697,0.326899
34583000,1.6202,0.544831,0.005673,0.000697,0.326899
34584000,1.6202,0.544831,0.005673,0.000697,0.326899
34585000,1.6202,0.544831,0.005673,0.000697,0.326899
34586000,1.6202,0.544831,0.005673,0.000697,0.326899
34587000,1.6202,0.544831,0.005673,0.000697,0.326899
34588000,1.6202,0.544831,0.005673,0.000697,0.326899
34589000,1.6202,0.544831,0.005673,0.000697,0.326899
34590000,1.6202,0.544831,0.005673,0.000697,0.326899
34591000,1.6202,0.544831,0.005673,0.000697,0.326899
34592000,1.6202,0.544831,0.005673,0.000697,0.326899
34593000,1.6202,0.544831,0.005673,0.000697,0.326899
34594000,1.6202,0.544831,0.005673,0.000697,0.326899
34595000,1.6202,0.544831,0.005673,0.000697,0.326899
34596000,1.6202,0.544831,0.005673,0.000697,0.326899
34597000,1.6202,0.544831,0.005673,0.000697,0.326899
34598000,1.6202,0.544831,0.005673,0.000697,0.326899
34599000,1.6202,0.544831,0.005673,0.000697,0.326899
34600000,1.6202,0.544831,0.005673,0.000697,0.326899
34601000,1.6202,0.544831,0.005673,0.000697,0.326899
34602000,1.6202,0.544831,0.005673,0.000697,0.326899
34603000,1.6202,0.544831,0.005673,0.000697,0.326899
34604000,1.6202,0.544831,0.005673,0.000697,0.326899
34605000,1.6202,0.544831,0.005673,0.000697,0.326899
34606000,1.6202,0.544831,0.005673,0.000697,0.326899
34607000,1.6202,0.544831,0.005673,0.000697,0.326899
34608000,1.6202,0.544831,0.005673,0.000697,0.326899
34609000,1.6202,0.544831,0.005673,0.000697,0.326899
34610000,1.6202,0.544831,0.005673,0.000697,0.326899
34611000,1.6202,0.544831,0.005673,0.000697,0.326899
34612000,1.6202,0.544831,0.005673,0.000697,0.326899
34613000,1.6202,0.544831,0.005673,0.000697,0.326899
34614000,1.6202,0.544831,0.005673,0.000697,0.326899
34615000,1.6202,0.544831,0.005673,0.000697,0.384152
34616000,1.6202,0.544831,0.005673,0.000697,0.326899
34617000,1.6202,0.544831,0.005673,0.000697,0.326899
34618000,1.6202,0.544831,0.005673,0.000697,0.327463
34619000,1.6202,0.544831,0.005673,0.000697,0.359430
34620000,1.6202,0.544831,0.005673,0.000697,0.326899
34621000,1.6202,0.544831,0.005673,0.000697,0.326899
34622000,1.6202,0.544831,0.005673,0.000697,0.326899
34623000,1.6202,0.544831,0.005673,0.000697,0.326899
34624000,1.6202,0.544831,0.005673,0.000697,0.326899
34625000,1.6202,0.544831,0.005673,0.000697,0.360011
34626000,1.6202,0.544831,0.005673,0.000697,0.398557
34627000,1.6202,0.544831,0.005673,0.000697,0.338549
34628000,1.6202,0.544831,0.005673,0.000697,0.333436
34629000,1.6202,0.544831,0.005673,0.000697,0.331197
34630000,1.6202,0.544831,0.005673,0.000697,0.330623
34631000,1.6202,0.544831,0.005673,0.000697,0.331454
34632000,1.6202,0.544831,0.005673,0.000697,0.329514
34633000,1.6202,0.544831,0.005673,0.000697,0.329858
34634000,1.6202,0.544831,0.005673,0.000697,0.328368
34635000,1.6202,0.544831,0.005673,0.000697,0.327710
34636000,1.6202,0.544831,0.005673,0.000697,0.328344
34637000,1.6202,0.544831,0.005673,0.000697,0.328364
34638000,1.6202,0.544831,0.005673,0.000697,0.328156
34639000,1.6202,0.544831,0.005673,0.000697,0.327710
34640000,1.6202,0.544831,0.005673,0.000697,0.327416
34641000,1.6202,0.544831,0.005673,0.000697,0.327730
34642000,1.6202,0.544831,0.005673,0.000697,0.327502
34643000,1.6202,0.544831,0.005673,0.000697,0.327087
34644000,1.6202,0.544831,0.005673,0.000697,0.327315
34645000,1.6202,0.544831,0.005673,0.000697,0.326993
34646000,1.6202,0.544831,0.005673,0.000697,0.327703
34647000,1.6202,0.544831,0.005673,0.000697,0.327542
34648000,1.6202,0.544831,0.005673,0.000697,0.326993
34649000,1.6202,0.544831,0.005673,0.000697,0.327040
34650000,1.6202,0.544831,0.005673,0.000697,0.326993
34651000,1.6202,0.544831,0.005673,0.000697,0.326993
34652000,1.6202,0.544831,0.005673,0.000697,0.327201
34653000,1.6202,0.544831,0.005673,0.000697,0.327174
34654000,1.6202,0.544831,0.005673,0.000697,0.326946
34655000,1.6202,0.544831,0.005673,0.000697,0.327040
34656000,1.6202,0.544831,0.005673,0.000697,0.326946
34657000,1.6202,0.544831,0.005673,0.000697,0.327278
34658000,1.6202,0.544831,0.005673,0.000697,0.327117
34659000,1.6202,0.544831,0.005673,0.000697,0.327278
34660000,1.6202,0.544831,0.005673,0.000697,0.326946
34661000,1.6202,0.544831,0.005673,0.000697,0.326899
34662000,1.6202,0.544831,0.005673,0.000697,0.326899
34663000,1.6202,0.544831,0.005673,0.000697,0.326946
34664000,1.6202,0.544831,0.005673,0.000697,0.326899
34665000,1.6202,0.544831,0.005673,0.000697,0.326946
34666000,1.6202,0.544831,0.005673,0.000697,0.326899
34667000,1.6202,0.544831,0.005673,0.000697,0.326899
34668000,1.6202,0.544831,0.005673,0.000697,0.389258
34669000,1.6202,0.544831,0.005673,0.000697,0.326899
34670000,1.6202,0.544831,0.005673,0.000697,0.326899
34671000,1.6202,0.544831,0.005673,0.000697,0.357984
34672000,1.6202,0.544831,0.005673,0.000697,0.330731
34673000,1.6202,0.544831,0.005673,0.000697,0.326899
34674000,1.6202,0.544831,0.005673,0.000697,0.326899
34675000,1.6202,0.544831,0.005673,0.000697,0.326899
34676000,1.6202,0.544831,0.005673,0.000697,0.326899
34677000,1.6202,0.544831,0.005673,0.000697,0.327127
34678000,1.6202,0.544831,0.005673,0.000697,0.390386
34679000,1.6202,0.544831,0.005673,0.000697,0.373716
34680000,1.6202,0.544831,0.005673,0.000697,0.336386
34681000,1.6202,0.544831,0.005673,0.000697,0.331880
34682000,1.6202,0.544831,0.005673,0.000697,0.330174
34683000,1.6202,0.544831,0.005673,0.000697,0.329732
34684000,1.6202,0.544831,0.005673,0.000697,0.329044
34685000,1.6202,0.544831,0.005673,0.000697,0.329450
34686000,1.6202,0.544831,0.005673,0.000697,0.328374
34687000,1.6202,0.544831,0.005673,0.000697,0.328210
34688000,1.6202,0.544831,0.005673,0.000697,0.327881
34689000,1.6202,0.544831,0.005673,0.000697,0.328022
34690000,1.6202,0.544831,0.005673,0.000697,0.327596
34691000,1.6202,0.544831,0.005673,0.000697,0.327834
34692000,1.6202,0.544831,0.005673,0.000697,0.327305
34693000,1.6202,0.544831,0.005673,0.000697,0.327408
34694000,1.6202,0.544831,0.005673,0.000697,0.327408
34695000,1.6202,0.544831,0.005673,0.000697,0.327315
34696000,1.6202,0.544831,0.005673,0.000697,0.327087
34697000,1.6202,0.544831,0.005673,0.000697,0.327097
34698000,1.6202,0.544831,0.005673,0.000697,0.327040
34699000,1.6202,0.544831,0.005673,0.000697,0.326993
34700000,1.6202,0.544831,0.005673,0.000697,0.327040
34701000,1.6202,0.544831,0.005673,0.000697,0.327221
34702000,1.6202,0.544831,0.005673,0.000697,0.327107
34703000,1.6202,0.544831,0.005673,0.000697,0.326993
34704000,1.6202,0.544831,0.005673,0.000697,0.327221
34705000,1.6202,0.544831,0.005673,0.000697,0.327087
34706000,1.6202,0.544831,0.005673,0.000697,0.327174
34707000,1.6202,0.544831,0.005673,0.000697,0.326993
34708000,1.6202,0.544831,0.005673,0.000697,0.327268
34709000,1.6202,0.544831,0.005673,0.000697,0.326946
34710000,1.6202,0.544831,0.005673,0.000697,0.326993
34711000,1.6202,0.544831,0.005673,0.000697,0.326946
34712000,1.6202,0.544831,0.005673,0.000697,0.327221
34713000,1.6202,0.544831,0.005673,0.000697,0.326899
34714000,1.6202,0.544831,0.005673,0.000697,0.327221
34715000,1.6202,0.544831,0.005673,0.000697,0.326899
34716000,1.6202,0.544831,0.005673,0.000697,0.326899
34717000,1.6202,0.544831,0.005673,0.000697,0.326946
34718000,1.6202,0.544831,0.005673,0.000697,0.326899
34719000,1.6202,0.544831,0.005673,0.000697,0.326899
34720000,1.6202,0.544831,0.005673,0.000697,0.326946
34721000,1.6202,0.544831,0.005673,0.000697,0.326899
34722000,1.6202,0.544831,0.005673,0.000697,0.326899
34723000,1.6202,0.544831,0.005673,0.000697,0.326946
34724000,1.6202,0.544831,0.005673,0.000697,0.326899
34725000,1.6202,0.544831,0.005673,0.000697,0.326899
34726000,1.6202,0.544831,0.005673,0.000697,0.327174
34727000,1.6202,0.544831,0.005673,0.000697,0.326899
34728000,1.6202,0.544831,0.005673,0.000697,0.326946
34729000,1.6202,0.544831,0.005673,0.000697,0.326899
34730000,1.6202,0.544831,0.005673,0.000697,0.326899
34731000,1.6202,0.544831,0.005673,0.000697,0.326946
34732000,1.6202,0.544831,0.005673,0.000697,0.326899
34733000,1.6202,0.544831,0.005673,0.000697,0.326899
34734000,1.6202,0.544831,0.005673,0.000697,0.326946
34735000,1.6202,0.544831,0.005673,0.000697,0.326899
34736000,1.6202,0.544831,0.005673,0.000697,0.327174
34737000,1.6202,0.544831,0.005673,0.000697,0.326899
34738000,1.6202,0.544831,0.005673,0.000697,0.326899
34739000,1.6202,0.544831,0.005673,0.000697,0.326946
34740000,1.6202,0.544831,0.005673,0.000697,0.326899
34741000,1.6202,0.544831,0.005673,0.000697,0.326946
34742000,1.6202,0.544831,0.005673,0.000697,0.326899
34743000,1.6202,0.544831,0.005673,0.000697,0.326899
34744000,1.6202,0.544831,0.005673,0.000697,0.326946
34745000,1.6202,0.544831,0.005673,0.000697,0.326899
34746000,1.6202,0.544831,0.005673,0.000697,0.326946
34747000,1.6202,0.544831,0.005673,0.000697,0.327127
34748000,1.6202,0.544831,0.005673,0.000697,0.326899
34749000,1.6202,0.544831,0.005673,0.000697,0.326946
34750000,1.6202,0.544831,0.005673,0.000697,0.326899
34751000,1.6202,0.544831,0.005673,0.000697,0.326899
34752000,1.6202,0.544831,0.005673,0.000697,0.326946
34753000,1.6202,0.544831,0.005673,0.000697,0.326899
34754000,1.6202,0.544831,0.005673,0.000697,0.326899
34755000,1.6202,0.544831,0.005673,0.000697,0.326899
34756000,1.6202,0.544831,0.005673,0.000697,0.326899
34757000,1.6202,0.544831,0.005673,0.000697,0.326899
34758000,1.6202,0.544831,0.005673,0.000697,0.326899
34759000,1.6202,0.544831,0.005673,0.000697,0.326899
34760000,1.6202,0.544831,0.005673,0.000697,0.326899
34761000,1.6202,0.544831,0.005673,0.000697,0.326899
34762000,1.6202,0.544831,0.005673,0.000697,0.326899
34763000,1.6202,0.544831,0.005673,0.000697,0.326899
34764000,1.6202,0.544831,0.005673,0.000697,0.326899
34765000,1.6202,0.544831,0.005673,0.000697,0.326899
34766000,1.6202,0.544831,0.005673,0.000697,0.326899
34767000,1.6202,0.544831,0.005673,0.000697,0.326899
34768000,1.6202,0.544831,0.005673,0.000697,0.326899
34769000,1.6202,0.544831,0.005673,0.000697,0.326899
34770000,1.6202,0.544831,0.005673,0.000697,0.326899
34771000,1.6202,0.544831,0.005673,0.000697,0.326899
34772000,1.6202,0.544831,0.005673,0.000697,0.326899
34773000,1.6202,0.544831,0.005673,0.000697,0.326899
34774000,1.6202,0.544831,0.005673,0.000697,0.326899
34775000,1.6202,0.544831,0.005673,0.000697,0.326899
34776000,1.6202,0.544831,0.005673,0.000697,0.326899
34777000,1.6202,0.544831,0.005673,0.000697,0.326899
34778000,1.6202,0.544831,0.005673,0.000697,0.326899
34779000,1.6202,0.544831,0.005673,0.000697,0.326899
34780000,1.6202,0.544831,0.005673,0.000697,0.326899
34781000,1.6202,0.544831,0.005673,0.000697,0.326899
34782000,1.6202,0.544831,0.005673,0.000697,0.388914
34783000,1.6202,0.544831,0.005673,0.000697,0.327174
34784000,1.6202,0.544831,0.005673,0.000697,0.326899
34785000,1.6202,0.544831,0.005673,0.000697,0.328636
34786000,1.6202,0.544831,0.005673,0.000697,0.357745
34787000,1.6202,0.544831,0.005673,0.000697,0.326899
34788000,1.6202,0.544831,0.005673,0.000697,0.326899
34789000,1.6202,0.544831,0.005673,0.000697,0.326899
34790000,1.6202,0.544831,0.005673,0.000697,0.326899
34791000,1.6202,0.544831,0.005673,0.000697,0.326899
34792000,1.6202,0.544831,0.005673,0.000697,0.372576
34793000,1.6202,0.544831,0.005673,0.000697,0.386917
34794000,1.6202,0.544831,0.005673,0.000697,0.336274
34795000,1.6202,0.544831,0.005673,0.000697,0.333147
34796000,1.6202,0.544831,0.005673,0.000697,0.330861
34797000,1.6202,0.544831,0.005673,0.000697,0.330599
34798000,1.6202,0.544831,0.005673,0.000697,0.329118
34799000,1.6202,0.544831,0.005673,0.000697,0.328012
34800000,1.6202,0.544831,0.005673,0.000697,0.328609
34801000,1.6202,0.544831,0.005673,0.000697,0.327908
34802000,1.6202,0.544831,0.005673,0.000697,0.328166
34803000,1.6202,0.544831,0.005673,0.000697,0.328022
34804000,1.6202,0.544831,0.005673,0.000697,0.327181
34805000,1.6202,0.544831,0.005673,0.000697,0.327446
34806000,1.6202,0.544831,0.005673,0.000697,0.327332
34807000,1.6202,0.544831,0.005673,0.000697,0.327522
34808000,1.6202,0.544831,0.005673,0.000697,0.327834
34809000,1.6202,0.544831,0.005673,0.000697,0.327315
34810000,1.6202,0.544831,0.005673,0.000697,0.327522
34811000,1.6202,0.544831,0.005673,0.000697,0.327134
34812000,1.6202,0.544831,0.005673,0.000697,0.327097
34813000,1.6202,0.544831,0.005673,0.000697,0.327134
34814000,1.6202,0.544831,0.005673,0.000697,0.326993
34815000,1.6202,0.544831,0.005673,0.000697,0.327097
34816000,1.6202,0.544831,0.005673,0.000697,0.326946
34817000,1.6202,0.544831,0.005673,0.000697,0.327050
34818000,1.6202,0.544831,0.005673,0.000697,0.327221
34819000,1.6202,0.544831,0.005673,0.000697,0.327164
34820000,1.6202,0.544831,0.005673,0.000697,0.327087
34821000,1.6202,0.544831,0.005673,0.000697,0.326946
34822000,1.6202,0.544831,0.005673,0.000697,0.326993
34823000,1.6202,0.544831,0.005673,0.000697,0.326993
34824000,1.6202,0.544831,0.005673,0.000697,0.326946
34825000,1.6202,0.544831,0.005673,0.000697,0.327107
34826000,1.6202,0.544831,0.005673,0.000697,0.326946
34827000,1.6202,0.544831,0.005673,0.000697,0.326899
34828000,1.6202,0.544831,0.005673,0.000697,0.327164
34829000,1.6202,0.544831,0.005673,0.000697,0.326899
34830000,1.6202,0.544831,0.005673,0.000697,0.327174
34831000,1.6202,0.544831,0.005673,0.000697,0.326946
34832000,1.6202,0.544831,0.005673,0.000697,0.326899
34833000,1.6202,0.544831,0.005673,0.000697,0.326946
34834000,1.6202,0.544831,0.005673,0.000697,0.326946
34835000,1.6202,0.544831,0.005673,0.000697,0.326899
34836000,1.6202,0.544831,0.005673,0.000697,0.326946
34837000,1.6202,0.544831,0.005673,0.000697,0.326946
34838000,1.6202,0.544831,0.005673,0.000697,0.327174
34839000,1.6202,0.544831,0.005673,0.000697,0.326946
34840000,1.6202,0.544831,0.005673,0.000697,0.326946
34841000,1.6202,0.544831,0.005673,0.000697,0.327174
34842000,1.6202,0.544831,0.005673,0.000697,0.326993
34843000,1.6202,0.544831,0.005673,0.000697,0.326899
34844000,1.6202,0.544831,0.005673,0.000697,0.326899
34845000,1.6202,0.544831,0.005673,0.000697,0.326899
34846000,1.6202,0.544831,0.005673,0.000697,0.326899
34847000,1.6202,0.544831,0.005673,0.000697,0.326899
34848000,1.6202,0.544831,0.005673,0.000697,0.326946
34849000,1.6202,0.544831,0.005673,0.000697,0.326899
34850000,1.6202,0.544831,0.005673,0.000697,0.326946
34851000,1.6202,0.544831,0.005673,0.000697,0.326899
34852000,1.6202,0.544831,0.005673,0.000697,0.326899
34853000,1.6202,0.544831,0.005673,0.000697,0.386818
34854000,1.6202,0.544831,0.005673,0.000697,0.326899
34855000,1.6202,0.544831,0.005673,0.000697,0.326899
34856000,1.6202,0.544831,0.005673,0.000697,0.336393
34857000,1.6202,0.544831,0.005673,0.000697,0.350386
34858000,1.6202,0.544831,0.005673,0.000697,0.326899
34859000,1.6202,0.544831,0.005673,0.000697,0.326899
34860000,1.6202,0.544831,0.005673,0.000697,0.326899
34861000,1.6202,0.544831,0.005673,0.000697,0.326899
34862000,1.6202,0.544831,0.005673,0.000697,0.326899
34863000,1.6202,0.544831,0.005673,0.000697,0.349242
34864000,1.6202,0.544831,0.005673,0.000697,0.406458
34865000,1.6202,0.544831,0.005673,0.000697,0.336616
34866000,1.6202,0.544831,0.005673,0.000697,0.333164
34867000,1.6202,0.544831,0.005673,0.000697,0.329356
34868000,1.6202,0.544831,0.005673,0.000697,0.329182
34869000,1.6202,0.544831,0.005673,0.000697,0.329004
34870000,1.6202,0.544831,0.005673,0.000697,0.328233
34871000,1.6202,0.544831,0.005673,0.000697,0.328183
34872000,1.6202,0.544831,0.005673,0.000697,0.328136
34873000,1.6202,0.544831,0.005673,0.000697,0.327492
34874000,1.6202,0.544831,0.005673,0.000697,0.327418
34875000,1.6202,0.544831,0.005673,0.000697,0.327228
34876000,1.6202,0.544831,0.005673,0.000697,0.327589
34877000,1.6202,0.544831,0.005673,0.000697,0.327352
34878000,1.6202,0.544831,0.005673,0.000697,0.327362
34879000,1.6202,0.544831,0.005673,0.000697,0.327911
34880000,1.6202,0.544831,0.005673,0.000697,0.327268
34881000,1.6202,0.544831,0.005673,0.000697,0.327371
34882000,1.6202,0.544831,0.005673,0.000697,0.327362
34883000,1.6202,0.544831,0.005673,0.000697,0.326993
34884000,1.6202,0.544831,0.005673,0.000697,0.326993
34885000,1.6202,0.544831,0.005673,0.000697,0.327221
34886000,1.6202,0.544831,0.005673,0.000697,0.326946
34887000,1.6202,0.544831,0.005673,0.000697,0.327144
34888000,1.6202,0.544831,0.005673,0.000697,0.327221
34889000,1.6202,0.544831,0.005673,0.000697,0.327221
34890000,1.6202,0.544831,0.005673,0.000697,0.326993
34891000,1.6202,0.544831,0.005673,0.000697,0.327268
34892000,1.6202,0.544831,0.005673,0.000697,0.326993
34893000,1.6202,0.544831,0.005673,0.000697,0.326946
34894000,1.6202,0.544831,0.005673,0.000697,0.326946
34895000,1.6202,0.544831,0.005673,0.000697,0.326993
34896000,1.6202,0.544831,0.005673,0.000697,0.326899
34897000,1.6202,0.544831,0.005673,0.000697,0.326946
34898000,1.6202,0.544831,0.005673,0.000697,0.326899
34899000,1.6202,0.544831,0.005673,0.000697,0.326899
34900000,1.6202,0.544831,0.005673,0.000697,0.326946
34901000,1.6202,0.544831,0.005673,0.000697,0.326899
34902000,1.6202,0.544831,0.005673,0.000697,0.327174
34903000,1.6202,0.544831,0.005673,0.000697,0.326899
34904000,1.6202,0.544831,0.005673,0.000697,0.326899
34905000,1.6202,0.544831,0.005673,0.000697,0.326946
34906000,1.6202,0.544831,0.005673,0.000697,0.326899
34907000,1.6202,0.544831,0.005673,0.000697,0.326946
34908000,1.6202,0.544831,0.005673,0.000697,0.326899
34909000,1.6202,0.544831,0.005673,0.000697,0.327060
34910000,1.6202,0.544831,0.005673,0.000697,0.326899
34911000,1.6202,0.544831,0.005673,0.000697,0.326899
34912000,1.6202,0.544831,0.005673,0.000697,0.326946
34913000,1.6202,0.544831,0.005673,0.000697,0.326899
34914000,1.6202,0.544831,0.005673,0.000697,0.326946
34915000,1.6202,0.544831,0.005673,0.000697,0.326899
34916000,1.6202,0.544831,0.005673,0.000697,0.326899
34917000,1.6202,0.544831,0.005673,0.000697,0.326946
34918000,1.6202,0.544831,0.005673,0.000697,0.326899
34919000,1.6202,0.544831,0.005673,0.000697,0.326946
34920000,1.6202,0.544831,0.005673,0.000697,0.326899
34921000,1.6202,0.544831,0.005673,0.000697,0.326899
34922000,1.6202,0.544831,0.005673,0.000697,0.326946
34923000,1.6202,0.544831,0.005673,0.000697,0.326899
34924000,1.6202,0.544831,0.005673,0.000697,0.326946
34925000,1.6202,0.544831,0.005673,0.000697,0.326899
34926000,1.6202,0.544831,0.005673,0.000697,0.326899
34927000,1.6202,0.544831,0.005673,0.000697,0.326946
34928000,1.6202,0.544831,0.005673,0.000697,0.326899
34929000,1.6202,0.544831,0.005673,0.000697,0.327174
34930000,1.6202,0.544831,0.005673,0.000697,0.326899
34931000,1.6202,0.544831,0.005673,0.000697,0.326899
34932000,1.6202,0.544831,0.005673,0.000697,0.326946
34933000,1.6202,0.544831,0.005673,0.000697,0.326899
34934000,1.6202,0.544831,0.005673,0.000697,0.326946
34935000,1.6202,0.544831,0.005673,0.000697,0.326899
34936000,1.6202,0.544831,0.005673,0.000697,0.326899
34937000,1.6202,0.544831,0.005673,0.000697,0.326946
34938000,1.6202,0.544831,0.005673,0.000697,0.326899
34939000,1.6202,0.544831,0.005673,0.000697,0.327174
34940000,1.6202,0.544831,0.005673,0.000697,0.326899
34941000,1.6202,0.544831,0.005673,0.000697,0.326899
34942000,1.6202,0.544831,0.005673,0.000697,0.326946
34943000,1.6202,0.544831,0.005673,0.000697,0.326899
34944000,1.6202,0.544831,0.005673,0.000697,0.326946
34945000,1.6202,0.544831,0.005673,0.000697,0.326899
34946000,1.6202,0.544831,0.005673,0.000697,0.326899
34947000,1.6202,0.544831,0.005673,0.000697,0.326946
34948000,1.6202,0.544831,0.005673,0.000697,0.326899
34949000,1.6202,0.544831,0.005673,0.000697,0.326899
34950000,1.6202,0.544831,0.005673,0.000697,0.326946
34951000,1.6202,0.544831,0.005673,0.000697,0.326899
34952000,1.6202,0.544831,0.005673,0.000697,0.326946
34953000,1.6202,0.544831,0.005673,0.000697,0.326899
34954000,1.6202,0.544831,0.005673,0.000697,0.326899
34955000,1.6202,0.544831,0.005673,0.000697,0.326946
34956000,1.6202,0.544831,0.005673,0.000697,0.326899
34957000,1.6202,0.544831,0.005673,0.000697,0.326946
34958000,1.6202,0.544831,0.005673,0.000697,0.326899
34959000,1.6202,0.544831,0.005673,0.000697,0.326899
34960000,1.6202,0.544831,0.005673,0.000697,0.327174
34961000,1.6202,0.544831,0.005673,0.000697,0.326899
34962000,1.6202,0.544831,0.005673,0.000697,0.326946
34963000,1.6202,0.544831,0.005673,0.000697,0.326899
34964000,1.6202,0.544831,0.005673,0.000697,0.326899
34965000,1.6202,0.544831,0.005673,0.000697,0.326946
34966000,1.6202,0.544831,0.005673,0.000697,0.326899
34967000,1.6202,0.544831,0.005673,0.000697,0.326946
34968000,1.6202,0.544831,0.005673,0.000697,0.326899
34969000,1.6202,0.544831,0.005673,0.000697,0.326899
34970000,1.6202,0.544831,0.005673,0.000697,0.326946
34971000,1.6202,0.544831,0.005673,0.000697,0.326899
34972000,1.6202,0.544831,0.005673,0.000697,0.326946
34973000,1.6202,0.544831,0.005673,0.000697,0.326899
34974000,1.6202,0.544831,0.005673,0.000697,0.326899
34975000,1.6202,0.544831,0.005673,0.000697,0.326946
34976000,1.6202,0.544831,0.005673,0.000697,0.326899
34977000,1.6202,0.544831,0.005673,0.000697,0.326946
34978000,1.6202,0.544831,0.005673,0.000697,0.326899
34979000,1.6202,0.544831,0.005673,0.000697,0.326899
34980000,1.6202,0.544831,0.005673,0.000697,0.386225
34981000,1.6202,0.544831,0.005673,0.000697,0.326899
34982000,1.6202,0.544831,0.005673,0.000697,0.326899
34983000,1.6202,0.544831,0.005673,0.000697,0.356597
34984000,1.6202,0.544831,0.005673,0.000697,0.330352
34985000,1.6202,0.544831,0.005673,0.000697,0.326899
34986000,1.6202,0.544831,0.005673,0.000697,0.326899
34987000,1.6202,0.544831,0.005673,0.000697,0.326899
34988000,1.6202,0.544831,0.005673,0.000697,0.326899
34989000,1.6202,0.544831,0.005673,0.000697,0.329058
34990000,1.6202,0.544831,0.005673,0.000697,0.397556
34991000,1.6202,0.544831,0.005673,0.000697,0.358173
34992000,1.6202,0.544831,0.005673,0.000697,0.334849
34993000,1.6202,0.544831,0.005673,0.000697,0.331639
34994000,1.6202,0.544831,0.005673,0.000697,0.329923
34995000,1.6202,0.544831,0.005673,0.000697,0.329695
34996000,1.6202,0.544831,0.005673,0.000697,0.328160
34997000,1.6202,0.544831,0.005673,0.000697,0.329101
34998000,1.6202,0.544831,0.005673,0.000697,0.329081
34999000,1.6202,0.544831,0.005673,0.000697,0.327613
