cycle,pc,cta_id,cluster_id,warp_id,tid
5005,0,19,19,1,ffffffff
5006,0,19,19,2,ffffffff
5007,0,19,19,3,ffffffff
5008,0,19,19,6,ffffffff
5009,0,19,19,7,ffffffff
5010,0,19,19,4,ffffffff
5011,0,19,19,5,ffffffff
5012,0,49,19,8,ffffffff
5013,0,49,19,9,ffffffff
5014,0,49,19,10,ffffffff
5015,0,49,19,15,ffffffff
5016,0,79,19,17,ffffffff
5017,0,79,19,18,ffffffff
5018,0,79,19,19,ffffffff
5019,0,79,19,16,ffffffff
5020,0,79,19,21,ffffffff
5021,0,79,19,22,ffffffff
5022,0,79,19,23,ffffffff
5023,0,79,19,20,ffffffff
5024,0,109,19,25,ffffffff
5025,0,109,19,26,ffffffff
5026,0,109,19,27,ffffffff
5027,0,109,19,24,ffffffff
5028,0,109,19,29,ffffffff
5029,0,109,19,30,ffffffff
5030,0,109,19,31,ffffffff
5031,0,109,19,28,ffffffff
5032,8,19,19,1,ffffffff
5033,8,19,19,2,ffffffff
5034,8,19,19,3,ffffffff
5035,0,19,19,0,ffffffff
5036,8,19,19,5,ffffffff
5037,8,19,19,6,ffffffff
5038,8,19,19,7,ffffffff
5039,8,19,19,4,ffffffff
5040,8,49,19,9,ffffffff
5041,8,49,19,10,ffffffff
5042,8,49,19,11,ffffffff
5043,8,49,19,8,ffffffff
5044,8,49,19,13,ffffffff
5045,8,49,19,14,ffffffff
5046,8,49,19,15,ffffffff
5047,8,49,19,12,ffffffff
5048,8,79,19,17,ffffffff
5049,8,79,19,18,ffffffff
5050,8,79,19,19,ffffffff
5051,8,79,19,16,ffffffff
5052,8,79,19,21,ffffffff
5053,8,79,19,22,ffffffff
5054,8,79,19,23,ffffffff
5055,8,79,19,20,ffffffff
5056,8,109,19,25,ffffffff
5057,8,109,19,26,ffffffff
5058,8,109,19,27,ffffffff
5059,8,109,19,24,ffffffff
5060,8,109,19,29,ffffffff
5061,8,109,19,30,ffffffff
5062,8,109,19,31,ffffffff
5063,8,109,19,28,ffffffff
5064,10,19,19,1,ffffffff
5065,10,19,19,2,ffffffff
5066,10,19,19,3,ffffffff
5067,8,19,19,0,ffffffff
5068,10,19,19,5,ffffffff
5069,10,19,19,6,ffffffff
5070,10,19,19,7,ffffffff
5071,10,19,19,4,ffffffff
5072,10,49,19,9,ffffffff
5073,10,49,19,10,ffffffff
5074,10,49,19,11,ffffffff
5075,10,49,19,8,ffffffff
5076,10,49,19,13,ffffffff
5077,10,49,19,14,ffffffff
5078,10,49,19,15,ffffffff
5079,10,49,19,12,ffffffff
5080,10,79,19,17,ffffffff
5081,10,79,19,18,ffffffff
5082,10,79,19,19,ffffffff
5083,10,79,19,16,ffffffff
5084,10,79,19,21,ffffffff
5085,10,79,19,22,ffffffff
5086,10,79,19,23,ffffffff
5087,10,79,19,20,ffffffff
5088,10,109,19,25,ffffffff
5089,10,109,19,26,ffffffff
5090,10,109,19,27,ffffffff
5091,10,109,19,24,ffffffff
5092,10,109,19,29,ffffffff
5093,10,109,19,30,ffffffff
5094,10,109,19,31,ffffffff
5095,10,109,19,28,ffffffff
5096,18,19,19,1,ffffffff
5097,18,19,19,2,ffffffff
5098,18,19,19,3,ffffffff
5099,10,19,19,0,ffffffff
5100,18,19,19,5,ffffffff
5101,18,19,19,6,ffffffff
5102,18,19,19,7,ffffffff
5103,18,19,19,4,ffffffff
5104,18,49,19,9,ffffffff
5105,18,49,19,10,ffffffff
5106,18,49,19,11,ffffffff
5107,18,49,19,8,ffffffff
5108,18,49,19,13,ffffffff
5109,18,49,19,14,ffffffff
5110,18,49,19,15,ffffffff
5111,18,49,19,12,ffffffff
5112,18,79,19,17,ffffffff
5113,18,79,19,18,ffffffff
5114,18,79,19,19,ffffffff
5115,18,79,19,16,ffffffff
5116,18,79,19,21,ffffffff
5117,18,79,19,22,ffffffff
5118,18,79,19,23,ffffffff
5119,18,79,19,20,ffffffff
5120,18,109,19,25,ffffffff
5121,18,109,19,26,ffffffff
5122,18,109,19,27,ffffffff
5123,20,19,19,1,ffffffff
5123,18,109,19,24,ffffffff
5124,20,19,19,2,ffffffff
5124,18,109,19,29,ffffffff
5125,20,19,19,3,ffffffff
5125,0,49,19,13,ffffffff
5126,18,109,19,30,ffffffff
5127,0,49,19,14,ffffffff
5128,18,109,19,31,ffffffff
5129,0,49,19,11,ffffffff
5130,18,109,19,28,ffffffff
5131,18,19,19,0,ffffffff
5132,0,49,19,12,ffffffff
5133,20,19,19,4,ffffffff
5133,28,19,19,1,ffffffff
5133,28,19,19,2,ffffffff
5133,28,19,19,3,ffffffff
5134,28,19,19,4,ffffffff
5134,20,19,19,5,ffffffff
5134,20,19,19,6,ffffffff
5134,20,19,19,7,ffffffff
5135,20,49,19,9,ffffffff
5135,20,49,19,10,ffffffff
5135,20,49,19,11,ffffffff
5135,20,49,19,8,ffffffff
5136,20,49,19,14,ffffffff
5136,20,49,19,15,ffffffff
5136,20,49,19,12,ffffffff
5136,20,49,19,13,ffffffff
5137,20,79,19,19,ffffffff
5137,20,79,19,16,ffffffff
5137,20,79,19,17,ffffffff
5137,20,79,19,18,ffffffff
5138,20,79,19,20,ffffffff
5138,20,79,19,21,ffffffff
5138,20,79,19,22,ffffffff
5138,20,79,19,23,ffffffff
5139,20,109,19,25,ffffffff
5139,20,109,19,26,ffffffff
5139,20,109,19,27,ffffffff
5139,20,109,19,24,ffffffff
5140,20,109,19,30,ffffffff
5140,20,109,19,31,ffffffff
5140,20,109,19,28,ffffffff
5140,20,109,19,29,ffffffff
5141,30,19,19,3,ffffffff
5141,20,19,19,0,ffffffff
5141,30,19,19,1,ffffffff
5141,30,19,19,2,ffffffff
5142,30,19,19,4,ffffffff
5142,28,19,19,5,ffffffff
5142,28,19,19,6,ffffffff
5142,28,19,19,7,ffffffff
5143,28,49,19,9,ffffffff
5143,28,49,19,10,ffffffff
5143,28,49,19,11,ffffffff
5143,28,49,19,8,ffffffff
5144,28,49,19,14,ffffffff
5144,28,49,19,15,ffffffff
5144,28,49,19,12,ffffffff
5144,28,49,19,13,ffffffff
5145,28,79,19,19,ffffffff
5145,28,79,19,16,ffffffff
5145,28,79,19,17,ffffffff
5145,28,79,19,18,ffffffff
5146,28,79,19,20,ffffffff
5146,28,79,19,21,ffffffff
5146,28,79,19,22,ffffffff
5146,28,79,19,23,ffffffff
5147,28,109,19,25,ffffffff
5147,28,109,19,26,ffffffff
5147,28,109,19,27,ffffffff
5147,28,109,19,24,ffffffff
5148,28,109,19,30,ffffffff
5148,28,109,19,31,ffffffff
5148,28,109,19,28,ffffffff
5148,28,109,19,29,ffffffff
5149,28,19,19,0,ffffffff
5152,30,19,19,5,ffffffff
5152,30,19,19,6,ffffffff
5152,30,19,19,7,ffffffff
5153,38,19,19,3,ffffffff
5153,38,19,19,1,ffffffff
5153,38,19,19,2,ffffffff
5153,30,49,19,8,ffffffff
5154,38,19,19,4,ffffffff
5154,30,49,19,9,ffffffff
5154,30,49,19,10,ffffffff
5154,30,49,19,11,ffffffff
5155,30,49,19,12,ffffffff
5155,30,79,19,19,ffffffff
5155,30,79,19,17,ffffffff
5155,30,79,19,18,ffffffff
5156,30,79,19,20,ffffffff
5156,30,79,19,21,ffffffff
5156,30,79,19,22,ffffffff
5156,30,79,19,23,ffffffff
5157,30,109,19,24,ffffffff
5157,30,109,19,26,ffffffff
5157,30,109,19,27,ffffffff
5157,30,109,19,25,ffffffff
5158,30,109,19,31,ffffffff
5158,30,109,19,28,ffffffff
5158,30,109,19,29,ffffffff
5158,30,109,19,30,ffffffff
5159,30,19,19,0,ffffffff
5159,40,19,19,1,ffffffff
5159,40,19,19,2,ffffffff
5159,40,19,19,3,ffffffff
5160,30,49,19,14,ffffffff
5160,30,49,19,15,ffffffff
5160,30,49,19,13,ffffffff
5160,40,19,19,4,ffffffff
5161,30,79,19,16,ffffffff
5164,38,19,19,5,ffffffff
5164,38,19,19,6,ffffffff
5164,38,19,19,7,ffffffff
5165,38,49,19,8,ffffffff
5166,38,49,19,10,ffffffff
5166,38,49,19,11,ffffffff
5166,38,49,19,9,ffffffff
5167,38,49,19,12,ffffffff
5168,38,79,19,19,ffffffff
5168,38,79,19,17,ffffffff
5168,38,79,19,18,ffffffff
5169,38,79,19,20,ffffffff
5170,38,79,19,21,ffffffff
5170,38,79,19,22,ffffffff
5170,38,79,19,23,ffffffff
5171,38,109,19,24,ffffffff
5172,38,109,19,26,ffffffff
5172,38,109,19,27,ffffffff
5172,38,109,19,25,ffffffff
5173,38,109,19,28,ffffffff
5173,40,19,19,7,ffffffff
5173,40,19,19,5,ffffffff
5173,40,19,19,6,ffffffff
5174,40,49,19,9,ffffffff
5174,40,49,19,10,ffffffff
5174,40,49,19,11,ffffffff
5174,40,49,19,8,ffffffff
5175,40,49,19,12,ffffffff
5178,38,109,19,29,ffffffff
5178,38,109,19,30,ffffffff
5178,38,109,19,31,ffffffff
5179,38,19,19,0,ffffffff
5179,40,79,19,22,ffffffff
5179,40,79,19,23,ffffffff
5179,40,79,19,21,ffffffff
5180,38,49,19,15,ffffffff
5180,38,49,19,13,ffffffff
5180,38,49,19,14,ffffffff
5180,40,109,19,24,ffffffff
5181,38,79,19,16,ffffffff
5181,40,109,19,27,ffffffff
5181,40,109,19,25,ffffffff
5181,40,109,19,26,ffffffff
5182,50,19,19,1,ffffffff
5182,50,19,19,2,ffffffff
5182,50,19,19,3,ffffffff
5182,40,109,19,28,ffffffff
5183,50,19,19,4,ffffffff
5186,40,109,19,31,ffffffff
5186,40,109,19,29,ffffffff
5186,40,109,19,30,ffffffff
5187,40,19,19,0,ffffffff
5189,50,19,19,5,ffffffff
5189,50,19,19,6,ffffffff
5189,50,19,19,7,ffffffff
5190,58,19,19,1,ffffffff
5190,58,19,19,2,ffffffff
5190,58,19,19,3,ffffffff
5190,50,49,19,8,ffffffff
5191,58,19,19,4,ffffffff
5191,50,49,19,10,ffffffff
5191,50,49,19,11,ffffffff
5191,50,49,19,9,ffffffff
5192,40,49,19,15,ffffffff
5192,50,49,19,12,ffffffff
5192,40,49,19,13,ffffffff
5192,40,49,19,14,ffffffff
5193,50,79,19,21,ffffffff
5193,50,79,19,22,ffffffff
5193,50,79,19,23,ffffffff
5193,40,79,19,16,ffffffff
5194,50,109,19,24,ffffffff
5199,60,19,19,1,ffffffff
5199,60,19,19,2,ffffffff
5199,60,19,19,3,ffffffff
5200,60,19,19,4,ffffffff
5201,58,19,19,6,ffffffff
5201,58,19,19,7,ffffffff
5201,58,19,19,5,ffffffff
5202,58,49,19,8,ffffffff
5203,58,49,19,11,ffffffff
5203,58,49,19,9,ffffffff
5203,58,49,19,10,ffffffff
5204,58,49,19,12,ffffffff
5205,50,109,19,25,ffffffff
5205,50,109,19,26,ffffffff
5205,50,109,19,27,ffffffff
5206,58,79,19,22,ffffffff
5206,58,79,19,23,ffffffff
5206,58,79,19,21,ffffffff
5206,50,109,19,28,ffffffff
5207,58,109,19,24,ffffffff
5207,50,109,19,30,ffffffff
5207,50,109,19,31,ffffffff
5207,50,109,19,29,ffffffff
5208,68,19,19,3,ffffffff
5208,50,19,19,0,ffffffff
5208,68,19,19,1,ffffffff
5208,68,19,19,2,ffffffff
5209,68,19,19,4,ffffffff
5212,60,19,19,5,ffffffff
5212,60,19,19,6,ffffffff
5212,60,19,19,7,ffffffff
5213,60,49,19,8,ffffffff
5213,50,49,19,13,ffffffff
5213,50,49,19,14,ffffffff
5213,50,49,19,15,ffffffff
5214,60,49,19,11,ffffffff
5214,60,49,19,9,ffffffff
5214,60,49,19,10,ffffffff
5214,50,79,19,16,ffffffff
5215,60,49,19,12,ffffffff
5217,60,79,19,21,ffffffff
5217,60,79,19,22,ffffffff
5217,60,79,19,23,ffffffff
5218,60,109,19,24,ffffffff
5219,58,109,19,27,ffffffff
5219,58,109,19,25,ffffffff
5219,58,109,19,26,ffffffff
5220,58,109,19,28,ffffffff
5221,58,109,19,29,ffffffff
5221,58,109,19,30,ffffffff
5221,58,109,19,31,ffffffff
5222,58,19,19,0,ffffffff
5222,68,19,19,5,ffffffff
5222,68,19,19,6,ffffffff
5222,68,19,19,7,ffffffff
5223,70,19,19,2,ffffffff
5223,70,19,19,3,ffffffff
5223,70,19,19,1,ffffffff
5223,68,49,19,8,ffffffff
5224,70,19,19,4,ffffffff
5224,68,49,19,10,ffffffff
5224,68,49,19,11,ffffffff
5224,68,49,19,9,ffffffff
5225,68,49,19,12,ffffffff
5227,68,79,19,22,ffffffff
5227,68,79,19,23,ffffffff
5227,68,79,19,21,ffffffff
5228,58,49,19,13,ffffffff
5228,58,49,19,14,ffffffff
5228,58,49,19,15,ffffffff
5228,68,109,19,24,ffffffff
5229,58,79,19,16,ffffffff
5230,40,79,19,18,ffffffff
5230,40,79,19,19,ffffffff
5230,40,79,19,20,ffffffff
5231,60,109,19,25,ffffffff
5231,60,109,19,26,ffffffff
5231,60,109,19,27,ffffffff
5232,40,79,19,17,ffffffff
5233,60,109,19,29,ffffffff
5234,60,109,19,30,ffffffff
5234,60,109,19,31,ffffffff
5234,60,109,19,28,ffffffff
5235,68,109,19,28,ffffffff
5236,70,19,19,5,ffffffff
5236,70,49,19,8,ffffffff
5236,70,19,19,6,ffffffff
5236,70,19,19,7,ffffffff
5237,68,109,19,27,ffffffff
5237,68,109,19,26,ffffffff
5238,70,49,19,9,ffffffff
5238,70,49,19,10,ffffffff
5238,70,49,19,11,ffffffff
5239,60,19,19,0,ffffffff
5239,68,109,19,29,ffffffff
5239,68,109,19,30,ffffffff
5239,68,109,19,31,ffffffff
5240,70,79,19,21,ffffffff
5241,60,79,19,16,ffffffff
5243,60,49,19,15,ffffffff
5243,60,49,19,13,ffffffff
5243,60,49,19,14,ffffffff
5244,70,49,19,12,ffffffff
5244,68,49,19,13,ffffffff
5244,68,49,19,14,ffffffff
5244,68,49,19,15,ffffffff
5245,68,19,19,0,ffffffff
5245,50,79,19,17,ffffffff
5245,50,79,19,18,ffffffff
5245,50,79,19,19,ffffffff
5246,68,109,19,25,ffffffff
5246,70,109,19,24,ffffffff
5248,68,79,19,16,ffffffff
5249,70,79,19,22,ffffffff
5249,70,79,19,23,ffffffff
5249,70,109,19,28,ffffffff
5250,70,109,19,29,ffffffff
5250,50,79,19,20,ffffffff
5251,70,109,19,26,ffffffff
5251,70,109,19,27,ffffffff
5252,58,79,19,17,ffffffff
5253,58,79,19,18,ffffffff
5253,58,79,19,19,ffffffff
5254,58,79,19,20,ffffffff
5254,70,49,19,13,ffffffff
5255,70,49,19,15,ffffffff
5255,70,49,19,14,ffffffff
5256,70,19,19,0,ffffffff
5256,70,109,19,25,ffffffff
5257,70,109,19,30,ffffffff
5257,70,109,19,31,ffffffff
5258,70,79,19,16,ffffffff
5260,68,79,19,17,ffffffff
5261,60,79,19,17,ffffffff
5261,68,79,19,18,ffffffff
5261,68,79,19,19,ffffffff
5262,60,79,19,18,ffffffff
5262,60,79,19,19,ffffffff
5262,68,79,19,20,ffffffff
5263,60,79,19,20,ffffffff
5269,70,79,19,17,ffffffff
5270,70,79,19,18,ffffffff
5270,70,79,19,19,ffffffff
5271,70,79,19,20,ffffffff
5683,78,19,19,2,ffffffff
5689,80,19,19,2,ffffffff
5716,78,19,19,3,ffffffff
5722,80,19,19,3,ffffffff
5725,78,19,19,1,ffffffff
5731,80,19,19,1,ffffffff
5763,78,19,19,4,ffffffff
5769,80,19,19,4,ffffffff
5795,78,19,19,7,ffffffff
5801,80,19,19,7,ffffffff
5833,78,19,19,5,ffffffff
5839,80,19,19,5,ffffffff
5879,78,19,19,6,ffffffff
5885,80,19,19,6,ffffffff
5950,88,19,19,2,ffffffff
5957,98,19,19,2,ffffffff
5966,a0,19,19,2,ffffffff
5990,88,19,19,3,ffffffff
5994,90,19,19,2,ffffffff
5997,98,19,19,3,ffffffff
5998,a8,19,19,2,ffffffff
6000,b0,19,19,2,ffffffff
6002,88,19,19,1,ffffffff
6006,a0,19,19,3,ffffffff
6009,98,19,19,1,ffffffff
6017,78,49,19,11,ffffffff
6018,a0,19,19,1,ffffffff
6023,80,49,19,11,ffffffff
6023,78,49,19,10,ffffffff
6028,88,19,19,4,ffffffff
6029,80,49,19,10,ffffffff
6034,90,19,19,3,ffffffff
6035,98,19,19,4,ffffffff
6036,78,49,19,12,ffffffff
6038,a8,19,19,3,ffffffff
6040,b0,19,19,3,ffffffff
6043,80,49,19,12,ffffffff
6044,a0,19,19,4,ffffffff
6046,90,19,19,1,ffffffff
6047,78,49,19,8,ffffffff
6050,a8,19,19,1,ffffffff
6051,78,79,19,22,ffffffff
6052,b0,19,19,1,ffffffff
6053,80,49,19,8,ffffffff
6053,78,79,19,21,ffffffff
6057,80,79,19,22,ffffffff
6059,80,79,19,21,ffffffff
6063,88,19,19,7,ffffffff
6070,98,19,19,7,ffffffff
6072,90,19,19,4,ffffffff
6072,78,79,19,18,ffffffff
6076,a8,19,19,4,ffffffff
6078,80,79,19,18,ffffffff
6078,b0,19,19,4,ffffffff
6079,a0,19,19,7,ffffffff
6083,78,49,19,9,ffffffff
6086,78,79,19,19,ffffffff
6087,78,49,19,14,ffffffff
6088,78,79,19,23,ffffffff
6089,80,49,19,9,ffffffff
6090,78,49,19,13,ffffffff
6092,80,79,19,19,ffffffff
6093,80,49,19,14,ffffffff
6094,80,79,19,23,ffffffff
6095,88,19,19,5,ffffffff
6096,80,49,19,13,ffffffff
6097,78,19,19,0,ffffffff
6102,98,19,19,5,ffffffff
6103,80,19,19,0,ffffffff
6105,78,79,19,20,ffffffff
6107,90,19,19,7,ffffffff
6107,78,49,19,15,ffffffff
6111,a0,19,19,5,ffffffff
6111,80,79,19,20,ffffffff
6111,a8,19,19,7,ffffffff
6114,80,49,19,15,ffffffff
6115,b0,19,19,7,ffffffff
6123,78,79,19,16,ffffffff
6129,80,79,19,16,ffffffff
6133,78,79,19,17,ffffffff
6137,88,19,19,6,ffffffff
6139,90,19,19,5,ffffffff
6139,80,79,19,17,ffffffff
6143,a8,19,19,5,ffffffff
6144,98,19,19,6,ffffffff
6145,b0,19,19,5,ffffffff
6153,a0,19,19,6,ffffffff
6165,78,109,19,27,ffffffff
6166,78,109,19,26,ffffffff
6171,80,109,19,27,ffffffff
6172,80,109,19,26,ffffffff
6177,78,109,19,28,ffffffff
6181,90,19,19,6,ffffffff
6183,80,109,19,28,ffffffff
6185,a8,19,19,6,ffffffff
6187,b0,19,19,6,ffffffff
6196,78,109,19,24,ffffffff
6197,78,109,19,29,ffffffff
6198,78,109,19,30,ffffffff
6202,80,109,19,24,ffffffff
6203,80,109,19,29,ffffffff
6204,80,109,19,30,ffffffff
6228,78,109,19,31,ffffffff
6229,78,109,19,25,ffffffff
6234,80,109,19,31,ffffffff
6235,80,109,19,25,ffffffff
6268,88,49,19,11,ffffffff
6275,98,49,19,11,ffffffff
6279,88,49,19,10,ffffffff
6284,a0,49,19,11,ffffffff
6286,98,49,19,10,ffffffff
6295,a0,49,19,10,ffffffff
6298,88,49,19,12,ffffffff
6305,98,49,19,12,ffffffff
6312,90,49,19,11,ffffffff
6314,a0,49,19,12,ffffffff
6316,a8,49,19,11,ffffffff
6318,b0,49,19,11,ffffffff
6323,90,49,19,10,ffffffff
6327,a8,49,19,10,ffffffff
6329,b0,49,19,10,ffffffff
6333,88,49,19,8,ffffffff
6336,88,79,19,22,ffffffff
6340,98,49,19,8,ffffffff
6342,90,49,19,12,ffffffff
6343,98,79,19,22,ffffffff
6346,a8,49,19,12,ffffffff
6347,88,79,19,21,ffffffff
6349,b0,49,19,12,ffffffff
6350,a0,49,19,8,ffffffff
6352,a0,79,19,22,ffffffff
6354,98,79,19,21,ffffffff
6363,a0,79,19,21,ffffffff
6375,88,79,19,18,ffffffff
6377,90,49,19,8,ffffffff
6380,90,79,19,22,ffffffff
6381,88,49,19,9,ffffffff
6381,a8,49,19,8,ffffffff
6382,98,79,19,18,ffffffff
6383,b0,49,19,8,ffffffff
6383,88,79,19,19,ffffffff
6384,a8,79,19,22,ffffffff
6386,b0,79,19,22,ffffffff
6387,88,49,19,14,ffffffff
6388,98,49,19,9,ffffffff
6390,98,79,19,19,ffffffff
6391,90,79,19,21,ffffffff
6391,a0,79,19,18,ffffffff
6394,98,49,19,14,ffffffff
6395,a8,79,19,21,ffffffff
6397,a0,49,19,9,ffffffff
6397,88,79,19,23,ffffffff
6398,b0,79,19,21,ffffffff
6399,a0,79,19,19,ffffffff
6402,88,49,19,13,ffffffff
6403,a0,49,19,14,ffffffff
6404,98,79,19,23,ffffffff
6409,98,49,19,13,ffffffff
6413,a0,79,19,23,ffffffff
6418,a0,49,19,13,ffffffff
6418,88,19,19,0,ffffffff
6419,90,79,19,18,ffffffff
6423,a8,79,19,18,ffffffff
6424,88,79,19,20,ffffffff
6425,90,49,19,9,ffffffff
6425,98,19,19,0,ffffffff
6425,b0,79,19,18,ffffffff
6427,90,79,19,19,ffffffff
6429,a8,49,19,9,ffffffff
6431,90,49,19,14,ffffffff
6431,b0,49,19,9,ffffffff
6431,a8,79,19,19,ffffffff
6433,98,79,19,20,ffffffff
6433,b0,79,19,19,ffffffff
6434,a0,19,19,0,ffffffff
6435,a8,49,19,14,ffffffff
6437,b0,49,19,14,ffffffff
6441,90,79,19,23,ffffffff
6442,a0,79,19,20,ffffffff
6445,a8,79,19,23,ffffffff
6446,90,49,19,13,ffffffff
6447,b0,79,19,23,ffffffff
6447,88,49,19,15,ffffffff
6450,a8,49,19,13,ffffffff
6452,b0,49,19,13,ffffffff
6454,98,49,19,15,ffffffff
6461,88,79,19,16,ffffffff
6462,90,19,19,0,ffffffff
6463,a0,49,19,15,ffffffff
6466,a8,19,19,0,ffffffff
6468,90,79,19,20,ffffffff
6469,98,79,19,16,ffffffff
6470,b0,19,19,0,ffffffff
6472,a8,79,19,20,ffffffff
6477,b0,79,19,20,ffffffff
6478,a0,79,19,16,ffffffff
6481,88,79,19,17,ffffffff
6488,98,79,19,17,ffffffff
6491,90,49,19,15,ffffffff
6495,a8,49,19,15,ffffffff
6497,a0,79,19,17,ffffffff
6497,b0,49,19,15,ffffffff
6501,88,109,19,27,ffffffff
6505,90,79,19,16,ffffffff
6508,98,109,19,27,ffffffff
6509,a8,79,19,16,ffffffff
6511,b0,79,19,16,ffffffff
6517,a0,109,19,27,ffffffff
6525,90,79,19,17,ffffffff
6526,88,109,19,26,ffffffff
6529,a8,79,19,17,ffffffff
6531,b0,79,19,17,ffffffff
6533,98,109,19,26,ffffffff
6535,88,109,19,28,ffffffff
6542,a0,109,19,26,ffffffff
6542,98,109,19,28,ffffffff
6545,90,109,19,27,ffffffff
6549,a8,109,19,27,ffffffff
6550,88,109,19,24,ffffffff
6551,a0,109,19,28,ffffffff
6551,b0,109,19,27,ffffffff
6556,88,109,19,29,ffffffff
6557,98,109,19,24,ffffffff
6563,98,109,19,29,ffffffff
6566,a0,109,19,24,ffffffff
6570,90,109,19,26,ffffffff
6572,a0,109,19,29,ffffffff
6572,88,109,19,30,ffffffff
6574,a8,109,19,26,ffffffff
6576,b0,109,19,26,ffffffff
6579,90,109,19,28,ffffffff
6579,98,109,19,30,ffffffff
6579,88,109,19,31,ffffffff
6583,a8,109,19,28,ffffffff
6585,b0,109,19,28,ffffffff
6586,98,109,19,31,ffffffff
6588,a0,109,19,30,ffffffff
6591,88,109,19,25,ffffffff
6594,90,109,19,24,ffffffff
6595,a0,109,19,31,ffffffff
6598,98,109,19,25,ffffffff
6598,a8,109,19,24,ffffffff
6600,90,109,19,29,ffffffff
6600,b0,109,19,24,ffffffff
6604,a8,109,19,29,ffffffff
6607,b0,109,19,29,ffffffff
6608,a0,109,19,25,ffffffff
6616,90,109,19,30,ffffffff
6620,a8,109,19,30,ffffffff
6622,b0,109,19,30,ffffffff
6623,90,109,19,31,ffffffff
6627,a8,109,19,31,ffffffff
6629,b0,109,19,31,ffffffff
6635,90,109,19,25,ffffffff
6639,a8,109,19,25,ffffffff
6641,b0,109,19,25,ffffffff
6717,0,178,19,1,ffffffff
6718,0,178,19,2,ffffffff
6719,0,178,19,0,ffffffff
6720,0,178,19,6,ffffffff
6721,0,178,19,3,ffffffff
6722,0,178,19,4,ffffffff
6723,0,178,19,5,ffffffff
6724,0,178,19,7,ffffffff
6725,8,178,19,1,ffffffff
6726,8,178,19,2,ffffffff
6727,8,178,19,4,ffffffff
6728,10,178,19,1,ffffffff
6729,10,178,19,2,ffffffff
6730,8,178,19,7,ffffffff
6731,10,178,19,0,ffffffff
6732,10,178,19,5,ffffffff
6733,10,178,19,6,ffffffff
6734,10,178,19,3,ffffffff
6735,10,178,19,4,ffffffff
6736,18,178,19,1,ffffffff
6737,18,178,19,2,ffffffff
6738,10,178,19,7,ffffffff
6739,20,178,19,1,ffffffff
6739,18,178,19,0,ffffffff
6740,20,178,19,2,ffffffff
6740,18,178,19,5,ffffffff
6741,8,178,19,5,ffffffff
6742,20,178,19,0,ffffffff
6742,18,178,19,6,ffffffff
6743,18,178,19,3,ffffffff
6744,18,178,19,4,ffffffff
6745,18,178,19,7,ffffffff
6746,0,196,19,9,ffffffff
6747,0,196,19,10,ffffffff
6748,20,178,19,3,ffffffff
6748,28,178,19,1,ffffffff
6748,0,196,19,8,ffffffff
6749,0,196,19,14,ffffffff
6750,0,196,19,11,ffffffff
6751,0,196,19,12,ffffffff
6752,0,196,19,13,ffffffff
6753,8,196,19,10,ffffffff
6754,0,196,19,15,ffffffff
6755,8,196,19,8,ffffffff
6756,8,196,19,9,ffffffff
6757,8,196,19,14,ffffffff
6758,8,196,19,11,ffffffff
6759,8,196,19,12,ffffffff
6760,10,196,19,10,ffffffff
6761,8,196,19,15,ffffffff
6762,8,196,19,13,ffffffff
6763,28,178,19,2,ffffffff
6763,10,196,19,8,ffffffff
6764,10,196,19,14,ffffffff
6765,18,196,19,9,ffffffff
6766,10,196,19,11,ffffffff
6767,10,196,19,12,ffffffff
6768,10,196,19,13,ffffffff
6769,18,196,19,10,ffffffff
6770,10,196,19,15,ffffffff
6771,18,196,19,8,ffffffff
6772,18,196,19,13,ffffffff
6773,10,196,19,9,ffffffff
6774,28,178,19,0,ffffffff
6774,18,196,19,14,ffffffff
6775,8,178,19,6,ffffffff
6776,18,196,19,11,ffffffff
6777,18,196,19,12,ffffffff
6778,8,178,19,0,ffffffff
6779,28,178,19,3,ffffffff
6779,30,178,19,1,ffffffff
6779,30,178,19,2,ffffffff
6779,30,178,19,0,ffffffff
6779,18,196,19,15,ffffffff
6780,20,178,19,6,ffffffff
6780,30,178,19,3,ffffffff
6780,20,178,19,4,ffffffff
6780,20,178,19,5,ffffffff
6780,8,178,19,3,ffffffff
6781,20,178,19,7,ffffffff
6781,20,196,19,8,ffffffff
6781,20,196,19,9,ffffffff
6781,20,196,19,10,ffffffff
6782,20,196,19,12,ffffffff
6782,20,196,19,13,ffffffff
6782,20,196,19,14,ffffffff
6782,20,196,19,11,ffffffff
6783,28,178,19,5,ffffffff
6783,28,178,19,6,ffffffff
6783,20,196,19,15,ffffffff
6783,28,178,19,4,ffffffff
6784,28,196,19,10,ffffffff
6784,28,178,19,7,ffffffff
6784,28,196,19,8,ffffffff
6784,28,196,19,9,ffffffff
6784,0,205,19,16,ffffffff
6785,28,196,19,11,ffffffff
6785,28,196,19,12,ffffffff
6785,28,196,19,13,ffffffff
6785,28,196,19,14,ffffffff
6785,0,205,19,17,ffffffff
6786,28,196,19,15,ffffffff
6786,0,205,19,18,ffffffff
6787,0,205,19,21,ffffffff
6788,0,205,19,22,ffffffff
6789,30,178,19,6,ffffffff
6789,0,205,19,19,ffffffff
6790,0,205,19,20,ffffffff
6791,30,178,19,4,ffffffff
6791,30,178,19,5,ffffffff
6791,0,205,19,23,ffffffff
6792,38,178,19,0,ffffffff
6792,38,178,19,1,ffffffff
6792,30,196,19,10,ffffffff
6792,30,178,19,7,ffffffff
6792,8,205,19,18,ffffffff
6793,38,178,19,2,ffffffff
6793,38,178,19,3,ffffffff
6793,30,196,19,8,ffffffff
6793,30,196,19,9,ffffffff
6793,8,205,19,16,ffffffff
6794,30,196,19,13,ffffffff
6794,30,196,19,14,ffffffff
6794,30,196,19,12,ffffffff
6794,30,196,19,15,ffffffff
6794,8,205,19,17,ffffffff
6795,30,196,19,11,ffffffff
6795,8,205,19,19,ffffffff
6796,8,205,19,20,ffffffff
6797,8,205,19,21,ffffffff
6798,38,178,19,6,ffffffff
6798,8,205,19,22,ffffffff
6799,8,205,19,23,ffffffff
6800,10,205,19,21,ffffffff
6801,38,178,19,4,ffffffff
6801,10,205,19,18,ffffffff
6802,10,205,19,20,ffffffff
6803,18,205,19,17,ffffffff
6804,18,205,19,18,ffffffff
6805,18,205,19,19,ffffffff
6806,18,205,19,16,ffffffff
6807,38,178,19,5,ffffffff
6807,10,205,19,23,ffffffff
6808,18,205,19,20,ffffffff
6809,10,205,19,16,ffffffff
6810,18,205,19,21,ffffffff
6811,40,178,19,0,ffffffff
6811,40,178,19,1,ffffffff
6811,10,205,19,17,ffffffff
6812,40,178,19,4,ffffffff
6812,10,205,19,22,ffffffff
6813,40,178,19,2,ffffffff
6813,40,178,19,3,ffffffff
6813,18,205,19,23,ffffffff
6814,38,178,19,7,ffffffff
6814,38,196,19,10,ffffffff
6814,10,205,19,19,ffffffff
6815,38,196,19,9,ffffffff
6815,40,178,19,6,ffffffff
6815,18,205,19,22,ffffffff
6816,20,205,19,17,ffffffff
6816,20,205,19,18,ffffffff
6817,38,196,19,11,ffffffff
6817,38,196,19,8,ffffffff
6817,38,196,19,13,ffffffff
6817,20,205,19,22,ffffffff
6818,20,205,19,21,ffffffff
6818,20,205,19,19,ffffffff
6818,20,205,19,20,ffffffff
6818,28,205,19,18,ffffffff
6819,38,196,19,15,ffffffff
6819,38,196,19,12,ffffffff
6819,40,178,19,5,ffffffff
6820,28,205,19,19,ffffffff
6820,28,205,19,17,ffffffff
6821,28,205,19,22,ffffffff
6821,28,205,19,23,ffffffff
6822,38,196,19,14,ffffffff
6822,28,205,19,16,ffffffff
6822,28,205,19,21,ffffffff
6823,28,205,19,20,ffffffff
6823,50,178,19,1,ffffffff
6823,40,178,19,7,ffffffff
6824,20,205,19,16,ffffffff
6824,20,205,19,23,ffffffff
6824,40,196,19,10,ffffffff
6824,40,196,19,9,ffffffff
6825,30,205,19,18,ffffffff
6825,40,196,19,11,ffffffff
6825,50,178,19,0,ffffffff
6825,40,196,19,13,ffffffff
6826,40,196,19,15,ffffffff
6826,50,178,19,4,ffffffff
6826,30,205,19,17,ffffffff
6826,30,205,19,22,ffffffff
6827,40,196,19,8,ffffffff
6827,30,205,19,21,ffffffff
6827,50,178,19,2,ffffffff
6827,30,205,19,19,ffffffff
6828,50,178,19,6,ffffffff
6828,30,205,19,23,ffffffff
6828,40,196,19,12,ffffffff
6829,40,196,19,14,ffffffff
6829,50,178,19,3,ffffffff
6829,30,205,19,16,ffffffff
6830,30,205,19,20,ffffffff
6831,58,178,19,1,ffffffff
6833,58,178,19,2,ffffffff
6834,58,178,19,0,ffffffff
6835,58,178,19,6,ffffffff
6836,38,205,19,17,ffffffff
6836,58,178,19,4,ffffffff
6837,38,205,19,19,ffffffff
6838,38,205,19,18,ffffffff
6838,50,196,19,9,ffffffff
6839,38,205,19,21,ffffffff
6839,38,205,19,23,ffffffff
6840,50,178,19,7,ffffffff
6840,50,196,19,13,ffffffff
6841,38,205,19,22,ffffffff
6841,38,205,19,16,ffffffff
6841,58,178,19,3,ffffffff
6842,50,196,19,8,ffffffff
6842,50,196,19,11,ffffffff
6843,38,205,19,20,ffffffff
6843,50,196,19,15,ffffffff
6844,60,178,19,1,ffffffff
6844,60,178,19,2,ffffffff
6844,40,205,19,19,ffffffff
6845,40,205,19,23,ffffffff
6846,60,178,19,6,ffffffff
6846,60,178,19,0,ffffffff
6846,58,178,19,5,ffffffff
6847,50,196,19,14,ffffffff
6848,60,178,19,4,ffffffff
6848,58,196,19,9,ffffffff
6848,58,196,19,10,ffffffff
6849,58,178,19,7,ffffffff
6849,40,205,19,17,ffffffff
6849,40,205,19,18,ffffffff
6850,58,196,19,8,ffffffff
6850,58,196,19,13,ffffffff
6850,40,205,19,22,ffffffff
6851,58,196,19,11,ffffffff
6851,40,205,19,21,ffffffff
6851,40,205,19,16,ffffffff
6851,68,178,19,2,ffffffff
6852,58,196,19,12,ffffffff
6852,68,178,19,1,ffffffff
6852,68,178,19,6,ffffffff
6853,50,178,19,5,ffffffff
6853,58,196,19,15,ffffffff
6853,40,205,19,20,ffffffff
6854,68,178,19,0,ffffffff
6855,50,196,19,10,ffffffff
6855,50,205,19,19,ffffffff
6855,68,178,19,4,ffffffff
6856,50,196,19,12,ffffffff
6856,60,178,19,3,ffffffff
6856,58,196,19,14,ffffffff
6857,50,205,19,23,ffffffff
6858,60,196,19,9,ffffffff
6858,68,178,19,3,ffffffff
6860,60,196,19,13,ffffffff
6860,60,196,19,8,ffffffff
6861,70,178,19,2,ffffffff
6862,60,178,19,7,ffffffff
6863,50,205,19,22,ffffffff
6864,70,178,19,6,ffffffff
6864,60,196,19,11,ffffffff
6864,68,196,19,9,ffffffff
6865,70,178,19,0,ffffffff
6865,60,178,19,5,ffffffff
6866,60,196,19,15,ffffffff
6866,68,196,19,13,ffffffff
6866,68,196,19,8,ffffffff
6867,70,178,19,4,ffffffff
6867,60,196,19,10,ffffffff
6867,50,205,19,17,ffffffff
6868,50,205,19,18,ffffffff
6868,58,205,19,19,ffffffff
6868,50,205,19,21,ffffffff
6869,60,196,19,14,ffffffff
6869,50,205,19,16,ffffffff
6869,68,178,19,5,ffffffff
6870,58,205,19,23,ffffffff
6870,60,196,19,12,ffffffff
6871,68,178,19,7,ffffffff
6871,68,196,19,10,ffffffff
6871,50,205,19,20,ffffffff
6872,70,178,19,3,ffffffff
6872,58,205,19,18,ffffffff
6873,70,178,19,1,ffffffff
6873,68,196,19,11,ffffffff
6874,68,196,19,14,ffffffff
6874,68,196,19,15,ffffffff
6875,70,196,19,9,ffffffff
6875,58,205,19,22,ffffffff
6875,68,196,19,12,ffffffff
6876,70,196,19,8,ffffffff
6877,58,205,19,17,ffffffff
6878,60,205,19,19,ffffffff
6879,58,205,19,21,ffffffff
6879,58,205,19,16,ffffffff
6880,60,205,19,23,ffffffff
6880,70,196,19,10,ffffffff
6881,70,178,19,5,ffffffff
6881,58,205,19,20,ffffffff
6881,68,205,19,19,ffffffff
6882,70,178,19,7,ffffffff
6882,60,205,19,18,ffffffff
6883,70,196,19,13,ffffffff
6883,68,205,19,18,ffffffff
6883,0,231,19,24,ffffffff
6884,70,196,19,14,ffffffff
6884,0,231,19,25,ffffffff
6885,70,196,19,12,ffffffff
6885,68,205,19,17,ffffffff
6885,0,231,19,26,ffffffff
6886,60,205,19,17,ffffffff
6886,68,205,19,22,ffffffff
6886,68,205,19,23,ffffffff
6886,0,231,19,28,ffffffff
6887,70,196,19,11,ffffffff
6887,60,205,19,22,ffffffff
6887,0,231,19,29,ffffffff
6888,60,205,19,16,ffffffff
6888,0,231,19,30,ffffffff
6889,60,205,19,21,ffffffff
6889,68,205,19,16,ffffffff
6889,0,231,19,27,ffffffff
6890,70,196,19,15,ffffffff
6891,0,231,19,31,ffffffff
6892,70,205,19,18,ffffffff
6892,8,231,19,24,ffffffff
6893,60,205,19,20,ffffffff
6893,8,231,19,26,ffffffff
6894,8,231,19,28,ffffffff
6895,8,231,19,25,ffffffff
6896,8,231,19,30,ffffffff
6897,8,231,19,27,ffffffff
6898,70,205,19,19,ffffffff
6898,8,231,19,29,ffffffff
6899,10,231,19,26,ffffffff
6900,8,231,19,31,ffffffff
6901,10,231,19,24,ffffffff
6902,10,231,19,25,ffffffff
6903,10,231,19,27,ffffffff
6904,10,231,19,28,ffffffff
6905,10,231,19,30,ffffffff
6906,10,231,19,29,ffffffff
6907,10,231,19,31,ffffffff
6908,18,231,19,24,ffffffff
6910,18,231,19,25,ffffffff
6912,18,231,19,28,ffffffff
6914,68,205,19,21,ffffffff
6915,18,231,19,29,ffffffff
6918,18,231,19,26,ffffffff
6920,18,231,19,30,ffffffff
6922,68,205,19,20,ffffffff
6922,18,231,19,27,ffffffff
6923,18,231,19,31,ffffffff
6925,70,205,19,22,ffffffff
6926,20,231,19,26,ffffffff
6926,20,231,19,24,ffffffff
6927,20,231,19,30,ffffffff
6928,20,231,19,27,ffffffff
6928,20,231,19,25,ffffffff
6928,28,231,19,26,ffffffff
6929,70,205,19,23,ffffffff
6929,70,205,19,17,ffffffff
6929,20,231,19,28,ffffffff
6929,28,231,19,30,ffffffff
6930,70,205,19,16,ffffffff
6930,20,231,19,31,ffffffff
6930,20,231,19,29,ffffffff
6930,30,231,19,26,ffffffff
6931,28,231,19,31,ffffffff
6931,28,231,19,25,ffffffff
6931,30,231,19,30,ffffffff
6932,28,231,19,28,ffffffff
6932,28,231,19,29,ffffffff
6932,30,231,19,27,ffffffff
6933,70,205,19,20,ffffffff
6933,30,231,19,31,ffffffff
6934,28,231,19,27,ffffffff
6934,30,231,19,24,ffffffff
6935,30,231,19,28,ffffffff
6935,30,231,19,25,ffffffff
6936,70,205,19,21,ffffffff
6936,28,231,19,24,ffffffff
6937,30,231,19,29,ffffffff
6939,38,231,19,26,ffffffff
6941,38,231,19,30,ffffffff
6942,38,231,19,31,ffffffff
6944,38,231,19,27,ffffffff
6944,38,231,19,28,ffffffff
6945,38,231,19,25,ffffffff
6945,40,231,19,26,ffffffff
6946,38,231,19,24,ffffffff
6947,38,231,19,29,ffffffff
6947,40,231,19,30,ffffffff
6948,40,231,19,31,ffffffff
6950,40,231,19,27,ffffffff
6950,40,231,19,28,ffffffff
6951,40,231,19,25,ffffffff
6952,50,231,19,26,ffffffff
6952,40,231,19,24,ffffffff
6953,40,231,19,29,ffffffff
6955,50,231,19,31,ffffffff
6956,50,231,19,30,ffffffff
6957,58,231,19,26,ffffffff
6957,50,231,19,28,ffffffff
6958,50,231,19,25,ffffffff
6959,50,231,19,27,ffffffff
6960,58,231,19,30,ffffffff
6960,58,231,19,31,ffffffff
6961,50,231,19,24,ffffffff
6962,58,231,19,28,ffffffff
6962,50,231,19,29,ffffffff
6963,58,231,19,27,ffffffff
6963,58,231,19,25,ffffffff
6965,58,231,19,24,ffffffff
6965,68,231,19,26,ffffffff
6966,58,231,19,29,ffffffff
6966,60,231,19,26,ffffffff
6968,68,231,19,30,ffffffff
6968,68,231,19,31,ffffffff
6969,60,231,19,31,ffffffff
6969,60,231,19,30,ffffffff
6970,68,231,19,28,ffffffff
6971,60,231,19,28,ffffffff
6971,68,231,19,27,ffffffff
6971,68,231,19,25,ffffffff
6972,60,231,19,27,ffffffff
6972,60,231,19,25,ffffffff
6973,68,231,19,24,ffffffff
6974,60,231,19,24,ffffffff
6974,70,231,19,26,ffffffff
6974,68,231,19,29,ffffffff
6975,60,231,19,29,ffffffff
6977,70,231,19,31,ffffffff
6977,70,231,19,30,ffffffff
6979,70,231,19,28,ffffffff
6980,70,231,19,27,ffffffff
6980,70,231,19,25,ffffffff
6982,70,231,19,24,ffffffff
6983,70,231,19,29,ffffffff
7393,78,178,19,6,ffffffff
7398,78,178,19,0,ffffffff
7399,80,178,19,6,ffffffff
7402,78,178,19,2,ffffffff
7404,80,178,19,0,ffffffff
7408,80,178,19,2,ffffffff
7416,78,196,19,8,ffffffff
7422,80,196,19,8,ffffffff
7423,78,178,19,4,ffffffff
7429,80,178,19,4,ffffffff
7433,78,196,19,14,ffffffff
7439,80,196,19,14,ffffffff
7440,78,178,19,5,ffffffff
7443,78,178,19,3,ffffffff
7445,78,205,19,18,ffffffff
7446,80,178,19,5,ffffffff
7449,80,178,19,3,ffffffff
7451,80,205,19,18,ffffffff
7452,78,178,19,1,ffffffff
7458,80,178,19,1,ffffffff
7459,78,196,19,12,ffffffff
7465,80,196,19,12,ffffffff
7467,78,196,19,11,ffffffff
7472,78,196,19,9,ffffffff
7473,80,196,19,11,ffffffff
7478,80,196,19,9,ffffffff
7483,78,196,19,13,ffffffff
7484,78,196,19,15,ffffffff
7489,80,196,19,13,ffffffff
7490,80,196,19,15,ffffffff
7498,78,196,19,10,ffffffff
7504,80,196,19,10,ffffffff
7509,78,205,19,19,ffffffff
7512,78,205,19,16,ffffffff
7515,80,205,19,19,ffffffff
7518,80,205,19,16,ffffffff
7532,78,231,19,26,ffffffff
7538,80,231,19,26,ffffffff
7546,78,205,19,22,ffffffff
7552,80,205,19,22,ffffffff
7557,78,178,19,7,ffffffff
7559,78,231,19,31,ffffffff
7561,78,205,19,20,ffffffff
7563,80,178,19,7,ffffffff
7563,78,205,19,23,ffffffff
7565,80,231,19,31,ffffffff
7567,80,205,19,20,ffffffff
7569,80,205,19,23,ffffffff
7570,78,205,19,17,ffffffff
7576,80,205,19,17,ffffffff
7576,78,205,19,21,ffffffff
7582,80,205,19,21,ffffffff
7602,78,231,19,30,ffffffff
7608,80,231,19,30,ffffffff
7633,78,231,19,24,ffffffff
7636,78,231,19,27,ffffffff
7637,78,231,19,28,ffffffff
7639,80,231,19,24,ffffffff
7642,80,231,19,27,ffffffff
7643,80,231,19,28,ffffffff
7648,78,231,19,25,ffffffff
7653,88,178,19,0,ffffffff
7654,80,231,19,25,ffffffff
7654,88,178,19,2,ffffffff
7655,88,178,19,6,ffffffff
7660,98,178,19,0,ffffffff
7662,98,178,19,2,ffffffff
7663,98,178,19,6,ffffffff
7666,88,178,19,4,ffffffff
7669,a0,178,19,0,ffffffff
7671,a0,178,19,2,ffffffff
7673,a0,178,19,6,ffffffff
7673,98,178,19,4,ffffffff
7682,a0,178,19,4,ffffffff
7690,78,231,19,29,ffffffff
7693,88,196,19,8,ffffffff
7696,80,231,19,29,ffffffff
7697,90,178,19,0,ffffffff
7698,90,178,19,2,ffffffff
7698,88,196,19,14,ffffffff
7700,98,196,19,8,ffffffff
7701,a8,178,19,0,ffffffff
7702,90,178,19,6,ffffffff
7703,b0,178,19,0,ffffffff
7703,a8,178,19,2,ffffffff
7706,98,196,19,14,ffffffff
7706,a8,178,19,6,ffffffff
7707,b0,178,19,2,ffffffff
7708,b0,178,19,6,ffffffff
7709,a0,196,19,8,ffffffff
7710,90,178,19,4,ffffffff
7714,a8,178,19,4,ffffffff
7715,a0,196,19,14,ffffffff
7716,b0,178,19,4,ffffffff
7716,88,205,19,18,ffffffff
7719,88,178,19,3,ffffffff
7723,98,205,19,18,ffffffff
7726,98,178,19,3,ffffffff
7728,88,196,19,11,ffffffff
7732,a0,205,19,18,ffffffff
7733,88,196,19,12,ffffffff
7734,88,178,19,5,ffffffff
7735,a0,178,19,3,ffffffff
7736,98,196,19,11,ffffffff
7737,90,196,19,8,ffffffff
7738,88,196,19,15,ffffffff
7740,98,196,19,12,ffffffff
7741,98,178,19,5,ffffffff
7741,88,178,19,1,ffffffff
7741,a8,196,19,8,ffffffff
7742,90,196,19,14,ffffffff
7743,b0,196,19,8,ffffffff
7745,a0,196,19,11,ffffffff
7746,98,196,19,15,ffffffff
7746,88,196,19,10,ffffffff
7746,a8,196,19,14,ffffffff
7748,b0,196,19,14,ffffffff
7748,88,196,19,9,ffffffff
7749,a0,196,19,12,ffffffff
7750,98,178,19,1,ffffffff
7751,a0,178,19,5,ffffffff
7753,98,196,19,10,ffffffff
7755,a0,196,19,15,ffffffff
7755,98,196,19,9,ffffffff
7757,88,205,19,19,ffffffff
7758,88,196,19,13,ffffffff
7759,a0,178,19,1,ffffffff
7760,90,205,19,18,ffffffff
7760,88,205,19,16,ffffffff
7762,a0,196,19,10,ffffffff
7763,90,178,19,3,ffffffff
7764,a0,196,19,9,ffffffff
7764,98,205,19,19,ffffffff
7764,a8,205,19,18,ffffffff
7765,98,196,19,13,ffffffff
7766,b0,205,19,18,ffffffff
7767,98,205,19,16,ffffffff
7767,a8,178,19,3,ffffffff
7772,90,196,19,11,ffffffff
7772,b0,178,19,3,ffffffff
7773,a0,205,19,19,ffffffff
7774,a0,196,19,13,ffffffff
7776,a0,205,19,16,ffffffff
7776,a8,196,19,11,ffffffff
7777,90,196,19,12,ffffffff
7778,90,178,19,5,ffffffff
7778,b0,196,19,11,ffffffff
7779,88,231,19,26,ffffffff
7781,a8,196,19,12,ffffffff
7782,90,196,19,15,ffffffff
7782,a8,178,19,5,ffffffff
7783,b0,196,19,12,ffffffff
7784,b0,178,19,5,ffffffff
7785,90,178,19,1,ffffffff
7786,98,231,19,26,ffffffff
7786,a8,196,19,15,ffffffff
7788,b0,196,19,15,ffffffff
7789,a8,178,19,1,ffffffff
7790,90,196,19,10,ffffffff
7791,b0,178,19,1,ffffffff
7792,90,196,19,9,ffffffff
7794,a8,196,19,10,ffffffff
7795,a0,231,19,26,ffffffff
7796,b0,196,19,10,ffffffff
7796,88,205,19,22,ffffffff
7796,a8,196,19,9,ffffffff
7798,b0,196,19,9,ffffffff
7801,90,205,19,19,ffffffff
7802,90,196,19,13,ffffffff
7803,98,205,19,22,ffffffff
7804,90,205,19,16,ffffffff
7804,88,178,19,7,ffffffff
7805,a8,205,19,19,ffffffff
7806,a8,196,19,13,ffffffff
7807,b0,205,19,19,ffffffff
7808,b0,196,19,13,ffffffff
7808,a8,205,19,16,ffffffff
7809,88,231,19,31,ffffffff
7810,b0,205,19,16,ffffffff
7811,98,178,19,7,ffffffff
7812,a0,205,19,22,ffffffff
7816,98,231,19,31,ffffffff
7819,88,205,19,20,ffffffff
7820,a0,178,19,7,ffffffff
7823,90,231,19,26,ffffffff
7824,88,205,19,23,ffffffff
7825,a0,231,19,31,ffffffff
7826,98,205,19,20,ffffffff
7827,a8,231,19,26,ffffffff
7829,b0,231,19,26,ffffffff
7829,88,205,19,17,ffffffff
7831,98,205,19,23,ffffffff
7832,88,205,19,21,ffffffff
7835,a0,205,19,20,ffffffff
7836,98,205,19,17,ffffffff
7839,98,205,19,21,ffffffff
7840,90,205,19,22,ffffffff
7840,a0,205,19,23,ffffffff
7844,a8,205,19,22,ffffffff
7845,a0,205,19,17,ffffffff
7846,b0,205,19,22,ffffffff
7848,90,178,19,7,ffffffff
7848,a0,205,19,21,ffffffff
7851,88,231,19,30,ffffffff
7852,a8,178,19,7,ffffffff
7853,90,231,19,31,ffffffff
7854,b0,178,19,7,ffffffff
7857,a8,231,19,31,ffffffff
7858,98,231,19,30,ffffffff
7859,b0,231,19,31,ffffffff
7863,90,205,19,20,ffffffff
7867,a0,231,19,30,ffffffff
7867,a8,205,19,20,ffffffff
7868,90,205,19,23,ffffffff
7869,b0,205,19,20,ffffffff
7872,a8,205,19,23,ffffffff
7873,90,205,19,17,ffffffff
7874,b0,205,19,23,ffffffff
7877,90,205,19,21,ffffffff
7877,a8,205,19,17,ffffffff
7879,b0,205,19,17,ffffffff
7880,88,231,19,24,ffffffff
7881,a8,205,19,21,ffffffff
7883,b0,205,19,21,ffffffff
7884,88,231,19,27,ffffffff
7887,98,231,19,24,ffffffff
7891,98,231,19,27,ffffffff
7895,90,231,19,30,ffffffff
7896,a0,231,19,24,ffffffff
7897,88,231,19,28,ffffffff
7899,a8,231,19,30,ffffffff
7900,a0,231,19,27,ffffffff
7901,b0,231,19,30,ffffffff
7904,98,231,19,28,ffffffff
7909,88,231,19,25,ffffffff
7913,a0,231,19,28,ffffffff
7916,98,231,19,25,ffffffff
7924,90,231,19,24,ffffffff
7925,a0,231,19,25,ffffffff
7928,90,231,19,27,ffffffff
7928,a8,231,19,24,ffffffff
7930,b0,231,19,24,ffffffff
7932,a8,231,19,27,ffffffff
7934,b0,231,19,27,ffffffff
7935,88,231,19,29,ffffffff
7941,90,231,19,28,ffffffff
7942,98,231,19,29,ffffffff
7945,a8,231,19,28,ffffffff
7947,b0,231,19,28,ffffffff
7951,a0,231,19,29,ffffffff
7953,90,231,19,25,ffffffff
7957,a8,231,19,25,ffffffff
7959,b0,231,19,25,ffffffff
7979,90,231,19,29,ffffffff
7983,a8,231,19,29,ffffffff
7985,b0,231,19,29,ffffffff
8062,0,294,19,10,ffffffff
8063,0,294,19,8,ffffffff
8064,0,294,19,9,ffffffff
8065,0,294,19,11,ffffffff
8066,0,294,19,12,ffffffff
8067,0,294,19,13,ffffffff
8068,0,294,19,14,ffffffff
8069,8,294,19,8,ffffffff
8070,8,294,19,10,ffffffff
8071,0,294,19,15,ffffffff
8072,8,294,19,13,ffffffff
8073,10,294,19,10,ffffffff
8074,8,294,19,15,ffffffff
8075,10,294,19,8,ffffffff
8076,10,294,19,9,ffffffff
8077,10,294,19,14,ffffffff
8078,10,294,19,11,ffffffff
8079,10,294,19,12,ffffffff
8080,10,294,19,13,ffffffff
8081,18,294,19,10,ffffffff
8082,10,294,19,15,ffffffff
8083,18,294,19,8,ffffffff
8084,20,294,19,10,ffffffff
8084,18,294,19,9,ffffffff
8085,18,294,19,14,ffffffff
8086,20,294,19,8,ffffffff
8086,8,294,19,14,ffffffff
8087,20,294,19,9,ffffffff
8087,18,294,19,11,ffffffff
8088,18,294,19,12,ffffffff
8089,8,294,19,12,ffffffff
8090,20,294,19,11,ffffffff
8090,28,294,19,10,ffffffff
8090,28,294,19,8,ffffffff
8090,28,294,19,9,ffffffff
8090,18,294,19,13,ffffffff
8091,20,294,19,13,ffffffff
8091,20,294,19,14,ffffffff
8091,28,294,19,11,ffffffff
8091,20,294,19,12,ffffffff
8091,8,294,19,9,ffffffff
8092,30,294,19,10,ffffffff
8092,20,294,19,15,ffffffff
8092,30,294,19,8,ffffffff
8092,30,294,19,9,ffffffff
8092,18,294,19,15,ffffffff
8093,30,294,19,11,ffffffff
8093,28,294,19,12,ffffffff
8093,28,294,19,13,ffffffff
8093,28,294,19,14,ffffffff
8093,8,294,19,11,ffffffff
8094,30,294,19,12,ffffffff
8094,30,294,19,13,ffffffff
8094,30,294,19,14,ffffffff
8094,28,294,19,15,ffffffff
8094,0,300,19,1,ffffffff
8095,30,294,19,15,ffffffff
8095,0,300,19,0,ffffffff
8096,0,300,19,2,ffffffff
8097,0,300,19,3,ffffffff
8098,0,300,19,4,ffffffff
8099,0,300,19,5,ffffffff
8100,0,300,19,7,ffffffff
8101,0,300,19,6,ffffffff
8102,38,294,19,8,ffffffff
8102,38,294,19,9,ffffffff
8102,38,294,19,10,ffffffff
8102,8,300,19,0,ffffffff
8103,38,294,19,11,ffffffff
8103,8,300,19,5,ffffffff
8104,38,294,19,14,ffffffff
8104,8,300,19,3,ffffffff
8105,38,294,19,15,ffffffff
8105,38,294,19,12,ffffffff
8105,10,300,19,0,ffffffff
8106,38,294,19,13,ffffffff
8106,10,300,19,1,ffffffff
8107,8,300,19,6,ffffffff
8108,8,300,19,7,ffffffff
8109,10,300,19,4,ffffffff
8110,10,300,19,2,ffffffff
8111,18,300,19,3,ffffffff
8112,10,300,19,5,ffffffff
8113,18,300,19,0,ffffffff
8114,10,300,19,6,ffffffff
8115,10,300,19,7,ffffffff
8116,18,300,19,1,ffffffff
8117,18,300,19,4,ffffffff
8118,20,300,19,3,ffffffff
8118,8,300,19,4,ffffffff
8119,18,300,19,2,ffffffff
8120,40,294,19,9,ffffffff
8120,18,300,19,7,ffffffff
8121,10,300,19,3,ffffffff
8122,18,300,19,5,ffffffff
8123,40,294,19,10,ffffffff
8123,40,294,19,8,ffffffff
8123,40,294,19,11,ffffffff
8123,40,294,19,13,ffffffff
8123,8,300,19,1,ffffffff
8124,20,300,19,1,ffffffff
8124,40,294,19,14,ffffffff
8124,40,294,19,15,ffffffff
8124,40,294,19,12,ffffffff
8124,18,300,19,6,ffffffff
8125,20,300,19,2,ffffffff
8125,28,300,19,3,ffffffff
8125,20,300,19,0,ffffffff
8125,20,300,19,5,ffffffff
8125,8,300,19,2,ffffffff
8126,20,300,19,7,ffffffff
8126,20,300,19,4,ffffffff
8126,20,300,19,6,ffffffff
8126,0,310,19,16,ffffffff
8127,28,300,19,2,ffffffff
8127,30,300,19,3,ffffffff
8127,0,310,19,17,ffffffff
8128,28,300,19,6,ffffffff
8128,28,300,19,7,ffffffff
8128,28,300,19,0,ffffffff
8128,28,300,19,1,ffffffff
8128,0,310,19,21,ffffffff
8129,28,300,19,4,ffffffff
8129,28,300,19,5,ffffffff
8129,0,310,19,20,ffffffff
8130,0,310,19,18,ffffffff
8131,50,294,19,9,ffffffff
8131,0,310,19,19,ffffffff
8132,30,300,19,2,ffffffff
8132,0,310,19,22,ffffffff
8133,0,310,19,23,ffffffff
8134,30,300,19,6,ffffffff
8134,30,300,19,0,ffffffff
8134,30,300,19,1,ffffffff
8134,8,310,19,16,ffffffff
8135,30,300,19,7,ffffffff
8135,50,294,19,10,ffffffff
8135,30,300,19,5,ffffffff
8135,30,300,19,4,ffffffff
8135,8,310,19,17,ffffffff
8136,38,300,19,3,ffffffff
8136,50,294,19,14,ffffffff
8136,8,310,19,20,ffffffff
8137,50,294,19,11,ffffffff
8137,50,294,19,8,ffffffff
8137,8,310,19,21,ffffffff
8138,50,294,19,15,ffffffff
8138,50,294,19,12,ffffffff
8138,8,310,19,18,ffffffff
8139,50,294,19,13,ffffffff
8139,8,310,19,19,ffffffff
8140,58,294,19,9,ffffffff
8140,8,310,19,23,ffffffff
8141,8,310,19,22,ffffffff
8142,38,300,19,2,ffffffff
8142,58,294,19,11,ffffffff
8142,10,310,19,16,ffffffff
8143,10,310,19,17,ffffffff
8144,38,300,19,6,ffffffff
8144,58,294,19,15,ffffffff
8144,10,310,19,20,ffffffff
8145,10,310,19,19,ffffffff
8146,58,294,19,10,ffffffff
8146,18,310,19,17,ffffffff
8147,10,310,19,18,ffffffff
8148,18,310,19,20,ffffffff
8149,18,310,19,16,ffffffff
8150,40,300,19,3,ffffffff
8150,18,310,19,21,ffffffff
8151,38,300,19,0,ffffffff
8151,10,310,19,21,ffffffff
8152,10,310,19,22,ffffffff
8153,38,300,19,1,ffffffff
8153,18,310,19,19,ffffffff
8154,18,310,19,22,ffffffff
8155,18,310,19,18,ffffffff
8156,18,310,19,23,ffffffff
8157,10,310,19,23,ffffffff
8158,40,300,19,2,ffffffff
8159,58,294,19,14,ffffffff
8159,38,300,19,4,ffffffff
8159,38,300,19,5,ffffffff
8160,38,300,19,7,ffffffff
8160,40,300,19,6,ffffffff
8161,58,294,19,8,ffffffff
8161,60,294,19,9,ffffffff
8161,20,310,19,18,ffffffff
8162,60,294,19,11,ffffffff
8162,20,310,19,21,ffffffff
8162,20,310,19,20,ffffffff
8162,20,310,19,22,ffffffff
8163,58,294,19,12,ffffffff
8163,58,294,19,13,ffffffff
8163,20,310,19,23,ffffffff
8164,60,294,19,15,ffffffff
8164,40,300,19,0,ffffffff
8164,40,300,19,1,ffffffff
8165,28,310,19,16,ffffffff
8165,68,294,19,9,ffffffff
8165,68,294,19,10,ffffffff
8166,60,294,19,10,ffffffff
8166,68,294,19,11,ffffffff
8166,28,310,19,20,ffffffff
8166,28,310,19,17,ffffffff
8167,68,294,19,15,ffffffff
8167,40,300,19,4,ffffffff
8167,28,310,19,21,ffffffff
8168,28,310,19,18,ffffffff
8168,40,300,19,5,ffffffff
8168,28,310,19,19,ffffffff
8169,60,294,19,14,ffffffff
8169,28,310,19,23,ffffffff
8170,28,310,19,22,ffffffff
8170,50,300,19,3,ffffffff
8171,20,310,19,19,ffffffff
8171,60,294,19,8,ffffffff
8171,30,310,19,17,ffffffff
8172,60,294,19,13,ffffffff
8172,30,310,19,16,ffffffff
8172,40,300,19,7,ffffffff
8173,60,294,19,12,ffffffff
8173,30,310,19,21,ffffffff
8174,30,310,19,20,ffffffff
8175,20,310,19,17,ffffffff
8175,30,310,19,18,ffffffff
8176,70,294,19,10,ffffffff
8176,70,294,19,11,ffffffff
8177,30,310,19,22,ffffffff
8177,30,310,19,19,ffffffff
8177,68,294,19,8,ffffffff
8178,70,294,19,15,ffffffff
8178,50,300,19,2,ffffffff
8178,68,294,19,12,ffffffff
8179,30,310,19,23,ffffffff
8179,50,300,19,6,ffffffff
8179,50,300,19,0,ffffffff
8180,20,310,19,16,ffffffff
8180,68,294,19,13,ffffffff
8181,70,294,19,9,ffffffff
8181,50,300,19,7,ffffffff
8181,50,300,19,4,ffffffff
8183,58,300,19,2,ffffffff
8183,50,300,19,5,ffffffff
8184,68,294,19,14,ffffffff
8184,38,310,19,21,ffffffff
8185,58,300,19,3,ffffffff
8185,58,300,19,6,ffffffff
8186,38,310,19,20,ffffffff
8187,38,310,19,17,ffffffff
8187,38,310,19,19,ffffffff
8188,58,300,19,0,ffffffff
8188,38,310,19,18,ffffffff
8189,58,300,19,1,ffffffff
8189,58,300,19,7,ffffffff
8190,50,300,19,1,ffffffff
8190,38,310,19,22,ffffffff
8190,58,300,19,4,ffffffff
8191,38,310,19,23,ffffffff
8191,58,300,19,5,ffffffff
8192,70,294,19,12,ffffffff
8192,60,300,19,2,ffffffff
8193,40,310,19,21,ffffffff
8193,68,300,19,3,ffffffff
8193,40,310,19,20,ffffffff
8194,70,294,19,13,ffffffff
8194,38,310,19,16,ffffffff
8194,70,294,19,14,ffffffff
8194,60,300,19,3,ffffffff
8195,68,300,19,6,ffffffff
8195,40,310,19,19,ffffffff
8195,40,310,19,17,ffffffff
8196,60,300,19,6,ffffffff
8196,68,300,19,0,ffffffff
8197,60,300,19,0,ffffffff
8197,40,310,19,18,ffffffff
8198,40,310,19,22,ffffffff
8198,68,300,19,7,ffffffff
8199,68,300,19,2,ffffffff
8199,60,300,19,7,ffffffff
8199,60,300,19,1,ffffffff
8200,60,300,19,4,ffffffff
8200,40,310,19,23,ffffffff
8200,68,300,19,1,ffffffff
8201,60,300,19,5,ffffffff
8202,70,294,19,8,ffffffff
8202,50,310,19,19,ffffffff
8203,40,310,19,16,ffffffff
8204,50,310,19,20,ffffffff
8204,50,310,19,17,ffffffff
8205,68,300,19,4,ffffffff
8205,70,300,19,6,ffffffff
8205,50,310,19,21,ffffffff
8206,68,300,19,5,ffffffff
8206,58,310,19,19,ffffffff
8207,50,310,19,18,ffffffff
8208,70,300,19,3,ffffffff
8208,50,310,19,22,ffffffff
8209,70,300,19,0,ffffffff
8209,50,310,19,23,ffffffff
8210,70,300,19,7,ffffffff
8210,70,300,19,1,ffffffff
8211,58,310,19,20,ffffffff
8212,58,310,19,21,ffffffff
8212,58,310,19,18,ffffffff
8212,50,310,19,16,ffffffff
8213,58,310,19,23,ffffffff
8214,58,310,19,17,ffffffff
8214,58,310,19,22,ffffffff
8215,68,310,19,19,ffffffff
8216,70,300,19,2,ffffffff
8216,70,300,19,5,ffffffff
8216,60,310,19,19,ffffffff
8216,58,310,19,16,ffffffff
8218,70,300,19,4,ffffffff
8219,68,310,19,20,ffffffff
8220,60,310,19,20,ffffffff
8220,68,310,19,21,ffffffff
8220,68,310,19,18,ffffffff
8221,60,310,19,21,ffffffff
8221,60,310,19,18,ffffffff
8221,68,310,19,23,ffffffff
8222,60,310,19,23,ffffffff
8223,68,310,19,22,ffffffff
8223,68,310,19,17,ffffffff
8224,60,310,19,17,ffffffff
8224,60,310,19,22,ffffffff
8224,68,310,19,16,ffffffff
8225,70,310,19,19,ffffffff
8225,60,310,19,16,ffffffff
8226,0,325,19,24,ffffffff
8227,0,325,19,25,ffffffff
8228,70,310,19,20,ffffffff
8228,0,325,19,27,ffffffff
8229,70,310,19,21,ffffffff
8229,70,310,19,18,ffffffff
8229,0,325,19,28,ffffffff
8230,70,310,19,23,ffffffff
8230,0,325,19,29,ffffffff
8231,0,325,19,26,ffffffff
8232,70,310,19,22,ffffffff
8232,0,325,19,30,ffffffff
8233,0,325,19,31,ffffffff
8234,70,310,19,16,ffffffff
8234,70,310,19,17,ffffffff
8234,8,325,19,25,ffffffff
8236,8,325,19,24,ffffffff
8237,8,325,19,30,ffffffff
8238,8,325,19,28,ffffffff
8239,8,325,19,29,ffffffff
8241,8,325,19,31,ffffffff
8242,10,325,19,26,ffffffff
8243,10,325,19,25,ffffffff
8245,10,325,19,24,ffffffff
8246,10,325,19,27,ffffffff
8247,10,325,19,28,ffffffff
8248,10,325,19,29,ffffffff
8249,10,325,19,30,ffffffff
8250,10,325,19,31,ffffffff
8254,18,325,19,27,ffffffff
8255,18,325,19,24,ffffffff
8256,18,325,19,25,ffffffff
8257,20,325,19,27,ffffffff
8257,18,325,19,26,ffffffff
8258,20,325,19,24,ffffffff
8258,18,325,19,31,ffffffff
8259,20,325,19,25,ffffffff
8259,8,325,19,27,ffffffff
8260,20,325,19,26,ffffffff
8260,28,325,19,27,ffffffff
8260,28,325,19,24,ffffffff
8260,28,325,19,25,ffffffff
8260,18,325,19,28,ffffffff
8261,20,325,19,31,ffffffff
8261,20,325,19,28,ffffffff
8261,20,325,19,29,ffffffff
8261,28,325,19,26,ffffffff
8262,30,325,19,24,ffffffff
8262,30,325,19,25,ffffffff
8262,20,325,19,30,ffffffff
8262,30,325,19,27,ffffffff
8262,18,325,19,29,ffffffff
8263,28,325,19,29,ffffffff
8263,30,325,19,26,ffffffff
8263,28,325,19,31,ffffffff
8263,28,325,19,28,ffffffff
8264,28,325,19,30,ffffffff
8264,30,325,19,31,ffffffff
8264,30,325,19,28,ffffffff
8264,30,325,19,29,ffffffff
8264,18,325,19,30,ffffffff
8265,30,325,19,30,ffffffff
8265,8,325,19,26,ffffffff
8272,38,325,19,25,ffffffff
8272,38,325,19,27,ffffffff
8272,38,325,19,24,ffffffff
8273,38,325,19,26,ffffffff
8274,38,325,19,31,ffffffff
8274,38,325,19,28,ffffffff
8274,38,325,19,29,ffffffff
8275,38,325,19,30,ffffffff
8278,40,325,19,27,ffffffff
8278,40,325,19,24,ffffffff
8278,40,325,19,25,ffffffff
8279,40,325,19,26,ffffffff
8280,40,325,19,29,ffffffff
8280,40,325,19,31,ffffffff
8280,40,325,19,28,ffffffff
8281,40,325,19,30,ffffffff
8285,50,325,19,27,ffffffff
8285,50,325,19,24,ffffffff
8285,50,325,19,25,ffffffff
8286,50,325,19,26,ffffffff
8289,50,325,19,29,ffffffff
8289,50,325,19,31,ffffffff
8289,50,325,19,28,ffffffff
8290,58,325,19,24,ffffffff
8290,58,325,19,25,ffffffff
8290,58,325,19,27,ffffffff
8290,50,325,19,30,ffffffff
8291,58,325,19,26,ffffffff
8293,58,325,19,31,ffffffff
8293,58,325,19,28,ffffffff
8293,58,325,19,29,ffffffff
8294,58,325,19,30,ffffffff
8298,68,325,19,27,ffffffff
8298,68,325,19,24,ffffffff
8298,68,325,19,25,ffffffff
8299,60,325,19,25,ffffffff
8299,60,325,19,27,ffffffff
8299,60,325,19,24,ffffffff
8299,68,325,19,26,ffffffff
8300,60,325,19,26,ffffffff
8301,68,325,19,29,ffffffff
8301,68,325,19,31,ffffffff
8301,68,325,19,28,ffffffff
8302,60,325,19,28,ffffffff
8302,60,325,19,29,ffffffff
8302,60,325,19,31,ffffffff
8302,68,325,19,30,ffffffff
8303,60,325,19,30,ffffffff
8307,70,325,19,25,ffffffff
8307,70,325,19,27,ffffffff
8307,70,325,19,24,ffffffff
8308,70,325,19,26,ffffffff
8310,70,325,19,28,ffffffff
8310,70,325,19,29,ffffffff
8310,70,325,19,31,ffffffff
8311,70,325,19,30,ffffffff
8590,78,294,19,11,ffffffff
8596,80,294,19,11,ffffffff
8598,78,294,19,12,ffffffff
8599,78,294,19,15,ffffffff
8604,80,294,19,12,ffffffff
8605,80,294,19,15,ffffffff
8614,78,294,19,8,ffffffff
8620,80,294,19,8,ffffffff
8629,78,300,19,0,ffffffff
8635,80,300,19,0,ffffffff
8637,78,294,19,14,ffffffff
8642,78,294,19,13,ffffffff
8643,80,294,19,14,ffffffff
8648,80,294,19,13,ffffffff
8648,78,294,19,10,ffffffff
8654,80,294,19,10,ffffffff
8657,78,300,19,6,ffffffff
8659,78,310,19,22,ffffffff
8663,80,300,19,6,ffffffff
8663,78,310,19,19,ffffffff
8665,80,310,19,22,ffffffff
8666,78,294,19,9,ffffffff
8668,78,300,19,4,ffffffff
8669,80,310,19,19,ffffffff
8670,78,300,19,3,ffffffff
8672,80,294,19,9,ffffffff
8674,80,300,19,4,ffffffff
8676,80,300,19,3,ffffffff
8681,78,310,19,23,ffffffff
8686,78,300,19,2,ffffffff
8687,80,310,19,23,ffffffff
8690,78,310,19,18,ffffffff
8692,80,300,19,2,ffffffff
8696,80,310,19,18,ffffffff
8698,78,300,19,7,ffffffff
8703,78,300,19,5,ffffffff
8704,80,300,19,7,ffffffff
8706,78,325,19,30,ffffffff
8707,78,300,19,1,ffffffff
8709,80,300,19,5,ffffffff
8709,78,310,19,17,ffffffff
8712,80,325,19,30,ffffffff
8713,80,300,19,1,ffffffff
8713,78,310,19,21,ffffffff
8715,80,310,19,17,ffffffff
8717,78,310,19,16,ffffffff
8719,80,310,19,21,ffffffff
8720,78,325,19,31,ffffffff
8723,80,310,19,16,ffffffff
8724,78,310,19,20,ffffffff
8726,80,325,19,31,ffffffff
8728,78,325,19,27,ffffffff
8730,80,310,19,20,ffffffff
8734,80,325,19,27,ffffffff
8736,78,325,19,26,ffffffff
8742,80,325,19,26,ffffffff
8745,78,325,19,29,ffffffff
8749,78,325,19,24,ffffffff
8751,80,325,19,29,ffffffff
8754,78,325,19,25,ffffffff
8755,80,325,19,24,ffffffff
8756,78,325,19,28,ffffffff
8760,80,325,19,25,ffffffff
8762,80,325,19,28,ffffffff
8859,88,294,19,15,ffffffff
8860,88,294,19,12,ffffffff
8866,98,294,19,15,ffffffff
8867,98,294,19,12,ffffffff
8875,a0,294,19,15,ffffffff
8876,a0,294,19,12,ffffffff
8877,88,294,19,8,ffffffff
8884,98,294,19,8,ffffffff
8885,88,300,19,0,ffffffff
8892,98,300,19,0,ffffffff
8893,a0,294,19,8,ffffffff
8901,a0,300,19,0,ffffffff
8902,88,294,19,10,ffffffff
8903,90,294,19,15,ffffffff
8904,90,294,19,12,ffffffff
8907,88,310,19,22,ffffffff
8907,a8,294,19,15,ffffffff
8908,a8,294,19,12,ffffffff
8909,98,294,19,10,ffffffff
8909,b0,294,19,15,ffffffff
8910,b0,294,19,12,ffffffff
8914,98,310,19,22,ffffffff
8918,a0,294,19,10,ffffffff
8921,90,294,19,8,ffffffff
8923,a0,310,19,22,ffffffff
8925,a8,294,19,8,ffffffff
8926,88,294,19,11,ffffffff
8927,b0,294,19,8,ffffffff
8929,90,300,19,0,ffffffff
8931,88,294,19,14,ffffffff
8933,98,294,19,11,ffffffff
8933,a8,300,19,0,ffffffff
8935,b0,300,19,0,ffffffff
8938,98,294,19,14,ffffffff
8942,a0,294,19,11,ffffffff
8946,90,294,19,10,ffffffff
8947,a0,294,19,14,ffffffff
8948,88,310,19,18,ffffffff
8950,a8,294,19,10,ffffffff
8951,90,310,19,22,ffffffff
8952,b0,294,19,10,ffffffff
8955,98,310,19,18,ffffffff
8955,a8,310,19,22,ffffffff
8957,b0,310,19,22,ffffffff
8962,88,300,19,4,ffffffff
8963,88,294,19,13,ffffffff
8964,a0,310,19,18,ffffffff
8965,88,300,19,6,ffffffff
8966,88,300,19,7,ffffffff
8969,98,300,19,4,ffffffff
8969,88,300,19,2,ffffffff
8970,90,294,19,11,ffffffff
8970,98,294,19,13,ffffffff
8972,98,300,19,6,ffffffff
8973,98,300,19,7,ffffffff
8974,88,310,19,19,ffffffff
8974,a8,294,19,11,ffffffff
8975,90,294,19,14,ffffffff
8975,88,325,19,30,ffffffff
8976,98,300,19,2,ffffffff
8976,b0,294,19,11,ffffffff
8978,a0,300,19,4,ffffffff
8979,a0,294,19,13,ffffffff
8979,a8,294,19,14,ffffffff
8980,88,310,19,17,ffffffff
8981,a0,300,19,6,ffffffff
8981,98,310,19,19,ffffffff
8982,a0,300,19,7,ffffffff
8985,b0,294,19,14,ffffffff
8985,88,294,19,9,ffffffff
8986,a0,300,19,2,ffffffff
8987,98,325,19,30,ffffffff
8987,98,310,19,17,ffffffff
8990,a0,310,19,19,ffffffff
8991,88,300,19,3,ffffffff
8992,90,310,19,18,ffffffff
8992,98,294,19,9,ffffffff
8992,88,310,19,20,ffffffff
8996,a0,325,19,30,ffffffff
8996,a0,310,19,17,ffffffff
8996,a8,310,19,18,ffffffff
8998,98,300,19,3,ffffffff
8998,b0,310,19,18,ffffffff
8999,98,310,19,20,ffffffff
9001,a0,294,19,9,ffffffff
9002,88,310,19,21,ffffffff
9003,88,310,19,23,ffffffff
9006,90,300,19,4,ffffffff
9006,88,310,19,16,ffffffff
9007,90,294,19,13,ffffffff
9007,a0,300,19,3,ffffffff
9008,a0,310,19,20,ffffffff
9008,88,325,19,26,ffffffff
9009,90,300,19,6,ffffffff
9009,98,310,19,21,ffffffff
9010,90,300,19,7,ffffffff
9010,98,310,19,23,ffffffff
9010,a8,300,19,4,ffffffff
9011,a8,294,19,13,ffffffff
9012,88,300,19,5,ffffffff
9013,90,300,19,2,ffffffff
9013,b0,300,19,4,ffffffff
9013,b0,294,19,13,ffffffff
9013,a8,300,19,6,ffffffff
9014,a8,300,19,7,ffffffff
9015,98,310,19,16,ffffffff
9016,98,325,19,26,ffffffff
9016,88,300,19,1,ffffffff
9017,b0,300,19,6,ffffffff
9017,a8,300,19,2,ffffffff
9018,90,310,19,19,ffffffff
9018,a0,310,19,21,ffffffff
9019,b0,300,19,7,ffffffff
9019,98,300,19,5,ffffffff
9019,b0,300,19,2,ffffffff
9020,90,325,19,30,ffffffff
9020,a0,310,19,23,ffffffff
9021,88,325,19,25,ffffffff
9022,a8,310,19,19,ffffffff
9023,98,300,19,1,ffffffff
9024,90,310,19,17,ffffffff
9024,a0,310,19,16,ffffffff
9024,b0,310,19,19,ffffffff
9024,a8,325,19,30,ffffffff
9025,a0,325,19,26,ffffffff
9026,b0,325,19,30,ffffffff
9028,a0,300,19,5,ffffffff
9028,a8,310,19,17,ffffffff
9029,90,294,19,9,ffffffff
9029,98,325,19,25,ffffffff
9030,88,325,19,31,ffffffff
9031,88,325,19,27,ffffffff
9032,b0,310,19,17,ffffffff
9033,a0,300,19,1,ffffffff
9034,a8,294,19,9,ffffffff
9035,90,300,19,3,ffffffff
9036,90,310,19,20,ffffffff
9037,b0,294,19,9,ffffffff
9038,a0,325,19,25,ffffffff
9038,98,325,19,31,ffffffff
9039,98,325,19,27,ffffffff
9039,a8,300,19,3,ffffffff
9040,88,325,19,28,ffffffff
9040,a8,310,19,20,ffffffff
9041,b0,300,19,3,ffffffff
9042,b0,310,19,20,ffffffff
9042,88,325,19,24,ffffffff
9046,90,310,19,21,ffffffff
9047,90,310,19,23,ffffffff
9047,a0,325,19,31,ffffffff
9047,98,325,19,28,ffffffff
9049,a0,325,19,27,ffffffff
9049,98,325,19,24,ffffffff
9050,a8,310,19,21,ffffffff
9051,90,310,19,16,ffffffff
9051,a8,310,19,23,ffffffff
9052,90,325,19,26,ffffffff
9052,b0,310,19,21,ffffffff
9053,b0,310,19,23,ffffffff
9055,a8,310,19,16,ffffffff
9056,90,300,19,5,ffffffff
9056,a8,325,19,26,ffffffff
9057,a0,325,19,28,ffffffff
9058,b0,310,19,16,ffffffff
9058,b0,325,19,26,ffffffff
9059,a0,325,19,24,ffffffff
9060,90,300,19,1,ffffffff
9060,a8,300,19,5,ffffffff
9062,b0,300,19,5,ffffffff
9064,88,325,19,29,ffffffff
9064,a8,300,19,1,ffffffff
9065,90,325,19,25,ffffffff
9066,b0,300,19,1,ffffffff
9069,a8,325,19,25,ffffffff
9072,98,325,19,29,ffffffff
9073,b0,325,19,25,ffffffff
9074,90,325,19,31,ffffffff
9078,90,325,19,27,ffffffff
9078,a8,325,19,31,ffffffff
9080,b0,325,19,31,ffffffff
9081,a0,325,19,29,ffffffff
9082,a8,325,19,27,ffffffff
9084,90,325,19,28,ffffffff
9084,b0,325,19,27,ffffffff
9088,90,325,19,24,ffffffff
9088,a8,325,19,28,ffffffff
9090,b0,325,19,28,ffffffff
9092,a8,325,19,24,ffffffff
9094,b0,325,19,24,ffffffff
9108,90,325,19,29,ffffffff
9112,a8,325,19,29,ffffffff
9114,b0,325,19,29,ffffffff
9287,0,419,19,8,ffffffff
9288,0,419,19,9,ffffffff
9289,0,419,19,10,ffffffff
9290,0,419,19,12,ffffffff
9291,0,419,19,13,ffffffff
9292,0,419,19,14,ffffffff
9293,0,419,19,11,ffffffff
9294,8,419,19,9,ffffffff
9295,0,419,19,15,ffffffff
9296,8,419,19,8,ffffffff
9297,8,419,19,14,ffffffff
9298,8,419,19,15,ffffffff
9299,10,419,19,8,ffffffff
9300,10,419,19,9,ffffffff
9301,10,419,19,10,ffffffff
9302,10,419,19,11,ffffffff
9303,10,419,19,12,ffffffff
9304,10,419,19,13,ffffffff
9305,10,419,19,14,ffffffff
9306,10,419,19,15,ffffffff
9307,18,419,19,8,ffffffff
9308,18,419,19,9,ffffffff
9309,18,419,19,10,ffffffff
9310,20,419,19,8,ffffffff
9310,18,419,19,11,ffffffff
9311,20,419,19,9,ffffffff
9311,18,419,19,12,ffffffff
9312,20,419,19,10,ffffffff
9312,8,419,19,12,ffffffff
9313,20,419,19,11,ffffffff
9313,28,419,19,8,ffffffff
9313,28,419,19,9,ffffffff
9313,28,419,19,10,ffffffff
9313,18,419,19,13,ffffffff
9314,20,419,19,12,ffffffff
9314,20,419,19,13,ffffffff
9314,20,419,19,14,ffffffff
9314,28,419,19,11,ffffffff
9314,8,419,19,13,ffffffff
9315,30,419,19,9,ffffffff
9315,30,419,19,10,ffffffff
9315,20,419,19,15,ffffffff
9315,30,419,19,8,ffffffff
9315,18,419,19,14,ffffffff
9316,28,419,19,14,ffffffff
9316,30,419,19,11,ffffffff
9316,28,419,19,12,ffffffff
9316,28,419,19,13,ffffffff
9316,8,419,19,10,ffffffff
9317,28,419,19,15,ffffffff
9317,30,419,19,12,ffffffff
9317,30,419,19,13,ffffffff
9317,30,419,19,14,ffffffff
9317,18,419,19,15,ffffffff
9318,30,419,19,15,ffffffff
9318,8,419,19,11,ffffffff
9319,0,430,19,17,ffffffff
9320,0,430,19,18,ffffffff
9321,0,430,19,16,ffffffff
9322,0,430,19,22,ffffffff
9323,0,430,19,19,ffffffff
9324,0,430,19,20,ffffffff
9325,38,419,19,8,ffffffff
9325,38,419,19,9,ffffffff
9325,38,419,19,10,ffffffff
9325,0,430,19,21,ffffffff
9326,0,430,19,23,ffffffff
9327,38,419,19,12,ffffffff
9327,38,419,19,13,ffffffff
9327,38,419,19,14,ffffffff
9327,38,419,19,11,ffffffff
9327,8,430,19,18,ffffffff
9328,8,430,19,16,ffffffff
9329,38,419,19,15,ffffffff
9329,8,430,19,19,ffffffff
9330,8,430,19,21,ffffffff
9331,10,430,19,18,ffffffff
9332,10,430,19,16,ffffffff
9333,10,430,19,17,ffffffff
9334,10,430,19,22,ffffffff
9335,8,430,19,23,ffffffff
9336,10,430,19,20,ffffffff
9337,10,430,19,21,ffffffff
9338,18,430,19,18,ffffffff
9339,10,430,19,19,ffffffff
9340,18,430,19,16,ffffffff
9341,18,430,19,17,ffffffff
9342,18,430,19,22,ffffffff
9343,18,430,19,20,ffffffff
9344,40,419,19,8,ffffffff
9344,18,430,19,21,ffffffff
9345,40,419,19,9,ffffffff
9345,10,430,19,23,ffffffff
9346,40,419,19,10,ffffffff
9346,18,430,19,23,ffffffff
9347,0,432,19,2,ffffffff
9348,0,432,19,0,ffffffff
9349,0,432,19,1,ffffffff
9350,0,432,19,3,ffffffff
9351,0,432,19,4,ffffffff
9352,0,432,19,6,ffffffff
9353,8,432,19,1,ffffffff
9354,0,432,19,7,ffffffff
9355,8,432,19,0,ffffffff
9356,0,432,19,5,ffffffff
9357,8,432,19,2,ffffffff
9358,8,432,19,3,ffffffff
9359,8,432,19,4,ffffffff
9360,10,432,19,1,ffffffff
9361,8,432,19,6,ffffffff
9362,8,432,19,7,ffffffff
9363,10,432,19,0,ffffffff
9364,8,432,19,5,ffffffff
9365,10,432,19,2,ffffffff
9366,10,432,19,3,ffffffff
9367,10,432,19,4,ffffffff
9368,18,432,19,1,ffffffff
9369,10,432,19,6,ffffffff
9370,10,432,19,7,ffffffff
9371,18,432,19,0,ffffffff
9372,10,432,19,5,ffffffff
9373,18,432,19,2,ffffffff
9374,18,432,19,3,ffffffff
9375,18,432,19,4,ffffffff
9376,8,430,19,20,ffffffff
9377,18,432,19,5,ffffffff
9378,40,419,19,11,ffffffff
9378,40,419,19,13,ffffffff
9378,40,419,19,12,ffffffff
9378,40,419,19,14,ffffffff
9378,8,430,19,17,ffffffff
9379,40,419,19,15,ffffffff
9379,18,432,19,6,ffffffff
9380,20,430,19,17,ffffffff
9380,20,430,19,18,ffffffff
9380,20,430,19,19,ffffffff
9380,20,430,19,16,ffffffff
9380,8,430,19,22,ffffffff
9381,20,430,19,22,ffffffff
9381,20,430,19,23,ffffffff
9381,20,430,19,20,ffffffff
9381,20,430,19,21,ffffffff
9381,18,432,19,7,ffffffff
9382,20,432,19,3,ffffffff
9382,20,432,19,0,ffffffff
9382,20,432,19,1,ffffffff
9382,20,432,19,2,ffffffff
9382,18,430,19,19,ffffffff
9383,20,432,19,4,ffffffff
9383,20,432,19,5,ffffffff
9383,20,432,19,6,ffffffff
9383,20,432,19,7,ffffffff
9384,50,419,19,9,ffffffff
9384,50,419,19,10,ffffffff
9384,50,419,19,8,ffffffff
9386,28,430,19,19,ffffffff
9386,28,430,19,16,ffffffff
9386,28,430,19,17,ffffffff
9386,28,430,19,18,ffffffff
9387,28,430,19,20,ffffffff
9387,28,430,19,21,ffffffff
9387,28,430,19,22,ffffffff
9387,28,430,19,23,ffffffff
9388,28,432,19,1,ffffffff
9388,28,432,19,2,ffffffff
9388,28,432,19,3,ffffffff
9388,28,432,19,0,ffffffff
9389,28,432,19,6,ffffffff
9389,28,432,19,7,ffffffff
9389,28,432,19,4,ffffffff
9389,28,432,19,5,ffffffff
9390,50,419,19,11,ffffffff
9391,50,419,19,15,ffffffff
9391,0,443,19,27,ffffffff
9392,50,419,19,12,ffffffff
9392,50,419,19,13,ffffffff
9392,50,419,19,14,ffffffff
9392,30,430,19,19,ffffffff
9392,0,443,19,24,ffffffff
9393,58,419,19,8,ffffffff
9393,58,419,19,9,ffffffff
9393,58,419,19,10,ffffffff
9393,30,430,19,23,ffffffff
9393,0,443,19,25,ffffffff
9394,30,430,19,17,ffffffff
9394,30,430,19,18,ffffffff
9394,30,430,19,16,ffffffff
9394,0,443,19,26,ffffffff
9395,30,430,19,22,ffffffff
9395,30,430,19,20,ffffffff
9395,30,430,19,21,ffffffff
9395,30,432,19,3,ffffffff
9395,0,443,19,28,ffffffff
9396,30,432,19,1,ffffffff
9396,30,432,19,2,ffffffff
9396,30,432,19,0,ffffffff
9396,30,432,19,7,ffffffff
9396,0,443,19,29,ffffffff
9397,30,432,19,6,ffffffff
9397,30,432,19,4,ffffffff
9397,30,432,19,5,ffffffff
9397,0,443,19,30,ffffffff
9398,0,443,19,31,ffffffff
9399,8,443,19,24,ffffffff
9400,8,443,19,25,ffffffff
9401,58,419,19,11,ffffffff
9401,58,419,19,12,ffffffff
9401,58,419,19,13,ffffffff
9401,58,419,19,14,ffffffff
9401,8,443,19,26,ffffffff
9402,8,443,19,29,ffffffff
9403,58,419,19,15,ffffffff
9403,8,443,19,30,ffffffff
9404,60,419,19,10,ffffffff
9404,60,419,19,8,ffffffff
9404,60,419,19,9,ffffffff
9404,8,443,19,28,ffffffff
9405,38,430,19,19,ffffffff
9405,8,443,19,27,ffffffff
9406,38,430,19,16,ffffffff
9406,38,430,19,17,ffffffff
9406,38,430,19,18,ffffffff
9406,8,443,19,31,ffffffff
9407,38,430,19,23,ffffffff
9407,10,443,19,25,ffffffff
9408,38,430,19,20,ffffffff
9408,38,430,19,21,ffffffff
9408,38,430,19,22,ffffffff
9408,10,443,19,26,ffffffff
9409,38,432,19,3,ffffffff
9409,10,443,19,24,ffffffff
9410,38,432,19,2,ffffffff
9410,10,443,19,28,ffffffff
9411,18,443,19,25,ffffffff
9412,18,443,19,26,ffffffff
9413,38,432,19,7,ffffffff
9413,10,443,19,31,ffffffff
9414,18,443,19,28,ffffffff
9415,18,443,19,24,ffffffff
9416,18,443,19,29,ffffffff
9417,38,432,19,0,ffffffff
9417,10,443,19,29,ffffffff
9418,38,432,19,1,ffffffff
9418,18,443,19,27,ffffffff
9419,38,432,19,6,ffffffff
9419,18,443,19,30,ffffffff
9420,10,443,19,30,ffffffff
9421,18,443,19,31,ffffffff
9422,40,432,19,2,ffffffff
9422,10,443,19,27,ffffffff
9423,68,419,19,10,ffffffff
9424,68,419,19,8,ffffffff
9424,40,432,19,3,ffffffff
9425,60,419,19,11,ffffffff
9425,38,432,19,4,ffffffff
9426,38,432,19,5,ffffffff
9426,40,432,19,7,ffffffff
9426,40,430,19,18,ffffffff
9427,60,419,19,14,ffffffff
9427,40,430,19,17,ffffffff
9427,40,430,19,20,ffffffff
9428,60,419,19,13,ffffffff
9428,60,419,19,12,ffffffff
9428,40,430,19,22,ffffffff
9429,40,430,19,21,ffffffff
9429,20,443,19,24,ffffffff
9429,40,430,19,19,ffffffff
9429,20,443,19,26,ffffffff
9430,60,419,19,15,ffffffff
9430,20,443,19,25,ffffffff
9430,20,443,19,28,ffffffff
9430,20,443,19,30,ffffffff
9431,40,430,19,23,ffffffff
9431,40,432,19,0,ffffffff
9431,20,443,19,29,ffffffff
9432,40,430,19,16,ffffffff
9432,20,443,19,27,ffffffff
9432,40,432,19,1,ffffffff
9433,20,443,19,31,ffffffff
9433,40,432,19,4,ffffffff
9433,40,432,19,6,ffffffff
9433,40,432,19,5,ffffffff
9434,68,419,19,13,ffffffff
9436,68,419,19,15,ffffffff
9437,28,443,19,25,ffffffff
9438,68,419,19,9,ffffffff
9438,70,419,19,8,ffffffff
9438,70,419,19,10,ffffffff
9439,28,443,19,24,ffffffff
9439,28,443,19,29,ffffffff
9439,28,443,19,27,ffffffff
9440,68,419,19,11,ffffffff
9440,28,443,19,28,ffffffff
9440,28,443,19,26,ffffffff
9441,28,443,19,30,ffffffff
9441,28,443,19,31,ffffffff
9442,50,432,19,3,ffffffff
9442,50,432,19,2,ffffffff
9443,50,432,19,7,ffffffff
9444,68,419,19,14,ffffffff
9444,50,430,19,20,ffffffff
9445,50,430,19,21,ffffffff
9445,50,430,19,18,ffffffff
9445,30,443,19,24,ffffffff
9446,70,419,19,13,ffffffff
9446,30,443,19,28,ffffffff
9447,30,443,19,25,ffffffff
9447,50,430,19,23,ffffffff
9447,50,430,19,22,ffffffff
9447,50,432,19,0,ffffffff
9448,68,419,19,12,ffffffff
9448,70,419,19,15,ffffffff
9448,30,443,19,29,ffffffff
9448,30,443,19,26,ffffffff
9449,30,443,19,27,ffffffff
9449,50,432,19,1,ffffffff
9449,50,432,19,4,ffffffff
9450,50,430,19,17,ffffffff
9450,30,443,19,31,ffffffff
9450,30,443,19,30,ffffffff
9451,50,430,19,16,ffffffff
9451,50,432,19,5,ffffffff
9454,58,432,19,3,ffffffff
9454,50,432,19,6,ffffffff
9455,58,432,19,2,ffffffff
9455,58,430,19,20,ffffffff
9456,70,419,19,9,ffffffff
9456,58,432,19,7,ffffffff
9457,38,443,19,24,ffffffff
9458,70,419,19,11,ffffffff
9458,58,430,19,17,ffffffff
9458,70,419,19,14,ffffffff
9459,58,432,19,0,ffffffff
9460,58,430,19,21,ffffffff
9460,58,430,19,19,ffffffff
9460,58,430,19,22,ffffffff
9461,58,432,19,4,ffffffff
9462,38,443,19,25,ffffffff
9462,38,443,19,26,ffffffff
9462,58,430,19,23,ffffffff
9463,70,419,19,12,ffffffff
9464,38,443,19,29,ffffffff
9464,38,443,19,27,ffffffff
9464,38,443,19,30,ffffffff
9465,58,430,19,16,ffffffff
9466,58,432,19,1,ffffffff
9466,58,432,19,6,ffffffff
9466,38,443,19,31,ffffffff
9466,40,443,19,24,ffffffff
9467,60,430,19,20,ffffffff
9467,68,432,19,2,ffffffff
9467,68,430,19,17,ffffffff
9468,58,432,19,5,ffffffff
9468,60,432,19,3,ffffffff
9468,60,432,19,2,ffffffff
9469,68,432,19,3,ffffffff
9470,60,432,19,7,ffffffff
9470,60,432,19,0,ffffffff
9470,40,443,19,26,ffffffff
9470,40,443,19,25,ffffffff
9471,60,430,19,21,ffffffff
9471,60,430,19,22,ffffffff
9471,68,432,19,7,ffffffff
9472,60,432,19,4,ffffffff
9472,40,443,19,29,ffffffff
9472,40,443,19,30,ffffffff
9473,68,430,19,20,ffffffff
9474,38,443,19,28,ffffffff
9474,40,443,19,27,ffffffff
9475,60,430,19,23,ffffffff
9475,68,430,19,22,ffffffff
9476,60,432,19,1,ffffffff
9476,60,432,19,6,ffffffff
9476,40,443,19,31,ffffffff
9476,68,432,19,4,ffffffff
9478,60,430,19,17,ffffffff
9478,68,432,19,6,ffffffff
9479,50,430,19,19,ffffffff
9479,70,432,19,2,ffffffff
9479,50,443,19,24,ffffffff
9480,70,430,19,17,ffffffff
9480,70,432,19,3,ffffffff
9480,60,430,19,16,ffffffff
9481,68,430,19,16,ffffffff
9482,68,432,19,1,ffffffff
9483,70,432,19,7,ffffffff
9485,58,430,19,18,ffffffff
9485,70,430,19,20,ffffffff
9485,50,443,19,27,ffffffff
9485,50,443,19,25,ffffffff
9486,68,430,19,23,ffffffff
9486,60,432,19,5,ffffffff
9486,40,443,19,28,ffffffff
9486,50,443,19,30,ffffffff
9487,68,430,19,21,ffffffff
9487,58,443,19,24,ffffffff
9487,70,430,19,22,ffffffff
9487,50,443,19,31,ffffffff
9488,68,432,19,0,ffffffff
9488,50,443,19,26,ffffffff
9488,50,443,19,29,ffffffff
9491,60,430,19,19,ffffffff
9492,70,432,19,4,ffffffff
9492,70,432,19,6,ffffffff
9492,58,443,19,25,ffffffff
9492,68,430,19,19,ffffffff
9493,58,443,19,27,ffffffff
9494,70,430,19,16,ffffffff
9494,58,443,19,30,ffffffff
9494,58,443,19,29,ffffffff
9495,68,432,19,5,ffffffff
9495,68,430,19,18,ffffffff
9496,70,432,19,1,ffffffff
9496,60,430,19,18,ffffffff
9497,70,430,19,23,ffffffff
9498,70,432,19,0,ffffffff
9499,58,443,19,26,ffffffff
9499,70,430,19,21,ffffffff
9499,58,443,19,31,ffffffff
9499,50,443,19,28,ffffffff
9500,60,443,19,24,ffffffff
9500,68,443,19,25,ffffffff
9501,70,430,19,19,ffffffff
9501,60,443,19,25,ffffffff
9501,68,443,19,24,ffffffff
9502,68,443,19,27,ffffffff
9503,60,443,19,27,ffffffff
9503,60,443,19,30,ffffffff
9503,68,443,19,29,ffffffff
9504,60,443,19,29,ffffffff
9504,68,443,19,30,ffffffff
9505,58,443,19,28,ffffffff
9505,70,430,19,18,ffffffff
9507,70,432,19,5,ffffffff
9507,68,443,19,31,ffffffff
9507,68,443,19,26,ffffffff
9508,60,443,19,26,ffffffff
9508,60,443,19,31,ffffffff
9509,70,443,19,25,ffffffff
9510,70,443,19,24,ffffffff
9511,70,443,19,27,ffffffff
9512,70,443,19,29,ffffffff
9513,70,443,19,30,ffffffff
9513,68,443,19,28,ffffffff
9514,60,443,19,28,ffffffff
9516,70,443,19,26,ffffffff
9516,70,443,19,31,ffffffff
9522,70,443,19,28,ffffffff
9853,78,419,19,15,ffffffff
9856,78,419,19,10,ffffffff
9859,80,419,19,15,ffffffff
9862,80,419,19,10,ffffffff
9866,78,432,19,3,ffffffff
9870,78,419,19,8,ffffffff
9872,80,432,19,3,ffffffff
9876,80,419,19,8,ffffffff
9886,78,432,19,2,ffffffff
9892,80,432,19,2,ffffffff
9903,78,419,19,14,ffffffff
9909,80,419,19,14,ffffffff
9920,78,430,19,22,ffffffff
9921,78,419,19,13,ffffffff
9923,78,443,19,24,ffffffff
9926,80,430,19,22,ffffffff
9927,80,419,19,13,ffffffff
9928,78,443,19,26,ffffffff
9929,80,443,19,24,ffffffff
9934,80,443,19,26,ffffffff
9944,78,419,19,9,ffffffff
9946,78,419,19,12,ffffffff
9949,78,432,19,1,ffffffff
9950,80,419,19,9,ffffffff
9950,78,432,19,4,ffffffff
9951,78,432,19,5,ffffffff
9952,80,419,19,12,ffffffff
9953,78,432,19,7,ffffffff
9955,80,432,19,1,ffffffff
9956,80,432,19,4,ffffffff
9957,80,432,19,5,ffffffff
9958,78,419,19,11,ffffffff
9959,80,432,19,7,ffffffff
9964,80,419,19,11,ffffffff
9964,78,430,19,18,ffffffff
9966,78,430,19,20,ffffffff
9970,80,430,19,18,ffffffff
9972,80,430,19,20,ffffffff
9974,78,430,19,16,ffffffff
9975,78,430,19,17,ffffffff
9980,80,430,19,16,ffffffff
9981,80,430,19,17,ffffffff
9984,78,443,19,31,ffffffff
9985,78,432,19,6,ffffffff
9990,80,443,19,31,ffffffff
9991,80,432,19,6,ffffffff
9991,78,443,19,29,ffffffff
9993,78,430,19,19,ffffffff
9995,78,443,19,25,ffffffff
9997,80,443,19,29,ffffffff
9999,80,430,19,19,ffffffff
10001,80,443,19,25,ffffffff
10001,78,443,19,30,ffffffff
10002,78,432,19,0,ffffffff
10005,78,443,19,27,ffffffff
10006,78,443,19,28,ffffffff
10007,80,443,19,30,ffffffff
10008,80,432,19,0,ffffffff
10011,80,443,19,27,ffffffff
10012,80,443,19,28,ffffffff
10016,78,430,19,23,ffffffff
10022,80,430,19,23,ffffffff
10036,78,430,19,21,ffffffff
10042,80,430,19,21,ffffffff
10131,88,432,19,2,ffffffff
10138,98,432,19,2,ffffffff
10147,a0,432,19,2,ffffffff
10148,88,419,19,10,ffffffff
10155,98,419,19,10,ffffffff
10164,a0,419,19,10,ffffffff
10175,90,432,19,2,ffffffff
10179,a8,432,19,2,ffffffff
10181,b0,432,19,2,ffffffff
10183,88,419,19,14,ffffffff
10190,98,419,19,14,ffffffff
10192,90,419,19,10,ffffffff
10196,a8,419,19,10,ffffffff
10199,b0,419,19,10,ffffffff
10200,a0,419,19,14,ffffffff
10200,88,432,19,3,ffffffff
10202,88,419,19,8,ffffffff
10207,98,432,19,3,ffffffff
10209,98,419,19,8,ffffffff
10210,88,419,19,15,ffffffff
10211,88,419,19,12,ffffffff
10216,a0,432,19,3,ffffffff
10217,98,419,19,15,ffffffff
10218,a0,419,19,8,ffffffff
10219,98,419,19,12,ffffffff
10226,a0,419,19,15,ffffffff
10227,90,419,19,14,ffffffff
10228,a0,419,19,12,ffffffff
10230,88,432,19,4,ffffffff
10231,a8,419,19,14,ffffffff
10233,b0,419,19,14,ffffffff
10233,88,443,19,26,ffffffff
10235,88,432,19,5,ffffffff
10237,98,432,19,4,ffffffff
10240,98,443,19,26,ffffffff
10242,98,432,19,5,ffffffff
10242,88,419,19,13,ffffffff
10244,90,432,19,3,ffffffff
10245,88,430,19,22,ffffffff
10246,90,419,19,8,ffffffff
10246,a0,432,19,4,ffffffff
10248,88,432,19,7,ffffffff
10248,a8,432,19,3,ffffffff
10249,a0,443,19,26,ffffffff
10250,b0,432,19,3,ffffffff
10250,88,432,19,1,ffffffff
10250,a8,419,19,8,ffffffff
10251,98,419,19,13,ffffffff
10252,a0,432,19,5,ffffffff
10252,98,430,19,22,ffffffff
10252,b0,419,19,8,ffffffff
10254,90,419,19,15,ffffffff
10255,90,419,19,12,ffffffff
10255,98,432,19,7,ffffffff
10256,88,419,19,11,ffffffff
10258,a8,419,19,15,ffffffff
10259,98,432,19,1,ffffffff
10259,a8,419,19,12,ffffffff
10260,a0,419,19,13,ffffffff
10261,a0,430,19,22,ffffffff
10261,b0,419,19,12,ffffffff
10263,b0,419,19,15,ffffffff
10264,a0,432,19,7,ffffffff
10265,98,419,19,11,ffffffff
10266,88,419,19,9,ffffffff
10267,88,430,19,16,ffffffff
10268,a0,432,19,1,ffffffff
10269,88,430,19,17,ffffffff
10273,98,419,19,9,ffffffff
10274,90,432,19,4,ffffffff
10274,a0,419,19,11,ffffffff
10274,98,430,19,16,ffffffff
10276,98,430,19,17,ffffffff
10277,90,443,19,26,ffffffff
10278,a8,432,19,4,ffffffff
10279,90,432,19,5,ffffffff
10279,88,443,19,24,ffffffff
10280,88,432,19,6,ffffffff
10281,a8,443,19,26,ffffffff
10282,a0,419,19,9,ffffffff
10283,b0,432,19,4,ffffffff
10283,b0,443,19,26,ffffffff
10283,a8,432,19,5,ffffffff
10284,a0,430,19,16,ffffffff
10285,a0,430,19,17,ffffffff
10286,90,419,19,13,ffffffff
10286,98,443,19,24,ffffffff
10286,b0,432,19,5,ffffffff
10287,98,432,19,6,ffffffff
10289,90,430,19,22,ffffffff
10290,a8,419,19,13,ffffffff
10292,90,432,19,7,ffffffff
10292,b0,419,19,13,ffffffff
10293,a8,430,19,22,ffffffff
10294,90,432,19,1,ffffffff
10295,a0,443,19,24,ffffffff
10296,b0,430,19,22,ffffffff
10296,a8,432,19,7,ffffffff
10297,a0,432,19,6,ffffffff
10298,b0,432,19,7,ffffffff
10298,a8,432,19,1,ffffffff
10300,90,419,19,11,ffffffff
10300,b0,432,19,1,ffffffff
10302,88,430,19,20,ffffffff
10304,88,443,19,30,ffffffff
10304,a8,419,19,11,ffffffff
10306,b0,419,19,11,ffffffff
10308,88,432,19,0,ffffffff
10309,98,430,19,20,ffffffff
10310,90,419,19,9,ffffffff
10311,90,430,19,16,ffffffff
10311,98,443,19,30,ffffffff
10314,90,430,19,17,ffffffff
10314,88,443,19,28,ffffffff
10314,a8,419,19,9,ffffffff
10315,a8,430,19,16,ffffffff
10316,b0,419,19,9,ffffffff
10318,98,432,19,0,ffffffff
10318,a8,430,19,17,ffffffff
10319,a0,430,19,20,ffffffff
10320,a0,443,19,30,ffffffff
10320,b0,430,19,16,ffffffff
10320,b0,430,19,17,ffffffff
10321,98,443,19,28,ffffffff
10323,90,443,19,24,ffffffff
10324,90,432,19,6,ffffffff
10327,a0,432,19,0,ffffffff
10327,a8,443,19,24,ffffffff
10328,a8,432,19,6,ffffffff
10329,88,443,19,27,ffffffff
10330,b0,443,19,24,ffffffff
10330,b0,432,19,6,ffffffff
10331,a0,443,19,28,ffffffff
10332,88,430,19,21,ffffffff
10336,98,443,19,27,ffffffff
10339,98,430,19,21,ffffffff
10340,88,443,19,31,ffffffff
10343,88,443,19,25,ffffffff
10344,88,443,19,29,ffffffff
10345,a0,443,19,27,ffffffff
10346,90,430,19,20,ffffffff
10347,98,443,19,31,ffffffff
10347,88,430,19,18,ffffffff
10348,90,443,19,30,ffffffff
10348,a0,430,19,21,ffffffff
10348,88,430,19,19,ffffffff
10350,a8,430,19,20,ffffffff
10351,98,443,19,25,ffffffff
10352,90,432,19,0,ffffffff
10352,98,443,19,29,ffffffff
10352,b0,430,19,20,ffffffff
10352,a8,443,19,30,ffffffff
10355,98,430,19,18,ffffffff
10355,98,430,19,19,ffffffff
10356,a0,443,19,31,ffffffff
10356,b0,443,19,30,ffffffff
10356,a8,432,19,0,ffffffff
10358,90,443,19,28,ffffffff
10358,b0,432,19,0,ffffffff
10360,a0,443,19,25,ffffffff
10362,a0,443,19,29,ffffffff
10362,a8,443,19,28,ffffffff
10364,a0,430,19,18,ffffffff
10364,a0,430,19,19,ffffffff
10364,b0,443,19,28,ffffffff
10372,88,430,19,23,ffffffff
10373,90,443,19,27,ffffffff
10376,90,430,19,21,ffffffff
10377,a8,443,19,27,ffffffff
10380,98,430,19,23,ffffffff
10380,a8,430,19,21,ffffffff
10381,b0,443,19,27,ffffffff
10382,b0,430,19,21,ffffffff
10384,90,443,19,31,ffffffff
10387,90,443,19,25,ffffffff
10388,a8,443,19,31,ffffffff
10389,a0,430,19,23,ffffffff
10390,b0,443,19,31,ffffffff
10391,90,443,19,29,ffffffff
10391,90,430,19,18,ffffffff
10391,a8,443,19,25,ffffffff
10392,90,430,19,19,ffffffff
10393,b0,443,19,25,ffffffff
10395,a8,430,19,18,ffffffff
10396,a8,443,19,29,ffffffff
10397,b0,443,19,29,ffffffff
10397,b0,430,19,18,ffffffff
10397,a8,430,19,19,ffffffff
10398,b0,430,19,19,ffffffff
10416,90,430,19,23,ffffffff
10420,a8,430,19,23,ffffffff
10422,b0,430,19,23,ffffffff
10581,0,554,19,9,ffffffff
10582,0,554,19,10,ffffffff
10583,0,554,19,8,ffffffff
10584,0,554,19,14,ffffffff
10585,0,554,19,11,ffffffff
10586,0,554,19,12,ffffffff
10587,0,554,19,13,ffffffff
10588,0,554,19,15,ffffffff
10589,8,554,19,9,ffffffff
10590,8,554,19,10,ffffffff
10591,8,554,19,12,ffffffff
10592,10,554,19,9,ffffffff
10593,10,554,19,10,ffffffff
10594,8,554,19,15,ffffffff
10595,10,554,19,8,ffffffff
10596,10,554,19,13,ffffffff
10597,10,554,19,14,ffffffff
10598,10,554,19,11,ffffffff
10599,10,554,19,12,ffffffff
10600,18,554,19,9,ffffffff
10601,18,554,19,10,ffffffff
10602,10,554,19,15,ffffffff
10603,20,554,19,9,ffffffff
10603,18,554,19,8,ffffffff
10604,20,554,19,10,ffffffff
10604,18,554,19,13,ffffffff
10605,8,554,19,13,ffffffff
10606,20,554,19,8,ffffffff
10606,18,554,19,14,ffffffff
10607,8,554,19,14,ffffffff
10608,18,554,19,11,ffffffff
10609,18,554,19,12,ffffffff
10610,8,554,19,8,ffffffff
10611,20,554,19,11,ffffffff
10611,28,554,19,9,ffffffff
10611,28,554,19,10,ffffffff
10611,28,554,19,8,ffffffff
10611,18,554,19,15,ffffffff
10612,20,554,19,14,ffffffff
10612,28,554,19,11,ffffffff
10612,20,554,19,12,ffffffff
10612,20,554,19,13,ffffffff
10612,8,554,19,11,ffffffff
10613,20,554,19,15,ffffffff
10613,30,554,19,8,ffffffff
10613,30,554,19,9,ffffffff
10613,30,554,19,10,ffffffff
10614,28,554,19,12,ffffffff
10614,28,554,19,13,ffffffff
10614,28,554,19,14,ffffffff
10614,30,554,19,11,ffffffff
10615,30,554,19,13,ffffffff
10615,30,554,19,14,ffffffff
10615,28,554,19,15,ffffffff
10615,30,554,19,12,ffffffff
10616,30,554,19,15,ffffffff
10623,38,554,19,8,ffffffff
10623,38,554,19,9,ffffffff
10623,38,554,19,10,ffffffff
10624,38,554,19,11,ffffffff
10625,38,554,19,14,ffffffff
10625,38,554,19,12,ffffffff
10625,38,554,19,13,ffffffff
10626,38,554,19,15,ffffffff
10626,0,561,19,2,ffffffff
10627,0,561,19,0,ffffffff
10628,0,561,19,1,ffffffff
10629,0,561,19,3,ffffffff
10630,0,561,19,4,ffffffff
10631,40,554,19,8,ffffffff
10631,40,554,19,9,ffffffff
10631,40,554,19,10,ffffffff
10631,0,561,19,5,ffffffff
10632,40,554,19,13,ffffffff
10632,40,554,19,14,ffffffff
10632,40,554,19,11,ffffffff
10632,40,554,19,12,ffffffff
10632,0,561,19,6,ffffffff
10633,40,554,19,15,ffffffff
10633,0,561,19,7,ffffffff
10634,8,561,19,2,ffffffff
10635,8,561,19,0,ffffffff
10636,8,561,19,1,ffffffff
10637,8,561,19,3,ffffffff
10638,8,561,19,4,ffffffff
10639,10,561,19,1,ffffffff
10640,10,561,19,2,ffffffff
10641,10,561,19,5,ffffffff
10642,10,561,19,4,ffffffff
10643,10,561,19,6,ffffffff
10644,10,561,19,3,ffffffff
10645,18,561,19,2,ffffffff
10646,18,561,19,3,ffffffff
10647,18,561,19,0,ffffffff
10648,18,561,19,1,ffffffff
10649,18,561,19,6,ffffffff
10650,8,561,19,6,ffffffff
10651,10,561,19,7,ffffffff
10652,50,554,19,9,ffffffff
10652,18,561,19,4,ffffffff
10653,10,561,19,0,ffffffff
10654,18,561,19,5,ffffffff
10655,50,554,19,11,ffffffff
10655,50,554,19,10,ffffffff
10655,50,554,19,8,ffffffff
10655,8,561,19,5,ffffffff
10656,50,554,19,12,ffffffff
10656,18,561,19,7,ffffffff
10657,20,561,19,2,ffffffff
10657,20,561,19,0,ffffffff
10657,8,561,19,7,ffffffff
10658,58,554,19,9,ffffffff
10658,20,561,19,4,ffffffff
10658,20,561,19,6,ffffffff
10659,58,554,19,11,ffffffff
10659,20,561,19,1,ffffffff
10660,20,561,19,3,ffffffff
10660,50,554,19,13,ffffffff
10661,20,561,19,7,ffffffff
10661,28,561,19,1,ffffffff
10661,50,554,19,14,ffffffff
10662,58,554,19,8,ffffffff
10662,58,554,19,10,ffffffff
10662,28,561,19,3,ffffffff
10662,28,561,19,5,ffffffff
10663,28,561,19,0,ffffffff
10663,28,561,19,2,ffffffff
10663,28,561,19,7,ffffffff
10664,58,554,19,12,ffffffff
10664,28,561,19,6,ffffffff
10665,28,561,19,4,ffffffff
10665,30,561,19,1,ffffffff
10665,30,561,19,2,ffffffff
10666,58,554,19,13,ffffffff
10666,30,561,19,3,ffffffff
10666,30,561,19,4,ffffffff
10667,58,554,19,15,ffffffff
10667,30,561,19,0,ffffffff
10667,30,561,19,5,ffffffff
10668,30,561,19,7,ffffffff
10668,30,561,19,6,ffffffff
10669,58,554,19,14,ffffffff
10670,68,554,19,9,ffffffff
10670,0,573,19,24,ffffffff
10671,60,554,19,9,ffffffff
10671,68,554,19,11,ffffffff
10671,68,554,19,10,ffffffff
10671,0,573,19,25,ffffffff
10672,20,561,19,5,ffffffff
10672,60,554,19,11,ffffffff
10672,60,554,19,10,ffffffff
10672,60,554,19,8,ffffffff
10672,0,573,19,28,ffffffff
10673,50,554,19,15,ffffffff
10673,68,554,19,8,ffffffff
10673,8,573,19,25,ffffffff
10674,60,554,19,12,ffffffff
10674,0,573,19,27,ffffffff
10675,38,561,19,2,ffffffff
10675,68,554,19,12,ffffffff
10675,0,573,19,29,ffffffff
10676,38,561,19,1,ffffffff
10676,0,573,19,26,ffffffff
10677,38,561,19,3,ffffffff
10677,68,554,19,13,ffffffff
10677,0,573,19,31,ffffffff
10678,60,554,19,13,ffffffff
10678,38,561,19,6,ffffffff
10678,0,573,19,30,ffffffff
10679,38,561,19,7,ffffffff
10679,38,561,19,0,ffffffff
10679,8,573,19,24,ffffffff
10680,60,554,19,14,ffffffff
10680,8,573,19,27,ffffffff
10681,38,561,19,4,ffffffff
10681,70,554,19,11,ffffffff
10681,70,554,19,9,ffffffff
10681,68,554,19,14,ffffffff
10681,8,573,19,28,ffffffff
10682,70,554,19,10,ffffffff
10682,10,573,19,25,ffffffff
10683,70,554,19,8,ffffffff
10683,8,573,19,29,ffffffff
10684,38,561,19,5,ffffffff
10684,60,554,19,15,ffffffff
10684,8,573,19,26,ffffffff
10685,68,554,19,15,ffffffff
10685,10,573,19,27,ffffffff
10686,0,578,19,16,ffffffff
10687,40,561,19,1,ffffffff
10687,8,578,19,17,ffffffff
10688,40,561,19,2,ffffffff
10688,0,578,19,18,ffffffff
10689,70,554,19,12,ffffffff
10689,40,561,19,3,ffffffff
10689,0,578,19,19,ffffffff
10690,40,561,19,0,ffffffff
10690,0,578,19,20,ffffffff
10691,0,578,19,21,ffffffff
10692,40,561,19,6,ffffffff
10692,0,578,19,22,ffffffff
10693,40,561,19,7,ffffffff
10694,40,561,19,4,ffffffff
10694,8,578,19,16,ffffffff
10695,70,554,19,13,ffffffff
10695,10,578,19,17,ffffffff
10696,40,561,19,5,ffffffff
10697,8,578,19,19,ffffffff
10700,70,554,19,14,ffffffff
10700,8,578,19,18,ffffffff
10701,70,554,19,15,ffffffff
10701,10,578,19,19,ffffffff
10703,18,578,19,17,ffffffff
10704,10,578,19,18,ffffffff
10705,8,578,19,21,ffffffff
10706,18,578,19,19,ffffffff
10707,10,578,19,16,ffffffff
10708,8,578,19,22,ffffffff
10710,0,578,19,23,ffffffff
10711,8,578,19,20,ffffffff
10712,10,573,19,26,ffffffff
10713,10,578,19,21,ffffffff
10714,18,573,19,27,ffffffff
10715,18,573,19,24,ffffffff
10716,10,573,19,30,ffffffff
10717,18,573,19,25,ffffffff
10718,10,573,19,31,ffffffff
10719,10,573,19,28,ffffffff
10721,10,573,19,29,ffffffff
10723,18,578,19,16,ffffffff
10724,18,578,19,18,ffffffff
10725,18,578,19,21,ffffffff
10726,8,578,19,23,ffffffff
10727,10,578,19,20,ffffffff
10728,10,578,19,22,ffffffff
10729,18,573,19,29,ffffffff
10730,0,578,19,17,ffffffff
10731,18,573,19,31,ffffffff
10732,18,573,19,28,ffffffff
10733,18,573,19,26,ffffffff
10734,10,578,19,23,ffffffff
10735,18,578,19,20,ffffffff
10736,10,573,19,24,ffffffff
10737,18,573,19,30,ffffffff
10738,18,578,19,23,ffffffff
10739,8,573,19,31,ffffffff
10740,18,578,19,22,ffffffff
10741,50,561,19,1,ffffffff
10741,20,573,19,27,ffffffff
10741,20,573,19,24,ffffffff
10741,20,573,19,26,ffffffff
10741,8,573,19,30,ffffffff
10742,20,573,19,28,ffffffff
10742,20,573,19,30,ffffffff
10742,20,573,19,31,ffffffff
10744,50,561,19,2,ffffffff
10744,50,561,19,3,ffffffff
10744,50,561,19,0,ffffffff
10745,58,561,19,1,ffffffff
10746,20,578,19,17,ffffffff
10746,20,578,19,19,ffffffff
10746,20,578,19,16,ffffffff
10746,20,578,19,18,ffffffff
10747,20,573,19,25,ffffffff
10747,20,578,19,20,ffffffff
10747,20,578,19,22,ffffffff
10747,20,578,19,23,ffffffff
10748,20,573,19,29,ffffffff
10748,28,573,19,24,ffffffff
10748,28,573,19,26,ffffffff
10748,28,573,19,27,ffffffff
10749,28,573,19,28,ffffffff
10749,50,561,19,5,ffffffff
10749,28,573,19,31,ffffffff
10749,28,573,19,30,ffffffff
10750,28,578,19,17,ffffffff
10751,28,578,19,21,ffffffff
10752,50,561,19,4,ffffffff
10752,28,573,19,25,ffffffff
10753,58,561,19,0,ffffffff
10753,50,561,19,6,ffffffff
10753,50,561,19,7,ffffffff
10753,28,573,19,29,ffffffff
10754,58,561,19,2,ffffffff
10754,58,561,19,3,ffffffff
10754,28,578,19,16,ffffffff
10755,28,578,19,18,ffffffff
10755,28,578,19,19,ffffffff
10755,30,573,19,24,ffffffff
10756,20,578,19,21,ffffffff
10756,30,573,19,28,ffffffff
10756,30,573,19,26,ffffffff
10756,30,573,19,27,ffffffff
10757,60,561,19,1,ffffffff
10757,30,573,19,30,ffffffff
10757,30,573,19,31,ffffffff
10759,30,578,19,16,ffffffff
10759,30,578,19,21,ffffffff
10760,58,561,19,5,ffffffff
10760,58,561,19,4,ffffffff
10760,30,578,19,18,ffffffff
10760,30,578,19,19,ffffffff
10761,58,561,19,7,ffffffff
10761,58,561,19,6,ffffffff
10761,30,578,19,20,ffffffff
10761,30,573,19,25,ffffffff
10762,30,573,19,29,ffffffff
10762,30,578,19,22,ffffffff
10762,30,578,19,23,ffffffff
10763,28,578,19,22,ffffffff
10763,68,561,19,1,ffffffff
10764,28,578,19,20,ffffffff
10764,30,578,19,17,ffffffff
10765,28,578,19,23,ffffffff
10765,60,561,19,0,ffffffff
10766,38,573,19,27,ffffffff
10767,38,573,19,26,ffffffff
10767,68,561,19,0,ffffffff
10768,38,573,19,24,ffffffff
10769,38,573,19,31,ffffffff
10769,38,573,19,30,ffffffff
10770,38,578,19,21,ffffffff
10770,68,561,19,2,ffffffff
10771,60,561,19,2,ffffffff
10771,60,561,19,3,ffffffff
10771,60,561,19,4,ffffffff
10772,38,573,19,25,ffffffff
10773,38,573,19,28,ffffffff
10773,38,578,19,19,ffffffff
10774,38,573,19,29,ffffffff
10774,60,561,19,6,ffffffff
10774,68,561,19,4,ffffffff
10775,38,578,19,16,ffffffff
10775,60,561,19,7,ffffffff
10776,38,578,19,18,ffffffff
10776,60,561,19,5,ffffffff
10776,40,573,19,27,ffffffff
10777,38,578,19,23,ffffffff
10777,68,561,19,6,ffffffff
10777,40,573,19,24,ffffffff
10778,70,561,19,1,ffffffff
10778,38,578,19,22,ffffffff
10778,70,561,19,0,ffffffff
10778,40,573,19,31,ffffffff
10779,40,573,19,30,ffffffff
10779,68,561,19,7,ffffffff
10779,40,578,19,21,ffffffff
10780,38,578,19,17,ffffffff
10780,40,573,19,28,ffffffff
10780,40,578,19,19,ffffffff
10781,68,561,19,3,ffffffff
10781,38,578,19,20,ffffffff
10781,40,573,19,25,ffffffff
10782,40,573,19,26,ffffffff
10782,40,573,19,29,ffffffff
10783,68,561,19,5,ffffffff
10783,70,561,19,2,ffffffff
10783,40,578,19,23,ffffffff
10784,40,578,19,18,ffffffff
10784,50,573,19,27,ffffffff
10785,70,561,19,4,ffffffff
10785,40,578,19,22,ffffffff
10786,40,578,19,16,ffffffff
10787,50,573,19,24,ffffffff
10787,50,573,19,30,ffffffff
10788,40,578,19,20,ffffffff
10791,70,561,19,3,ffffffff
10791,50,573,19,28,ffffffff
10791,40,578,19,17,ffffffff
10792,58,573,19,30,ffffffff
10792,58,573,19,24,ffffffff
10792,70,561,19,5,ffffffff
10793,50,578,19,21,ffffffff
10794,70,561,19,6,ffffffff
10794,50,573,19,29,ffffffff
10795,50,573,19,26,ffffffff
10795,50,573,19,31,ffffffff
10796,58,573,19,27,ffffffff
10796,50,578,19,18,ffffffff
10796,50,578,19,16,ffffffff
10797,58,573,19,28,ffffffff
10797,50,578,19,19,ffffffff
10797,50,578,19,22,ffffffff
10798,58,578,19,21,ffffffff
10798,50,578,19,23,ffffffff
10799,50,573,19,25,ffffffff
10800,58,573,19,25,ffffffff
10802,58,573,19,26,ffffffff
10802,58,578,19,19,ffffffff
10802,50,578,19,20,ffffffff
10802,50,578,19,17,ffffffff
10803,58,573,19,29,ffffffff
10803,58,578,19,16,ffffffff
10804,60,573,19,30,ffffffff
10804,58,578,19,23,ffffffff
10804,68,573,19,24,ffffffff
10806,58,573,19,31,ffffffff
10806,58,578,19,17,ffffffff
10806,58,578,19,18,ffffffff
10807,68,573,19,27,ffffffff
10807,68,573,19,30,ffffffff
10807,68,578,19,21,ffffffff
10808,60,573,19,27,ffffffff
10808,60,578,19,21,ffffffff
10808,58,578,19,22,ffffffff
10808,60,573,19,28,ffffffff
10809,68,573,19,28,ffffffff
10810,58,578,19,20,ffffffff
10810,68,573,19,25,ffffffff
10811,70,561,19,7,ffffffff
10811,60,573,19,25,ffffffff
10811,68,573,19,26,ffffffff
10812,60,573,19,26,ffffffff
10813,60,578,19,19,ffffffff
10813,60,578,19,16,ffffffff
10814,60,573,19,29,ffffffff
10814,68,578,19,23,ffffffff
10815,60,573,19,24,ffffffff
10815,60,578,19,23,ffffffff
10815,60,578,19,18,ffffffff
10816,60,578,19,17,ffffffff
10816,68,578,19,16,ffffffff
10817,70,573,19,24,ffffffff
10817,70,573,19,30,ffffffff
10818,70,573,19,27,ffffffff
10818,68,578,19,17,ffffffff
10818,68,578,19,22,ffffffff
10819,70,578,19,21,ffffffff
10819,60,578,19,22,ffffffff
10819,68,573,19,31,ffffffff
10819,68,578,19,20,ffffffff
10820,70,573,19,28,ffffffff
10820,60,573,19,31,ffffffff
10821,68,578,19,19,ffffffff
10821,68,578,19,18,ffffffff
10821,68,573,19,29,ffffffff
10822,70,573,19,25,ffffffff
10822,70,573,19,26,ffffffff
10823,60,578,19,20,ffffffff
10825,70,578,19,23,ffffffff
10825,70,578,19,16,ffffffff
10827,70,578,19,17,ffffffff
10827,70,578,19,22,ffffffff
10828,70,578,19,20,ffffffff
10829,70,573,19,31,ffffffff
10830,70,573,19,29,ffffffff
10830,70,578,19,18,ffffffff
10831,70,578,19,19,ffffffff
11086,78,554,19,12,ffffffff
11087,78,554,19,13,ffffffff
11089,78,554,19,10,ffffffff
11091,78,554,19,9,ffffffff
11092,80,554,19,12,ffffffff
11093,80,554,19,13,ffffffff
11093,78,554,19,11,ffffffff
11095,80,554,19,10,ffffffff
11097,80,554,19,9,ffffffff
11099,80,554,19,11,ffffffff
11112,78,554,19,8,ffffffff
11118,80,554,19,8,ffffffff
11133,78,554,19,14,ffffffff
11139,80,554,19,14,ffffffff
11141,78,561,19,0,ffffffff
11147,80,561,19,0,ffffffff
11149,78,561,19,1,ffffffff
11155,80,561,19,1,ffffffff
11162,78,554,19,15,ffffffff
11167,78,561,19,4,ffffffff
11168,80,554,19,15,ffffffff
11173,80,561,19,4,ffffffff
11199,78,561,19,5,ffffffff
11205,80,561,19,5,ffffffff
11217,78,561,19,7,ffffffff
11219,78,561,19,3,ffffffff
11220,78,573,19,24,ffffffff
11223,80,561,19,7,ffffffff
11225,80,561,19,3,ffffffff
11226,80,573,19,24,ffffffff
11230,78,561,19,6,ffffffff
11233,78,561,19,2,ffffffff
11236,80,561,19,6,ffffffff
11239,80,561,19,2,ffffffff
11240,78,578,19,20,ffffffff
11244,78,573,19,25,ffffffff
11246,80,578,19,20,ffffffff
11250,80,573,19,25,ffffffff
11252,78,573,19,30,ffffffff
11255,78,578,19,22,ffffffff
11258,80,573,19,30,ffffffff
11259,78,578,19,21,ffffffff
11261,80,578,19,22,ffffffff
11265,80,578,19,21,ffffffff
11271,78,578,19,23,ffffffff
11277,80,578,19,23,ffffffff
11286,78,573,19,27,ffffffff
11291,78,578,19,19,ffffffff
11292,80,573,19,27,ffffffff
11297,80,578,19,19,ffffffff
11302,78,573,19,29,ffffffff
11303,78,573,19,31,ffffffff
11308,80,573,19,29,ffffffff
11309,80,573,19,31,ffffffff
11313,78,573,19,26,ffffffff
11316,78,573,19,28,ffffffff
11319,80,573,19,26,ffffffff
11322,80,573,19,28,ffffffff
11329,78,578,19,17,ffffffff
11330,78,578,19,18,ffffffff
11332,78,578,19,16,ffffffff
11335,80,578,19,17,ffffffff
11336,80,578,19,18,ffffffff
11338,80,578,19,16,ffffffff
11361,88,554,19,12,ffffffff
11368,98,554,19,12,ffffffff
11373,88,554,19,10,ffffffff
11377,a0,554,19,12,ffffffff
11380,98,554,19,10,ffffffff
11389,a0,554,19,10,ffffffff
11391,88,561,19,0,ffffffff
11393,88,554,19,13,ffffffff
11395,88,561,19,1,ffffffff
11398,98,561,19,0,ffffffff
11400,98,554,19,13,ffffffff
11402,98,561,19,1,ffffffff
11405,90,554,19,12,ffffffff
11407,a0,561,19,0,ffffffff
11409,a8,554,19,12,ffffffff
11410,a0,554,19,13,ffffffff
11411,b0,554,19,12,ffffffff
11412,a0,561,19,1,ffffffff
11417,90,554,19,10,ffffffff
11421,a8,554,19,10,ffffffff
11423,b0,554,19,10,ffffffff
11426,88,554,19,11,ffffffff
11433,98,554,19,11,ffffffff
11435,90,561,19,0,ffffffff
11437,90,554,19,13,ffffffff
11439,a8,561,19,0,ffffffff
11441,90,561,19,1,ffffffff
11441,b0,561,19,0,ffffffff
11441,a8,554,19,13,ffffffff
11442,a0,554,19,11,ffffffff
11443,b0,554,19,13,ffffffff
11445,88,554,19,14,ffffffff
11445,a8,561,19,1,ffffffff
11446,88,554,19,15,ffffffff
11447,b0,561,19,1,ffffffff
11452,98,554,19,14,ffffffff
11453,98,554,19,15,ffffffff
11453,88,561,19,4,ffffffff
11460,98,561,19,4,ffffffff
11461,a0,554,19,14,ffffffff
11462,a0,554,19,15,ffffffff
11467,88,554,19,9,ffffffff
11469,a0,561,19,4,ffffffff
11470,90,554,19,11,ffffffff
11474,98,554,19,9,ffffffff
11474,a8,554,19,11,ffffffff
11476,b0,554,19,11,ffffffff
11476,88,554,19,8,ffffffff
11477,88,573,19,24,ffffffff
11481,88,561,19,6,ffffffff
11483,a0,554,19,9,ffffffff
11484,98,554,19,8,ffffffff
11485,98,573,19,24,ffffffff
11488,98,561,19,6,ffffffff
11489,90,554,19,14,ffffffff
11490,90,554,19,15,ffffffff
11493,a0,554,19,8,ffffffff
11493,88,573,19,25,ffffffff
11493,a8,554,19,14,ffffffff
11494,88,561,19,3,ffffffff
11494,a8,554,19,15,ffffffff
11495,a0,573,19,24,ffffffff
11496,b0,554,19,14,ffffffff
11496,b0,554,19,15,ffffffff
11497,90,561,19,4,ffffffff
11497,a0,561,19,6,ffffffff
11498,88,578,19,20,ffffffff
11500,98,573,19,25,ffffffff
11501,98,561,19,3,ffffffff
11501,a8,561,19,4,ffffffff
11504,b0,561,19,4,ffffffff
11506,98,578,19,20,ffffffff
11509,a0,573,19,25,ffffffff
11510,a0,561,19,3,ffffffff
11511,90,554,19,9,ffffffff
11514,88,561,19,5,ffffffff
11515,a0,578,19,20,ffffffff
11515,a8,554,19,9,ffffffff
11516,88,561,19,7,ffffffff
11517,b0,554,19,9,ffffffff
11520,90,554,19,8,ffffffff
11520,88,578,19,21,ffffffff
11521,98,561,19,5,ffffffff
11522,88,573,19,30,ffffffff
11523,98,561,19,7,ffffffff
11524,90,573,19,24,ffffffff
11524,a8,554,19,8,ffffffff
11525,90,561,19,6,ffffffff
11525,88,561,19,2,ffffffff
11526,b0,554,19,8,ffffffff
11528,a8,573,19,24,ffffffff
11529,98,578,19,21,ffffffff
11529,98,573,19,30,ffffffff
11530,a0,561,19,5,ffffffff
11530,b0,573,19,24,ffffffff
11530,88,578,19,23,ffffffff
11530,a8,561,19,6,ffffffff
11532,a0,561,19,7,ffffffff
11533,98,561,19,2,ffffffff
11533,88,573,19,27,ffffffff
11534,b0,561,19,6,ffffffff
11537,90,573,19,25,ffffffff
11537,98,578,19,23,ffffffff
11538,90,561,19,3,ffffffff
11538,a0,578,19,21,ffffffff
11538,a0,573,19,30,ffffffff
11540,98,573,19,27,ffffffff
11541,a8,573,19,25,ffffffff
11542,90,578,19,20,ffffffff
11542,a0,561,19,2,ffffffff
11542,a8,561,19,3,ffffffff
11543,b0,573,19,25,ffffffff
11545,b0,561,19,3,ffffffff
11546,a0,578,19,23,ffffffff
11546,a8,578,19,20,ffffffff
11548,b0,578,19,20,ffffffff
11549,a0,573,19,27,ffffffff
11558,90,561,19,5,ffffffff
11560,90,561,19,7,ffffffff
11562,a8,561,19,5,ffffffff
11564,90,578,19,21,ffffffff
11564,b0,561,19,5,ffffffff
11564,a8,561,19,7,ffffffff
11566,90,573,19,30,ffffffff
11566,b0,561,19,7,ffffffff
11566,88,578,19,19,ffffffff
11567,88,578,19,22,ffffffff
11568,a8,578,19,21,ffffffff
11570,90,561,19,2,ffffffff
11570,b0,578,19,21,ffffffff
11570,a8,573,19,30,ffffffff
11573,98,578,19,19,ffffffff
11573,b0,573,19,30,ffffffff
11574,90,578,19,23,ffffffff
11574,a8,561,19,2,ffffffff
11575,98,578,19,22,ffffffff
11576,b0,561,19,2,ffffffff
11578,90,573,19,27,ffffffff
11578,a8,578,19,23,ffffffff
11581,b0,578,19,23,ffffffff
11582,a0,578,19,19,ffffffff
11582,a8,573,19,27,ffffffff
11584,a0,578,19,22,ffffffff
11584,b0,573,19,27,ffffffff
11587,88,578,19,17,ffffffff
11594,98,578,19,17,ffffffff
11600,88,578,19,18,ffffffff
11602,88,573,19,28,ffffffff
11603,a0,578,19,17,ffffffff
11603,88,573,19,31,ffffffff
11604,88,578,19,16,ffffffff
11605,88,573,19,26,ffffffff
11606,88,573,19,29,ffffffff
11607,98,578,19,18,ffffffff
11609,98,573,19,28,ffffffff
11610,90,578,19,19,ffffffff
11610,98,573,19,31,ffffffff
11611,90,578,19,22,ffffffff
11611,98,578,19,16,ffffffff
11612,98,573,19,26,ffffffff
11613,98,573,19,29,ffffffff
11614,a8,578,19,19,ffffffff
11615,a8,578,19,22,ffffffff
11616,a0,578,19,18,ffffffff
11619,a0,573,19,28,ffffffff
11619,b0,578,19,19,ffffffff
11620,a0,573,19,31,ffffffff
11620,b0,578,19,22,ffffffff
11621,a0,578,19,16,ffffffff
11621,a0,573,19,26,ffffffff
11622,a0,573,19,29,ffffffff
11631,90,578,19,17,ffffffff
11635,a8,578,19,17,ffffffff
11637,b0,578,19,17,ffffffff
11644,90,578,19,18,ffffffff
11646,90,573,19,28,ffffffff
11647,90,573,19,31,ffffffff
11648,a8,578,19,18,ffffffff
11649,90,573,19,26,ffffffff
11650,90,578,19,16,ffffffff
11650,90,573,19,29,ffffffff
11650,b0,578,19,18,ffffffff
11650,a8,573,19,28,ffffffff
11651,a8,573,19,31,ffffffff
11652,b0,573,19,28,ffffffff
11653,b0,573,19,31,ffffffff
11653,a8,573,19,26,ffffffff
11654,a8,573,19,29,ffffffff
11655,b0,573,19,26,ffffffff
11655,a8,578,19,16,ffffffff
11656,b0,578,19,16,ffffffff
11656,b0,573,19,29,ffffffff
11775,0,667,19,8,ffffffff
11776,0,667,19,9,ffffffff
11777,0,667,19,10,ffffffff
11778,0,667,19,12,ffffffff
11779,0,667,19,13,ffffffff
11780,0,667,19,14,ffffffff
11781,0,667,19,11,ffffffff
11782,8,667,19,9,ffffffff
11783,0,667,19,15,ffffffff
11784,8,667,19,8,ffffffff
11785,8,667,19,14,ffffffff
11786,8,667,19,15,ffffffff
11787,10,667,19,8,ffffffff
11788,10,667,19,9,ffffffff
11789,10,667,19,10,ffffffff
11790,10,667,19,11,ffffffff
11791,10,667,19,12,ffffffff
11792,10,667,19,13,ffffffff
11793,10,667,19,14,ffffffff
11794,10,667,19,15,ffffffff
11795,18,667,19,8,ffffffff
11796,18,667,19,9,ffffffff
11797,18,667,19,10,ffffffff
11798,20,667,19,8,ffffffff
11798,18,667,19,11,ffffffff
11799,20,667,19,9,ffffffff
11799,18,667,19,12,ffffffff
11800,20,667,19,10,ffffffff
11800,8,667,19,12,ffffffff
11801,20,667,19,11,ffffffff
11801,28,667,19,8,ffffffff
11801,28,667,19,9,ffffffff
11801,28,667,19,10,ffffffff
11801,18,667,19,13,ffffffff
11802,20,667,19,12,ffffffff
11802,20,667,19,13,ffffffff
11802,20,667,19,14,ffffffff
11802,28,667,19,11,ffffffff
11802,8,667,19,13,ffffffff
11803,30,667,19,9,ffffffff
11803,30,667,19,10,ffffffff
11803,20,667,19,15,ffffffff
11803,30,667,19,8,ffffffff
11803,18,667,19,14,ffffffff
11804,28,667,19,14,ffffffff
11804,30,667,19,11,ffffffff
11804,28,667,19,12,ffffffff
11804,28,667,19,13,ffffffff
11804,8,667,19,10,ffffffff
11805,28,667,19,15,ffffffff
11805,30,667,19,12,ffffffff
11805,30,667,19,13,ffffffff
11805,30,667,19,14,ffffffff
11805,18,667,19,15,ffffffff
11806,30,667,19,15,ffffffff
11806,8,667,19,11,ffffffff
11813,38,667,19,10,ffffffff
11813,38,667,19,8,ffffffff
11813,38,667,19,9,ffffffff
11814,38,667,19,11,ffffffff
11815,38,667,19,12,ffffffff
11815,38,667,19,13,ffffffff
11815,38,667,19,14,ffffffff
11816,38,667,19,15,ffffffff
11819,40,667,19,8,ffffffff
11819,40,667,19,9,ffffffff
11819,40,667,19,10,ffffffff
11820,40,667,19,11,ffffffff
11821,40,667,19,14,ffffffff
11821,40,667,19,12,ffffffff
11821,40,667,19,13,ffffffff
11822,40,667,19,15,ffffffff
11826,50,667,19,8,ffffffff
11826,50,667,19,9,ffffffff
11826,50,667,19,10,ffffffff
11827,50,667,19,11,ffffffff
11827,0,676,19,0,ffffffff
11828,0,676,19,1,ffffffff
11829,0,676,19,4,ffffffff
11830,50,667,19,14,ffffffff
11830,50,667,19,12,ffffffff
11830,50,667,19,13,ffffffff
11830,0,676,19,5,ffffffff
11831,58,667,19,9,ffffffff
11831,58,667,19,10,ffffffff
11831,58,667,19,8,ffffffff
11831,50,667,19,15,ffffffff
11831,0,676,19,2,ffffffff
11832,58,667,19,11,ffffffff
11832,0,676,19,3,ffffffff
11833,0,676,19,6,ffffffff
11834,58,667,19,14,ffffffff
11834,0,676,19,7,ffffffff
11835,58,667,19,13,ffffffff
11835,58,667,19,12,ffffffff
11835,8,676,19,0,ffffffff
11836,58,667,19,15,ffffffff
11836,8,676,19,1,ffffffff
11837,8,676,19,4,ffffffff
11838,8,676,19,5,ffffffff
11839,8,676,19,6,ffffffff
11840,60,667,19,10,ffffffff
11840,8,676,19,7,ffffffff
11841,10,676,19,5,ffffffff
11842,60,667,19,8,ffffffff
11842,10,676,19,2,ffffffff
11843,10,676,19,4,ffffffff
11844,10,676,19,3,ffffffff
11845,60,667,19,9,ffffffff
11845,18,676,19,2,ffffffff
11846,18,676,19,3,ffffffff
11847,18,676,19,0,ffffffff
11848,18,676,19,1,ffffffff
11849,10,676,19,6,ffffffff
11850,10,676,19,7,ffffffff
11851,18,676,19,4,ffffffff
11852,10,676,19,0,ffffffff
11853,18,676,19,5,ffffffff
11854,68,667,19,10,ffffffff
11854,68,667,19,8,ffffffff
11854,68,667,19,9,ffffffff
11854,10,676,19,1,ffffffff
11855,18,676,19,6,ffffffff
11856,68,667,19,11,ffffffff
11856,8,676,19,2,ffffffff
11857,60,667,19,11,ffffffff
11857,20,676,19,1,ffffffff
11857,20,676,19,2,ffffffff
11857,20,676,19,0,ffffffff
11857,18,676,19,7,ffffffff
11858,60,667,19,12,ffffffff
11858,60,667,19,13,ffffffff
11858,60,667,19,14,ffffffff
11858,8,676,19,3,ffffffff
11859,20,676,19,6,ffffffff
11859,20,676,19,3,ffffffff
11859,20,676,19,4,ffffffff
11859,20,676,19,5,ffffffff
11860,60,667,19,15,ffffffff
11860,68,667,19,14,ffffffff
11860,68,667,19,12,ffffffff
11860,68,667,19,13,ffffffff
11861,20,676,19,7,ffffffff
11861,28,676,19,0,ffffffff
11861,28,676,19,6,ffffffff
11861,28,676,19,5,ffffffff
11862,28,676,19,1,ffffffff
11862,28,676,19,2,ffffffff
11862,68,667,19,15,ffffffff
11862,28,676,19,4,ffffffff
11863,28,676,19,7,ffffffff
11863,30,676,19,0,ffffffff
11864,28,676,19,3,ffffffff
11865,30,676,19,5,ffffffff
11865,30,676,19,6,ffffffff
11866,70,667,19,9,ffffffff
11866,70,667,19,10,ffffffff
11866,30,676,19,4,ffffffff
11867,70,667,19,8,ffffffff
11867,30,676,19,1,ffffffff
11867,30,676,19,2,ffffffff
11867,30,676,19,7,ffffffff
11868,70,667,19,11,ffffffff
11869,30,676,19,3,ffffffff
11870,70,667,19,12,ffffffff
11871,70,667,19,13,ffffffff
11871,70,667,19,14,ffffffff
11872,38,676,19,0,ffffffff
11873,70,667,19,15,ffffffff
11875,38,676,19,5,ffffffff
11875,38,676,19,6,ffffffff
11875,38,676,19,4,ffffffff
11877,38,676,19,2,ffffffff
11877,38,676,19,7,ffffffff
11877,38,676,19,1,ffffffff
11878,40,676,19,0,ffffffff
11879,38,676,19,3,ffffffff
11881,40,676,19,6,ffffffff
11881,40,676,19,4,ffffffff
11881,40,676,19,5,ffffffff
11883,40,676,19,1,ffffffff
11883,40,676,19,2,ffffffff
11883,40,676,19,7,ffffffff
11885,40,676,19,3,ffffffff
11885,50,676,19,0,ffffffff
11888,50,676,19,5,ffffffff
11888,50,676,19,6,ffffffff
11889,58,676,19,0,ffffffff
11890,50,676,19,4,ffffffff
11890,50,676,19,7,ffffffff
11892,50,676,19,1,ffffffff
11892,50,676,19,2,ffffffff
11893,58,676,19,5,ffffffff
11893,58,676,19,6,ffffffff
11894,58,676,19,4,ffffffff
11894,50,676,19,3,ffffffff
11895,58,676,19,7,ffffffff
11896,58,676,19,1,ffffffff
11896,58,676,19,2,ffffffff
11897,68,676,19,0,ffffffff
11898,58,676,19,3,ffffffff
11898,60,676,19,0,ffffffff
11901,68,676,19,5,ffffffff
11901,68,676,19,6,ffffffff
11902,60,676,19,5,ffffffff
11902,60,676,19,6,ffffffff
11902,68,676,19,4,ffffffff
11903,60,676,19,4,ffffffff
11903,68,676,19,7,ffffffff
11904,60,676,19,7,ffffffff
11904,68,676,19,1,ffffffff
11904,68,676,19,2,ffffffff
11905,60,676,19,1,ffffffff
11905,60,676,19,2,ffffffff
11906,70,676,19,0,ffffffff
11906,68,676,19,3,ffffffff
11907,60,676,19,3,ffffffff
11910,70,676,19,5,ffffffff
11910,70,676,19,6,ffffffff
11911,70,676,19,4,ffffffff
11912,70,676,19,7,ffffffff
11913,70,676,19,1,ffffffff
11913,70,676,19,2,ffffffff
11915,70,676,19,3,ffffffff
11920,0,688,19,25,ffffffff
11921,0,688,19,26,ffffffff
11922,0,688,19,24,ffffffff
11923,0,688,19,27,ffffffff
11924,0,688,19,28,ffffffff
11925,0,688,19,31,ffffffff
11926,8,688,19,25,ffffffff
11927,8,688,19,26,ffffffff
11928,8,688,19,28,ffffffff
11929,8,688,19,29,ffffffff
11931,8,688,19,30,ffffffff
11932,10,688,19,24,ffffffff
11933,10,688,19,25,ffffffff
11934,10,688,19,26,ffffffff
11935,8,688,19,27,ffffffff
11936,10,688,19,28,ffffffff
11937,10,688,19,29,ffffffff
11938,10,688,19,30,ffffffff
11939,8,688,19,31,ffffffff
11940,18,688,19,24,ffffffff
11941,18,688,19,25,ffffffff
11942,18,688,19,26,ffffffff
11943,20,688,19,24,ffffffff
11943,18,688,19,28,ffffffff
11944,20,688,19,25,ffffffff
11944,8,688,19,24,ffffffff
11945,20,688,19,26,ffffffff
11945,18,688,19,29,ffffffff
11946,0,688,19,29,ffffffff
11947,18,688,19,30,ffffffff
11948,0,688,19,30,ffffffff
11949,10,688,19,31,ffffffff
11950,18,688,19,27,ffffffff
11951,18,688,19,31,ffffffff
11952,10,688,19,27,ffffffff
11953,20,688,19,27,ffffffff
11953,28,688,19,24,ffffffff
11953,28,688,19,25,ffffffff
11953,28,688,19,26,ffffffff
11954,20,688,19,28,ffffffff
11954,20,688,19,29,ffffffff
11954,20,688,19,30,ffffffff
11954,20,688,19,31,ffffffff
11955,30,688,19,25,ffffffff
11955,30,688,19,26,ffffffff
11955,28,688,19,27,ffffffff
11955,30,688,19,24,ffffffff
11956,28,688,19,30,ffffffff
11956,28,688,19,31,ffffffff
11956,28,688,19,28,ffffffff
11956,28,688,19,29,ffffffff
11957,30,688,19,27,ffffffff
11957,30,688,19,28,ffffffff
11957,30,688,19,29,ffffffff
11957,30,688,19,30,ffffffff
11958,30,688,19,31,ffffffff
11962,0,696,19,16,ffffffff
11963,0,696,19,17,ffffffff
11964,0,696,19,19,ffffffff
11965,38,688,19,26,ffffffff
11965,38,688,19,24,ffffffff
11965,38,688,19,25,ffffffff
11965,0,696,19,20,ffffffff
11966,38,688,19,27,ffffffff
11966,0,696,19,21,ffffffff
11967,38,688,19,28,ffffffff
11967,38,688,19,29,ffffffff
11967,38,688,19,30,ffffffff
11967,0,696,19,18,ffffffff
11968,38,688,19,31,ffffffff
11968,8,696,19,16,ffffffff
11969,8,696,19,17,ffffffff
11970,0,696,19,22,ffffffff
11971,40,688,19,24,ffffffff
11971,40,688,19,25,ffffffff
11971,0,696,19,23,ffffffff
11972,8,696,19,19,ffffffff
11973,8,696,19,20,ffffffff
11974,8,696,19,22,ffffffff
11975,10,696,19,16,ffffffff
11976,10,696,19,17,ffffffff
11977,10,696,19,18,ffffffff
11978,10,696,19,19,ffffffff
11979,18,696,19,16,ffffffff
11980,18,696,19,17,ffffffff
11981,10,696,19,22,ffffffff
11982,10,696,19,21,ffffffff
11983,10,696,19,23,ffffffff
11984,10,696,19,20,ffffffff
11985,18,696,19,18,ffffffff
11986,18,696,19,19,ffffffff
11987,18,696,19,20,ffffffff
11988,18,696,19,21,ffffffff
11989,40,688,19,26,ffffffff
11989,8,696,19,21,ffffffff
11990,40,688,19,27,ffffffff
11990,40,688,19,28,ffffffff
11990,40,688,19,29,ffffffff
11990,40,688,19,30,ffffffff
11990,18,696,19,22,ffffffff
11991,20,696,19,18,ffffffff
11991,40,688,19,31,ffffffff
11991,8,696,19,18,ffffffff
11992,20,696,19,17,ffffffff
11992,20,696,19,22,ffffffff
11992,20,696,19,19,ffffffff
11992,20,696,19,16,ffffffff
11992,18,696,19,23,ffffffff
11993,28,696,19,18,ffffffff
11993,20,696,19,23,ffffffff
11993,20,696,19,20,ffffffff
11993,20,696,19,21,ffffffff
11993,8,696,19,23,ffffffff
11994,28,696,19,19,ffffffff
11994,50,688,19,24,ffffffff
11994,50,688,19,25,ffffffff
11994,28,696,19,22,ffffffff
11995,28,696,19,16,ffffffff
11995,28,696,19,17,ffffffff
11995,28,696,19,23,ffffffff
11996,28,696,19,21,ffffffff
11996,28,696,19,20,ffffffff
11997,30,696,19,18,ffffffff
11998,30,696,19,19,ffffffff
11998,30,696,19,22,ffffffff
11999,50,688,19,26,ffffffff
11999,30,696,19,23,ffffffff
12000,58,688,19,24,ffffffff
12000,58,688,19,25,ffffffff
12000,50,688,19,30,ffffffff
12000,50,688,19,27,ffffffff
12001,30,696,19,16,ffffffff
12001,30,696,19,17,ffffffff
12001,50,688,19,31,ffffffff
12002,50,688,19,28,ffffffff
12002,50,688,19,29,ffffffff
12004,58,688,19,26,ffffffff
12005,30,696,19,21,ffffffff
12005,30,696,19,20,ffffffff
12005,58,688,19,27,ffffffff
12006,58,688,19,28,ffffffff
12006,58,688,19,29,ffffffff
12006,58,688,19,30,ffffffff
12007,58,688,19,31,ffffffff
12008,38,696,19,18,ffffffff
12009,38,696,19,19,ffffffff
12009,60,688,19,24,ffffffff
12009,60,688,19,25,ffffffff
12010,38,696,19,22,ffffffff
12010,68,688,19,25,ffffffff
12010,68,688,19,24,ffffffff
12011,38,696,19,23,ffffffff
12011,38,696,19,16,ffffffff
12011,38,696,19,17,ffffffff
12012,68,688,19,26,ffffffff
12013,60,688,19,26,ffffffff
12013,68,688,19,27,ffffffff
12014,38,696,19,20,ffffffff
12014,38,696,19,21,ffffffff
12014,60,688,19,27,ffffffff
12015,68,688,19,28,ffffffff
12015,68,688,19,29,ffffffff
12015,40,696,19,18,ffffffff
12016,60,688,19,29,ffffffff
12016,60,688,19,30,ffffffff
12016,60,688,19,28,ffffffff
12016,40,696,19,19,ffffffff
12017,60,688,19,31,ffffffff
12017,40,696,19,22,ffffffff
12018,68,688,19,30,ffffffff
12018,40,696,19,23,ffffffff
12018,40,696,19,16,ffffffff
12018,40,696,19,17,ffffffff
12019,68,688,19,31,ffffffff
12019,70,688,19,25,ffffffff
12019,70,688,19,24,ffffffff
12020,40,696,19,21,ffffffff
12020,40,696,19,20,ffffffff
12022,70,688,19,26,ffffffff
12023,70,688,19,27,ffffffff
12023,50,696,19,18,ffffffff
12024,70,688,19,28,ffffffff
12024,70,688,19,29,ffffffff
12024,50,696,19,19,ffffffff
12026,50,696,19,16,ffffffff
12026,50,696,19,17,ffffffff
12027,50,696,19,22,ffffffff
12028,58,696,19,18,ffffffff
12028,50,696,19,23,ffffffff
12029,58,696,19,19,ffffffff
12030,50,696,19,20,ffffffff
12030,50,696,19,21,ffffffff
12031,58,696,19,22,ffffffff
12031,58,696,19,17,ffffffff
12031,58,696,19,16,ffffffff
12032,58,696,19,23,ffffffff
12033,70,688,19,30,ffffffff
12034,70,688,19,31,ffffffff
12034,58,696,19,20,ffffffff
12034,58,696,19,21,ffffffff
12036,68,696,19,18,ffffffff
12037,60,696,19,18,ffffffff
12037,68,696,19,19,ffffffff
12038,60,696,19,19,ffffffff
12039,68,696,19,16,ffffffff
12039,68,696,19,17,ffffffff
12039,68,696,19,22,ffffffff
12040,60,696,19,22,ffffffff
12040,60,696,19,16,ffffffff
12040,60,696,19,17,ffffffff
12040,68,696,19,23,ffffffff
12041,60,696,19,23,ffffffff
12042,68,696,19,20,ffffffff
12042,68,696,19,21,ffffffff
12043,60,696,19,21,ffffffff
12043,60,696,19,20,ffffffff
12045,70,696,19,18,ffffffff
12046,70,696,19,19,ffffffff
12048,70,696,19,22,ffffffff
12048,70,696,19,16,ffffffff
12048,70,696,19,17,ffffffff
12049,70,696,19,23,ffffffff
12051,70,696,19,21,ffffffff
12051,70,696,19,20,ffffffff
12241,78,667,19,8,ffffffff
12247,80,667,19,8,ffffffff
12247,78,667,19,14,ffffffff
12253,80,667,19,14,ffffffff
12253,78,667,19,11,ffffffff
12258,78,667,19,9,ffffffff
12259,80,667,19,11,ffffffff
12264,80,667,19,9,ffffffff
12276,78,667,19,15,ffffffff
12277,78,667,19,10,ffffffff
12280,78,676,19,6,ffffffff
12282,80,667,19,15,ffffffff
12283,80,667,19,10,ffffffff
12283,78,667,19,12,ffffffff
12284,78,667,19,13,ffffffff
12286,80,676,19,6,ffffffff
12288,78,676,19,0,ffffffff
12289,80,667,19,12,ffffffff
12290,80,667,19,13,ffffffff
12294,80,676,19,0,ffffffff
12305,78,676,19,5,ffffffff
12311,80,676,19,5,ffffffff
12315,78,676,19,1,ffffffff
12317,78,676,19,3,ffffffff
12321,80,676,19,1,ffffffff
12323,80,676,19,3,ffffffff
12342,78,676,19,2,ffffffff
12343,78,676,19,4,ffffffff
12348,80,676,19,2,ffffffff
12349,80,676,19,4,ffffffff
12350,78,676,19,7,ffffffff
12356,80,676,19,7,ffffffff
12388,78,688,19,24,ffffffff
12390,78,688,19,26,ffffffff
12391,78,688,19,27,ffffffff
12393,78,688,19,25,ffffffff
12394,80,688,19,24,ffffffff
12396,80,688,19,26,ffffffff
12397,80,688,19,27,ffffffff
12399,80,688,19,25,ffffffff
12402,78,688,19,28,ffffffff
12403,78,688,19,29,ffffffff
12404,78,688,19,30,ffffffff
12408,80,688,19,28,ffffffff
12409,80,688,19,29,ffffffff
12410,80,688,19,30,ffffffff
12413,78,688,19,31,ffffffff
12415,78,696,19,18,ffffffff
12419,80,688,19,31,ffffffff
12421,80,696,19,18,ffffffff
12423,78,696,19,19,ffffffff
12428,78,696,19,16,ffffffff
12429,80,696,19,19,ffffffff
12434,80,696,19,16,ffffffff
12434,78,696,19,21,ffffffff
12435,78,696,19,22,ffffffff
12436,78,696,19,23,ffffffff
12437,78,696,19,20,ffffffff
12440,80,696,19,21,ffffffff
12441,80,696,19,22,ffffffff
12442,80,696,19,23,ffffffff
12443,80,696,19,20,ffffffff
12467,78,696,19,17,ffffffff
12473,80,696,19,17,ffffffff
12489,88,667,19,8,ffffffff
12496,98,667,19,8,ffffffff
12505,a0,667,19,8,ffffffff
12514,88,667,19,9,ffffffff
12521,98,667,19,9,ffffffff
12524,88,667,19,14,ffffffff
12529,88,667,19,11,ffffffff
12530,a0,667,19,9,ffffffff
12531,98,667,19,14,ffffffff
12533,90,667,19,8,ffffffff
12536,98,667,19,11,ffffffff
12536,88,667,19,15,ffffffff
12537,a8,667,19,8,ffffffff
12539,b0,667,19,8,ffffffff
12540,a0,667,19,14,ffffffff
12545,98,667,19,15,ffffffff
12546,a0,667,19,11,ffffffff
12546,88,667,19,10,ffffffff
12553,98,667,19,10,ffffffff
12553,88,667,19,12,ffffffff
12554,a0,667,19,15,ffffffff
12558,90,667,19,9,ffffffff
12560,98,667,19,12,ffffffff
12562,a0,667,19,10,ffffffff
12562,a8,667,19,9,ffffffff
12564,b0,667,19,9,ffffffff
12567,88,667,19,13,ffffffff
12568,90,667,19,14,ffffffff
12569,a0,667,19,12,ffffffff
12572,a8,667,19,14,ffffffff
12573,90,667,19,11,ffffffff
12574,98,667,19,13,ffffffff
12574,b0,667,19,14,ffffffff
12577,a8,667,19,11,ffffffff
12579,b0,667,19,11,ffffffff
12580,90,667,19,15,ffffffff
12583,a0,667,19,13,ffffffff
12584,a8,667,19,15,ffffffff
12586,b0,667,19,15,ffffffff
12590,90,667,19,10,ffffffff
12594,a8,667,19,10,ffffffff
12596,b0,667,19,10,ffffffff
12597,90,667,19,12,ffffffff
12601,a8,667,19,12,ffffffff
12603,b0,667,19,12,ffffffff
12611,90,667,19,13,ffffffff
12615,a8,667,19,13,ffffffff
12617,b0,667,19,13,ffffffff
12701,88,676,19,5,ffffffff
12708,98,676,19,5,ffffffff
12714,88,676,19,2,ffffffff
12717,a0,676,19,5,ffffffff
12717,88,676,19,7,ffffffff
12718,88,676,19,0,ffffffff
12721,98,676,19,2,ffffffff
12723,88,676,19,1,ffffffff
12724,98,676,19,7,ffffffff
12725,98,676,19,0,ffffffff
12726,88,676,19,6,ffffffff
12728,88,676,19,3,ffffffff
12730,a0,676,19,2,ffffffff
12730,98,676,19,1,ffffffff
12733,a0,676,19,7,ffffffff
12733,98,676,19,6,ffffffff
12734,a0,676,19,0,ffffffff
12735,98,676,19,3,ffffffff
12736,88,676,19,4,ffffffff
12739,a0,676,19,1,ffffffff
12742,a0,676,19,6,ffffffff
12743,98,676,19,4,ffffffff
12744,a0,676,19,3,ffffffff
12745,90,676,19,5,ffffffff
12749,88,688,19,26,ffffffff
12749,a8,676,19,5,ffffffff
12751,b0,676,19,5,ffffffff
12752,a0,676,19,4,ffffffff
12753,88,688,19,24,ffffffff
12756,98,688,19,26,ffffffff
12758,90,676,19,2,ffffffff
12760,98,688,19,24,ffffffff
12760,88,688,19,25,ffffffff
12761,90,676,19,7,ffffffff
12762,90,676,19,0,ffffffff
12762,a8,676,19,2,ffffffff
12765,b0,676,19,2,ffffffff
12765,88,688,19,28,ffffffff
12765,a8,676,19,7,ffffffff
12766,a0,688,19,26,ffffffff
12766,a8,676,19,0,ffffffff
12767,90,676,19,1,ffffffff
12767,98,688,19,25,ffffffff
12767,b0,676,19,7,ffffffff
12767,88,688,19,27,ffffffff
12768,88,688,19,29,ffffffff
12769,b0,676,19,0,ffffffff
12770,90,676,19,6,ffffffff
12770,a0,688,19,24,ffffffff
12771,a8,676,19,1,ffffffff
12772,90,676,19,3,ffffffff
12772,98,688,19,28,ffffffff
12774,98,688,19,27,ffffffff
12774,a8,676,19,6,ffffffff
12776,b0,676,19,1,ffffffff
12776,b0,676,19,6,ffffffff
12776,a8,676,19,3,ffffffff
12777,a0,688,19,25,ffffffff
12778,98,688,19,29,ffffffff
12778,b0,676,19,3,ffffffff
12780,90,676,19,4,ffffffff
12781,a0,688,19,28,ffffffff
12783,a0,688,19,27,ffffffff
12784,88,688,19,31,ffffffff
12784,a8,676,19,4,ffffffff
12786,b0,676,19,4,ffffffff
12786,88,688,19,30,ffffffff
12787,a0,688,19,29,ffffffff
12791,98,688,19,31,ffffffff
12792,88,696,19,18,ffffffff
12793,90,688,19,26,ffffffff
12793,98,688,19,30,ffffffff
12797,90,688,19,24,ffffffff
12797,a8,688,19,26,ffffffff
12800,a0,688,19,31,ffffffff
12801,a8,688,19,24,ffffffff
12802,98,696,19,18,ffffffff
12803,a0,688,19,30,ffffffff
12803,b0,688,19,24,ffffffff
12804,90,688,19,25,ffffffff
12804,b0,688,19,26,ffffffff
12808,a8,688,19,25,ffffffff
12809,90,688,19,28,ffffffff
12810,b0,688,19,25,ffffffff
12811,90,688,19,27,ffffffff
12811,a0,696,19,18,ffffffff
12812,88,696,19,16,ffffffff
12813,90,688,19,29,ffffffff
12813,a8,688,19,28,ffffffff
12815,b0,688,19,28,ffffffff
12815,a8,688,19,27,ffffffff
12816,88,696,19,19,ffffffff
12817,b0,688,19,27,ffffffff
12817,a8,688,19,29,ffffffff
12819,98,696,19,16,ffffffff
12819,b0,688,19,29,ffffffff
12823,98,696,19,19,ffffffff
12828,90,688,19,31,ffffffff
12828,a0,696,19,16,ffffffff
12830,90,688,19,30,ffffffff
12832,a0,696,19,19,ffffffff
12832,a8,688,19,31,ffffffff
12833,88,696,19,23,ffffffff
12834,b0,688,19,31,ffffffff
12834,88,696,19,21,ffffffff
12834,a8,688,19,30,ffffffff
12836,90,696,19,18,ffffffff
12836,b0,688,19,30,ffffffff
12840,98,696,19,23,ffffffff
12840,a8,696,19,18,ffffffff
12841,98,696,19,21,ffffffff
12842,b0,696,19,18,ffffffff
12849,a0,696,19,23,ffffffff
12850,a0,696,19,21,ffffffff
12856,90,696,19,16,ffffffff
12860,90,696,19,19,ffffffff
12860,88,696,19,20,ffffffff
12860,a8,696,19,16,ffffffff
12862,b0,696,19,16,ffffffff
12864,88,696,19,22,ffffffff
12864,a8,696,19,19,ffffffff
12866,b0,696,19,19,ffffffff
12867,98,696,19,20,ffffffff
12871,98,696,19,22,ffffffff
12871,0,762,19,8,ffffffff
12872,0,762,19,9,ffffffff
12873,0,762,19,10,ffffffff
12874,0,762,19,12,ffffffff
12875,0,762,19,13,ffffffff
12876,a0,696,19,20,ffffffff
12876,0,762,19,14,ffffffff
12877,90,696,19,23,ffffffff
12877,0,762,19,11,ffffffff
12878,90,696,19,21,ffffffff
12878,8,762,19,9,ffffffff
12879,0,762,19,15,ffffffff
12880,8,762,19,8,ffffffff
12881,8,762,19,14,ffffffff
12882,8,762,19,15,ffffffff
12883,a0,696,19,22,ffffffff
12883,10,762,19,8,ffffffff
12884,10,762,19,9,ffffffff
12885,10,762,19,10,ffffffff
12886,10,762,19,11,ffffffff
12887,10,762,19,12,ffffffff
12888,10,762,19,13,ffffffff
12889,10,762,19,14,ffffffff
12890,10,762,19,15,ffffffff
12891,18,762,19,8,ffffffff
12892,a8,696,19,21,ffffffff
12893,18,762,19,10,ffffffff
12894,20,762,19,8,ffffffff
12894,a8,696,19,23,ffffffff
12895,88,696,19,17,ffffffff
12895,18,762,19,12,ffffffff
12896,8,762,19,12,ffffffff
12897,18,762,19,9,ffffffff
12898,18,762,19,14,ffffffff
12899,8,762,19,10,ffffffff
12900,18,762,19,11,ffffffff
12901,b0,696,19,21,ffffffff
12901,20,762,19,10,ffffffff
12901,18,762,19,13,ffffffff
12902,8,762,19,13,ffffffff
12903,b0,696,19,23,ffffffff
12903,28,762,19,8,ffffffff
12903,20,762,19,9,ffffffff
12903,28,762,19,10,ffffffff
12903,18,762,19,15,ffffffff
12904,90,696,19,20,ffffffff
12904,20,762,19,14,ffffffff
12904,20,762,19,11,ffffffff
12904,20,762,19,12,ffffffff
12904,20,762,19,13,ffffffff
12904,8,762,19,11,ffffffff
12905,20,762,19,15,ffffffff
12905,30,762,19,8,ffffffff
12905,30,762,19,10,ffffffff
12906,98,696,19,17,ffffffff
12906,28,762,19,12,ffffffff
12906,28,762,19,14,ffffffff
12906,28,762,19,11,ffffffff
12907,28,762,19,9,ffffffff
12907,28,762,19,15,ffffffff
12907,30,762,19,12,ffffffff
12908,90,696,19,22,ffffffff
12908,28,762,19,13,ffffffff
12908,30,762,19,14,ffffffff
12908,30,762,19,11,ffffffff
12908,a8,696,19,20,ffffffff
12909,30,762,19,9,ffffffff
12909,30,762,19,15,ffffffff
12910,30,762,19,13,ffffffff
12911,b0,696,19,20,ffffffff
12913,a8,696,19,22,ffffffff
12914,38,762,19,10,ffffffff
12915,38,762,19,8,ffffffff
12915,a0,696,19,17,ffffffff
12916,b0,696,19,22,ffffffff
12917,38,762,19,12,ffffffff
12917,38,762,19,11,ffffffff
12917,38,762,19,14,ffffffff
12918,38,762,19,9,ffffffff
12919,38,762,19,15,ffffffff
12920,38,762,19,13,ffffffff
12920,40,762,19,10,ffffffff
12921,40,762,19,8,ffffffff
12923,40,762,19,12,ffffffff
12923,40,762,19,14,ffffffff
12923,40,762,19,11,ffffffff
12924,40,762,19,9,ffffffff
12925,40,762,19,15,ffffffff
12926,40,762,19,13,ffffffff
12927,50,762,19,10,ffffffff
12928,50,762,19,8,ffffffff
12930,50,762,19,11,ffffffff
12931,58,762,19,10,ffffffff
12931,50,762,19,9,ffffffff
12932,50,762,19,14,ffffffff
12932,50,762,19,12,ffffffff
12933,58,762,19,8,ffffffff
12934,50,762,19,15,ffffffff
12935,58,762,19,11,ffffffff
12935,50,762,19,13,ffffffff
12936,58,762,19,14,ffffffff
12936,58,762,19,12,ffffffff
12936,58,762,19,9,ffffffff
12938,58,762,19,15,ffffffff
12939,90,696,19,17,ffffffff
12939,58,762,19,13,ffffffff
12939,68,762,19,10,ffffffff
12940,60,762,19,10,ffffffff
12941,68,762,19,8,ffffffff
12942,60,762,19,8,ffffffff
12943,68,762,19,11,ffffffff
12944,60,762,19,11,ffffffff
12944,68,762,19,12,ffffffff
12944,68,762,19,9,ffffffff
12944,68,762,19,14,ffffffff
12944,a8,696,19,17,ffffffff
12945,60,762,19,12,ffffffff
12945,60,762,19,9,ffffffff
12945,60,762,19,14,ffffffff
12946,68,762,19,15,ffffffff
12947,60,762,19,15,ffffffff
12947,68,762,19,13,ffffffff
12948,70,762,19,10,ffffffff
12948,60,762,19,13,ffffffff
12949,b0,696,19,17,ffffffff
12950,70,762,19,8,ffffffff
12952,70,762,19,11,ffffffff
12953,70,762,19,12,ffffffff
12953,70,762,19,9,ffffffff
12953,70,762,19,14,ffffffff
12955,70,762,19,15,ffffffff
12956,70,762,19,13,ffffffff
13057,0,792,19,1,ffffffff
13058,0,792,19,2,ffffffff
13059,0,792,19,0,ffffffff
13060,0,792,19,6,ffffffff
13061,0,792,19,3,ffffffff
13062,0,792,19,4,ffffffff
13063,0,792,19,5,ffffffff
13064,0,792,19,7,ffffffff
13065,8,792,19,1,ffffffff
13066,8,792,19,2,ffffffff
13067,8,792,19,4,ffffffff
13068,10,792,19,1,ffffffff
13069,10,792,19,2,ffffffff
13070,8,792,19,7,ffffffff
13071,10,792,19,0,ffffffff
13072,10,792,19,5,ffffffff
13073,10,792,19,6,ffffffff
13074,10,792,19,3,ffffffff
13075,10,792,19,4,ffffffff
13076,18,792,19,1,ffffffff
13077,18,792,19,2,ffffffff
13078,10,792,19,7,ffffffff
13079,20,792,19,1,ffffffff
13079,18,792,19,0,ffffffff
13080,20,792,19,2,ffffffff
13080,18,792,19,5,ffffffff
13081,8,792,19,5,ffffffff
13082,20,792,19,0,ffffffff
13082,18,792,19,6,ffffffff
13083,8,792,19,6,ffffffff
13084,18,792,19,3,ffffffff
13085,18,792,19,4,ffffffff
13086,8,792,19,0,ffffffff
13087,20,792,19,3,ffffffff
13087,28,792,19,1,ffffffff
13087,28,792,19,2,ffffffff
13087,28,792,19,0,ffffffff
13087,18,792,19,7,ffffffff
13088,20,792,19,6,ffffffff
13088,28,792,19,3,ffffffff
13088,20,792,19,4,ffffffff
13088,20,792,19,5,ffffffff
13088,8,792,19,3,ffffffff
13089,20,792,19,7,ffffffff
13089,30,792,19,0,ffffffff
13089,30,792,19,1,ffffffff
13089,30,792,19,2,ffffffff
13090,28,792,19,4,ffffffff
13090,28,792,19,5,ffffffff
13090,28,792,19,6,ffffffff
13090,30,792,19,3,ffffffff
13091,30,792,19,5,ffffffff
13091,30,792,19,6,ffffffff
13091,28,792,19,7,ffffffff
13091,30,792,19,4,ffffffff
13092,30,792,19,7,ffffffff
13099,38,792,19,0,ffffffff
13099,38,792,19,1,ffffffff
13099,38,792,19,2,ffffffff
13100,38,792,19,3,ffffffff
13101,38,792,19,6,ffffffff
13101,38,792,19,4,ffffffff
13101,38,792,19,5,ffffffff
13102,38,792,19,7,ffffffff
13105,40,792,19,2,ffffffff
13105,40,792,19,0,ffffffff
13105,40,792,19,1,ffffffff
13105,0,799,19,25,ffffffff
13106,40,792,19,3,ffffffff
13106,0,799,19,26,ffffffff
13107,40,792,19,4,ffffffff
13107,40,792,19,5,ffffffff
13107,40,792,19,6,ffffffff
13107,0,799,19,24,ffffffff
13108,40,792,19,7,ffffffff
13108,0,799,19,30,ffffffff
13109,0,799,19,27,ffffffff
13110,0,799,19,28,ffffffff
13111,0,799,19,29,ffffffff
13112,0,799,19,31,ffffffff
13113,8,799,19,25,ffffffff
13114,8,799,19,26,ffffffff
13115,8,799,19,28,ffffffff
13116,8,799,19,31,ffffffff
13117,10,799,19,26,ffffffff
13118,10,799,19,24,ffffffff
13119,10,799,19,25,ffffffff
13120,10,799,19,27,ffffffff
13121,10,799,19,30,ffffffff
13122,10,799,19,28,ffffffff
13123,10,799,19,29,ffffffff
13124,10,799,19,31,ffffffff
13125,18,799,19,26,ffffffff
13126,18,799,19,25,ffffffff
13127,18,799,19,24,ffffffff
13128,18,799,19,27,ffffffff
13129,18,799,19,30,ffffffff
13130,8,799,19,30,ffffffff
13131,18,799,19,29,ffffffff
13132,50,792,19,1,ffffffff
13132,50,792,19,2,ffffffff
13132,50,792,19,0,ffffffff
13132,8,799,19,29,ffffffff
13133,50,792,19,3,ffffffff
13133,18,799,19,28,ffffffff
13134,20,799,19,24,ffffffff
13134,20,799,19,26,ffffffff
13134,8,799,19,24,ffffffff
13135,20,799,19,28,ffffffff
13135,20,799,19,30,ffffffff
13135,20,799,19,27,ffffffff
13135,18,799,19,31,ffffffff
13136,58,792,19,1,ffffffff
13136,20,799,19,31,ffffffff
13136,8,799,19,27,ffffffff
13137,20,799,19,25,ffffffff
13138,50,792,19,6,ffffffff
13138,50,792,19,4,ffffffff
13138,50,792,19,5,ffffffff
13139,58,792,19,2,ffffffff
13139,58,792,19,0,ffffffff
13139,50,792,19,7,ffffffff
13139,28,799,19,25,ffffffff
13140,58,792,19,3,ffffffff
13140,28,799,19,24,ffffffff
13140,28,799,19,26,ffffffff
13140,28,799,19,29,ffffffff
13141,20,799,19,29,ffffffff
13141,28,799,19,27,ffffffff
13141,28,799,19,30,ffffffff
13143,30,799,19,24,ffffffff
13144,58,792,19,4,ffffffff
13144,30,799,19,27,ffffffff
13144,30,799,19,26,ffffffff
13144,30,799,19,25,ffffffff
13145,58,792,19,6,ffffffff
13145,58,792,19,7,ffffffff
13145,58,792,19,5,ffffffff
13145,30,799,19,28,ffffffff
13146,30,799,19,29,ffffffff
13146,30,799,19,30,ffffffff
13146,30,799,19,31,ffffffff
13147,68,792,19,1,ffffffff
13147,68,792,19,2,ffffffff
13148,68,792,19,0,ffffffff
13149,60,792,19,0,ffffffff
13149,68,792,19,3,ffffffff
13150,28,799,19,28,ffffffff
13150,60,792,19,3,ffffffff
13151,28,799,19,31,ffffffff
13151,60,792,19,2,ffffffff
13151,60,792,19,1,ffffffff
13153,68,792,19,4,ffffffff
13154,38,799,19,24,ffffffff
13154,38,799,19,25,ffffffff
13154,38,799,19,26,ffffffff
13154,68,792,19,7,ffffffff
13155,38,799,19,27,ffffffff
13156,60,792,19,5,ffffffff
13156,60,792,19,6,ffffffff
13157,60,792,19,4,ffffffff
13157,68,792,19,5,ffffffff
13157,68,792,19,6,ffffffff
13158,60,792,19,7,ffffffff
13158,38,799,19,30,ffffffff
13158,38,799,19,29,ffffffff
13159,70,792,19,0,ffffffff
13160,70,792,19,3,ffffffff
13160,40,799,19,25,ffffffff
13160,40,799,19,26,ffffffff
13161,70,792,19,1,ffffffff
13161,70,792,19,2,ffffffff
13161,38,799,19,28,ffffffff
13162,38,799,19,31,ffffffff
13162,40,799,19,24,ffffffff
13163,70,792,19,4,ffffffff
13163,40,799,19,27,ffffffff
13164,70,792,19,7,ffffffff
13165,40,799,19,29,ffffffff
13165,40,799,19,30,ffffffff
13166,70,792,19,5,ffffffff
13166,70,792,19,6,ffffffff
13167,40,799,19,28,ffffffff
13168,50,799,19,25,ffffffff
13168,50,799,19,26,ffffffff
13168,40,799,19,31,ffffffff
13170,50,799,19,24,ffffffff
13171,50,799,19,27,ffffffff
13172,58,799,19,26,ffffffff
13172,58,799,19,25,ffffffff
13173,50,799,19,30,ffffffff
13173,50,799,19,29,ffffffff
13174,58,799,19,24,ffffffff
13175,58,799,19,27,ffffffff
13175,50,799,19,28,ffffffff
13176,50,799,19,31,ffffffff
13177,58,799,19,29,ffffffff
13177,58,799,19,30,ffffffff
13179,58,799,19,28,ffffffff
13180,58,799,19,31,ffffffff
13180,68,799,19,25,ffffffff
13180,68,799,19,26,ffffffff
13181,60,799,19,25,ffffffff
13181,60,799,19,26,ffffffff
13182,68,799,19,24,ffffffff
13183,60,799,19,24,ffffffff
13183,68,799,19,27,ffffffff
13184,60,799,19,27,ffffffff
13185,68,799,19,29,ffffffff
13185,68,799,19,30,ffffffff
13186,60,799,19,29,ffffffff
13186,60,799,19,30,ffffffff
13187,68,799,19,28,ffffffff
13187,0,808,19,16,ffffffff
13188,60,799,19,28,ffffffff
13188,68,799,19,31,ffffffff
13188,0,808,19,17,ffffffff
13189,60,799,19,31,ffffffff
13189,70,799,19,25,ffffffff
13189,70,799,19,26,ffffffff
13189,0,808,19,18,ffffffff
13190,0,808,19,20,ffffffff
13191,70,799,19,24,ffffffff
13191,0,808,19,21,ffffffff
13192,70,799,19,27,ffffffff
13192,0,808,19,22,ffffffff
13193,0,808,19,19,ffffffff
13194,0,808,19,23,ffffffff
13195,70,799,19,29,ffffffff
13195,70,799,19,30,ffffffff
13195,8,808,19,16,ffffffff
13196,8,808,19,18,ffffffff
13197,70,799,19,28,ffffffff
13197,8,808,19,17,ffffffff
13198,8,808,19,23,ffffffff
13199,8,808,19,21,ffffffff
13200,8,808,19,22,ffffffff
13201,10,808,19,16,ffffffff
13202,10,808,19,19,ffffffff
13203,10,808,19,20,ffffffff
13204,10,808,19,23,ffffffff
13205,10,808,19,17,ffffffff
13206,10,808,19,18,ffffffff
13208,10,808,19,21,ffffffff
13209,10,808,19,22,ffffffff
13210,20,808,19,19,ffffffff
13211,70,799,19,31,ffffffff
13214,18,808,19,19,ffffffff
13215,18,808,19,16,ffffffff
13216,18,808,19,17,ffffffff
13217,18,808,19,18,ffffffff
13218,20,808,19,16,ffffffff
13218,18,808,19,23,ffffffff
13219,18,808,19,20,ffffffff
13220,8,808,19,20,ffffffff
13221,28,808,19,19,ffffffff
13221,20,808,19,17,ffffffff
13221,20,808,19,18,ffffffff
13221,28,808,19,16,ffffffff
13221,18,808,19,21,ffffffff
13222,20,808,19,20,ffffffff
13222,28,808,19,17,ffffffff
13222,28,808,19,18,ffffffff
13222,30,808,19,19,ffffffff
13223,20,808,19,21,ffffffff
13223,20,808,19,22,ffffffff
13223,20,808,19,23,ffffffff
13223,30,808,19,16,ffffffff
13223,18,808,19,22,ffffffff
13224,30,808,19,18,ffffffff
13224,28,808,19,23,ffffffff
13224,28,808,19,20,ffffffff
13224,30,808,19,17,ffffffff
13225,30,808,19,23,ffffffff
13225,30,808,19,20,ffffffff
13225,28,808,19,21,ffffffff
13225,28,808,19,22,ffffffff
13226,30,808,19,21,ffffffff
13226,30,808,19,22,ffffffff
13226,8,808,19,19,ffffffff
13231,38,808,19,19,ffffffff
13233,38,808,19,16,ffffffff
13234,38,808,19,17,ffffffff
13234,38,808,19,18,ffffffff
13234,38,808,19,23,ffffffff
13235,38,808,19,20,ffffffff
13236,38,808,19,21,ffffffff
13236,38,808,19,22,ffffffff
13237,40,808,19,19,ffffffff
13239,40,808,19,16,ffffffff
13240,40,808,19,17,ffffffff
13240,40,808,19,18,ffffffff
13240,40,808,19,23,ffffffff
13241,40,808,19,20,ffffffff
13242,40,808,19,21,ffffffff
13242,40,808,19,22,ffffffff
13244,50,808,19,19,ffffffff
13246,50,808,19,16,ffffffff
13247,50,808,19,17,ffffffff
13247,50,808,19,18,ffffffff
13248,58,808,19,19,ffffffff
13249,50,808,19,23,ffffffff
13250,50,808,19,20,ffffffff
13251,58,808,19,16,ffffffff
13251,50,808,19,21,ffffffff
13251,50,808,19,22,ffffffff
13252,58,808,19,18,ffffffff
13252,58,808,19,17,ffffffff
13253,58,808,19,23,ffffffff
13254,58,808,19,20,ffffffff
13255,58,808,19,21,ffffffff
13255,58,808,19,22,ffffffff
13256,68,808,19,19,ffffffff
13257,60,808,19,19,ffffffff
13259,68,808,19,16,ffffffff
13260,60,808,19,16,ffffffff
13260,68,808,19,17,ffffffff
13260,68,808,19,18,ffffffff
13261,60,808,19,17,ffffffff
13261,60,808,19,18,ffffffff
13261,68,808,19,23,ffffffff
13262,60,808,19,23,ffffffff
13262,68,808,19,20,ffffffff
13263,60,808,19,20,ffffffff
13263,68,808,19,21,ffffffff
13263,68,808,19,22,ffffffff
13264,60,808,19,22,ffffffff
13264,60,808,19,21,ffffffff
13265,70,808,19,19,ffffffff
13268,70,808,19,16,ffffffff
13269,70,808,19,17,ffffffff
13269,70,808,19,18,ffffffff
13270,70,808,19,23,ffffffff
13271,70,808,19,20,ffffffff
13272,70,808,19,22,ffffffff
13272,70,808,19,21,ffffffff
13304,78,762,19,10,ffffffff
13310,80,762,19,10,ffffffff
13310,78,762,19,8,ffffffff
13314,78,762,19,11,ffffffff
13316,80,762,19,8,ffffffff
13317,78,762,19,12,ffffffff
13320,80,762,19,11,ffffffff
13323,80,762,19,12,ffffffff
13323,78,762,19,9,ffffffff
13329,80,762,19,9,ffffffff
13329,78,762,19,15,ffffffff
13330,78,762,19,13,ffffffff
13331,78,762,19,14,ffffffff
13335,80,762,19,15,ffffffff
13336,80,762,19,13,ffffffff
13337,80,762,19,14,ffffffff
13517,78,792,19,0,ffffffff
13523,80,792,19,0,ffffffff
13550,78,792,19,2,ffffffff
13551,78,792,19,3,ffffffff
13552,78,792,19,4,ffffffff
13553,78,792,19,5,ffffffff
13554,78,792,19,1,ffffffff
13556,80,792,19,2,ffffffff
13557,80,792,19,3,ffffffff
13558,80,792,19,4,ffffffff
13559,80,792,19,5,ffffffff
13560,80,792,19,1,ffffffff
13562,78,792,19,6,ffffffff
13568,80,792,19,6,ffffffff
13598,78,792,19,7,ffffffff
13604,80,792,19,7,ffffffff
13605,78,799,19,24,ffffffff
13611,80,799,19,24,ffffffff
13618,78,799,19,25,ffffffff
13624,80,799,19,25,ffffffff
13630,78,799,19,30,ffffffff
13636,80,799,19,30,ffffffff
13637,78,799,19,26,ffffffff
13643,80,799,19,26,ffffffff
13643,78,799,19,29,ffffffff
13644,78,799,19,28,ffffffff
13649,80,799,19,29,ffffffff
13650,80,799,19,28,ffffffff
13653,78,799,19,27,ffffffff
13657,78,799,19,31,ffffffff
13659,80,799,19,27,ffffffff
13663,80,799,19,31,ffffffff
13695,78,808,19,16,ffffffff
13697,88,762,19,10,ffffffff
13701,80,808,19,16,ffffffff
13701,78,808,19,17,ffffffff
13704,98,762,19,10,ffffffff
13707,80,808,19,17,ffffffff
13708,78,808,19,18,ffffffff
13713,a0,762,19,10,ffffffff
13713,88,762,19,8,ffffffff
13714,80,808,19,18,ffffffff
13714,88,762,19,9,ffffffff
13718,88,762,19,11,ffffffff
13720,98,762,19,8,ffffffff
13721,98,762,19,9,ffffffff
13725,98,762,19,11,ffffffff
13727,78,808,19,20,ffffffff
13729,a0,762,19,8,ffffffff
13730,a0,762,19,9,ffffffff
13733,80,808,19,20,ffffffff
13733,88,762,19,15,ffffffff
13734,a0,762,19,11,ffffffff
13737,78,808,19,22,ffffffff
13740,98,762,19,15,ffffffff
13741,90,762,19,10,ffffffff
13742,88,762,19,12,ffffffff
13743,80,808,19,22,ffffffff
13745,a8,762,19,10,ffffffff
13747,b0,762,19,10,ffffffff
13749,a0,762,19,15,ffffffff
13749,98,762,19,12,ffffffff
13751,78,808,19,19,ffffffff
13754,78,808,19,21,ffffffff
13757,90,762,19,8,ffffffff
13757,80,808,19,19,ffffffff
13758,90,762,19,9,ffffffff
13758,a0,762,19,12,ffffffff
13759,78,808,19,23,ffffffff
13760,80,808,19,21,ffffffff
13760,88,762,19,13,ffffffff
13761,88,762,19,14,ffffffff
13761,a8,762,19,8,ffffffff
13762,90,762,19,11,ffffffff
13762,a8,762,19,9,ffffffff
13763,b0,762,19,8,ffffffff
13764,b0,762,19,9,ffffffff
13765,80,808,19,23,ffffffff
13766,a8,762,19,11,ffffffff
13767,98,762,19,13,ffffffff
13768,98,762,19,14,ffffffff
13768,b0,762,19,11,ffffffff
13776,a0,762,19,13,ffffffff
13777,90,762,19,15,ffffffff
13777,a0,762,19,14,ffffffff
13781,a8,762,19,15,ffffffff
13783,b0,762,19,15,ffffffff
13786,90,762,19,12,ffffffff
13790,a8,762,19,12,ffffffff
13792,b0,762,19,12,ffffffff
13801,88,792,19,2,ffffffff
13804,90,762,19,13,ffffffff
13805,90,762,19,14,ffffffff
13808,98,792,19,2,ffffffff
13808,a8,762,19,13,ffffffff
13809,a8,762,19,14,ffffffff
13810,b0,762,19,13,ffffffff
13811,b0,762,19,14,ffffffff
13817,a0,792,19,2,ffffffff
13828,88,792,19,0,ffffffff
13835,98,792,19,0,ffffffff
13844,a0,792,19,0,ffffffff
13845,90,792,19,2,ffffffff
13845,88,792,19,4,ffffffff
13847,88,792,19,7,ffffffff
13849,a8,792,19,2,ffffffff
13850,88,792,19,6,ffffffff
13851,b0,792,19,2,ffffffff
13852,98,792,19,4,ffffffff
13854,98,792,19,7,ffffffff
13855,88,792,19,3,ffffffff
13856,88,792,19,5,ffffffff
13857,98,792,19,6,ffffffff
13861,a0,792,19,4,ffffffff
13862,98,792,19,3,ffffffff
13863,a0,792,19,7,ffffffff
13863,98,792,19,5,ffffffff
13866,a0,792,19,6,ffffffff
13867,88,792,19,1,ffffffff
13871,a0,792,19,3,ffffffff
13872,90,792,19,0,ffffffff
13872,a0,792,19,5,ffffffff
13874,98,792,19,1,ffffffff
13876,a8,792,19,0,ffffffff
13878,b0,792,19,0,ffffffff
13883,a0,792,19,1,ffffffff
13889,90,792,19,4,ffffffff
13891,90,792,19,7,ffffffff
13893,a8,792,19,4,ffffffff
13894,90,792,19,6,ffffffff
13895,b0,792,19,4,ffffffff
13895,a8,792,19,7,ffffffff
13897,b0,792,19,7,ffffffff
13898,a8,792,19,6,ffffffff
13899,90,792,19,3,ffffffff
13900,90,792,19,5,ffffffff
13900,b0,792,19,6,ffffffff
13903,a8,792,19,3,ffffffff
13904,a8,792,19,5,ffffffff
13905,b0,792,19,3,ffffffff
13906,b0,792,19,5,ffffffff
13911,90,792,19,1,ffffffff
13915,a8,792,19,1,ffffffff
13917,b0,792,19,1,ffffffff
13965,88,799,19,24,ffffffff
13972,98,799,19,24,ffffffff
13981,a0,799,19,24,ffffffff
13991,88,799,19,30,ffffffff
13994,88,799,19,25,ffffffff
13995,88,799,19,26,ffffffff
13998,98,799,19,30,ffffffff
14001,98,799,19,25,ffffffff
14002,98,799,19,26,ffffffff
14007,a0,799,19,30,ffffffff
14009,90,799,19,24,ffffffff
14010,a0,799,19,25,ffffffff
14011,a0,799,19,26,ffffffff
14011,88,799,19,27,ffffffff
14013,a8,799,19,24,ffffffff
14015,b0,799,19,24,ffffffff
14018,98,799,19,27,ffffffff
14027,a0,799,19,27,ffffffff
14028,88,799,19,31,ffffffff
14031,88,799,19,28,ffffffff
14035,90,799,19,30,ffffffff
14035,98,799,19,31,ffffffff
14038,90,799,19,25,ffffffff
14038,98,799,19,28,ffffffff
14039,90,799,19,26,ffffffff
14039,a8,799,19,30,ffffffff
14041,b0,799,19,30,ffffffff
14042,a8,799,19,25,ffffffff
14043,a8,799,19,26,ffffffff
14044,a0,799,19,31,ffffffff
14044,b0,799,19,25,ffffffff
14045,b0,799,19,26,ffffffff
14047,a0,799,19,28,ffffffff
14055,90,799,19,27,ffffffff
14056,88,799,19,29,ffffffff
14059,a8,799,19,27,ffffffff
14061,b0,799,19,27,ffffffff
14063,98,799,19,29,ffffffff
14071,88,808,19,17,ffffffff
14072,90,799,19,31,ffffffff
14072,a0,799,19,29,ffffffff
14075,90,799,19,28,ffffffff
14076,a8,799,19,31,ffffffff
14077,0,882,19,9,ffffffff
14078,98,808,19,17,ffffffff
14078,b0,799,19,31,ffffffff
14078,88,808,19,18,ffffffff
14078,0,882,19,10,ffffffff
14079,0,882,19,8,ffffffff
14080,88,808,19,16,ffffffff
14080,0,882,19,14,ffffffff
14081,0,882,19,11,ffffffff
14082,0,882,19,12,ffffffff
14083,0,882,19,13,ffffffff
14084,0,882,19,15,ffffffff
14085,8,882,19,9,ffffffff
14086,8,882,19,10,ffffffff
14087,8,882,19,8,ffffffff
14088,8,882,19,15,ffffffff
14089,8,882,19,12,ffffffff
14090,a0,808,19,17,ffffffff
14090,10,882,19,10,ffffffff
14091,10,882,19,9,ffffffff
14092,b0,799,19,28,ffffffff
14092,10,882,19,11,ffffffff
14093,18,882,19,10,ffffffff
14094,10,882,19,8,ffffffff
14095,10,882,19,15,ffffffff
14096,10,882,19,13,ffffffff
14097,98,808,19,18,ffffffff
14097,88,808,19,20,ffffffff
14097,10,882,19,14,ffffffff
14098,10,882,19,12,ffffffff
14099,18,882,19,11,ffffffff
14100,90,799,19,29,ffffffff
14100,18,882,19,9,ffffffff
14101,18,882,19,8,ffffffff
14102,20,882,19,11,ffffffff
14102,18,882,19,14,ffffffff
14103,8,882,19,14,ffffffff
14104,18,882,19,15,ffffffff
14105,8,882,19,11,ffffffff
14106,98,808,19,16,ffffffff
14106,18,882,19,13,ffffffff
14107,18,882,19,12,ffffffff
14108,a8,799,19,28,ffffffff
14109,20,882,19,9,ffffffff
14109,20,882,19,10,ffffffff
14109,28,882,19,11,ffffffff
14109,20,882,19,8,ffffffff
14109,a8,799,19,29,ffffffff
14110,20,882,19,12,ffffffff
14110,28,882,19,9,ffffffff
14110,20,882,19,14,ffffffff
14110,20,882,19,15,ffffffff
14110,8,882,19,13,ffffffff
14111,20,882,19,13,ffffffff
14111,30,882,19,11,ffffffff
14112,28,882,19,15,ffffffff
14112,b0,799,19,29,ffffffff
14112,88,808,19,22,ffffffff
14113,30,882,19,15,ffffffff
14113,30,882,19,9,ffffffff
14114,28,882,19,10,ffffffff
14114,98,808,19,20,ffffffff
14114,28,882,19,13,ffffffff
14115,90,808,19,17,ffffffff
14115,a0,808,19,18,ffffffff
14115,a0,808,19,16,ffffffff
14115,30,882,19,13,ffffffff
14116,28,882,19,8,ffffffff
14116,28,882,19,14,ffffffff
14117,30,882,19,14,ffffffff
14117,30,882,19,8,ffffffff
14118,30,882,19,10,ffffffff
14118,30,882,19,12,ffffffff
14119,28,882,19,12,ffffffff
14119,98,808,19,22,ffffffff
14120,a8,808,19,17,ffffffff
14121,38,882,19,11,ffffffff
14122,90,808,19,18,ffffffff
14123,38,882,19,9,ffffffff
14123,38,882,19,15,ffffffff
14123,a0,808,19,20,ffffffff
14124,90,808,19,16,ffffffff
14124,b0,808,19,17,ffffffff
14125,38,882,19,13,ffffffff
14126,38,882,19,8,ffffffff
14126,a8,808,19,18,ffffffff
14127,38,882,19,14,ffffffff
14127,40,882,19,11,ffffffff
14128,38,882,19,12,ffffffff
14128,88,808,19,21,ffffffff
14128,a8,808,19,16,ffffffff
14129,38,882,19,10,ffffffff
14129,40,882,19,15,ffffffff
14129,40,882,19,9,ffffffff
14130,b0,808,19,18,ffffffff
14130,b0,808,19,16,ffffffff
14130,88,808,19,19,ffffffff
14131,a0,808,19,22,ffffffff
14131,40,882,19,13,ffffffff
14132,40,882,19,8,ffffffff
14133,40,882,19,14,ffffffff
14134,50,882,19,11,ffffffff
14134,40,882,19,12,ffffffff
14135,40,882,19,10,ffffffff
14136,98,808,19,21,ffffffff
14137,50,882,19,9,ffffffff
14139,50,882,19,15,ffffffff
14139,50,882,19,8,ffffffff
14140,58,882,19,11,ffffffff
14140,50,882,19,14,ffffffff
14141,98,808,19,19,ffffffff
14141,50,882,19,13,ffffffff
14142,58,882,19,9,ffffffff
14142,88,808,19,23,ffffffff
14143,90,808,19,20,ffffffff
14143,50,882,19,12,ffffffff
14144,58,882,19,8,ffffffff
14144,50,882,19,10,ffffffff
14145,58,882,19,15,ffffffff
14145,58,882,19,13,ffffffff
14145,58,882,19,14,ffffffff
14147,a0,808,19,21,ffffffff
14147,58,882,19,12,ffffffff
14147,a8,808,19,20,ffffffff
14148,58,882,19,10,ffffffff
14149,60,882,19,11,ffffffff
14150,68,882,19,11,ffffffff
14150,68,882,19,9,ffffffff
14151,a0,808,19,19,ffffffff
14151,60,882,19,9,ffffffff
14152,98,808,19,23,ffffffff
14152,b0,808,19,20,ffffffff
14153,60,882,19,8,ffffffff
14153,68,882,19,13,ffffffff
14153,68,882,19,14,ffffffff
14153,68,882,19,15,ffffffff
14154,60,882,19,13,ffffffff
14154,60,882,19,14,ffffffff
14154,68,882,19,8,ffffffff
14155,68,882,19,12,ffffffff
14156,90,808,19,22,ffffffff
14156,68,882,19,10,ffffffff
14157,60,882,19,15,ffffffff
14157,60,882,19,10,ffffffff
14159,60,882,19,12,ffffffff
14159,70,882,19,9,ffffffff
14160,70,882,19,11,ffffffff
14160,a8,808,19,22,ffffffff
14162,a0,808,19,23,ffffffff
14162,70,882,19,13,ffffffff
14162,70,882,19,14,ffffffff
14162,0,898,19,2,ffffffff
14163,70,882,19,8,ffffffff
14163,0,898,19,0,ffffffff
14164,70,882,19,15,ffffffff
14164,0,898,19,1,ffffffff
14165,70,882,19,12,ffffffff
14165,b0,808,19,22,ffffffff
14165,0,898,19,3,ffffffff
14166,70,882,19,10,ffffffff
14166,0,898,19,4,ffffffff
14167,0,898,19,5,ffffffff
14168,0,898,19,6,ffffffff
14169,8,898,19,0,ffffffff
14170,8,898,19,2,ffffffff
14171,0,898,19,7,ffffffff
14172,90,808,19,21,ffffffff
14174,90,808,19,19,ffffffff
14174,8,898,19,3,ffffffff
14176,8,898,19,1,ffffffff
14177,10,898,19,2,ffffffff
14178,8,898,19,7,ffffffff
14180,8,898,19,5,ffffffff
14181,10,898,19,6,ffffffff
14183,10,898,19,0,ffffffff
14184,10,898,19,1,ffffffff
14186,90,808,19,23,ffffffff
14186,10,898,19,3,ffffffff
14187,10,898,19,4,ffffffff
14188,10,898,19,5,ffffffff
14189,18,898,19,2,ffffffff
14190,10,898,19,7,ffffffff
14191,18,898,19,0,ffffffff
14192,20,898,19,2,ffffffff
14192,a8,808,19,21,ffffffff
14193,18,898,19,6,ffffffff
14194,20,898,19,0,ffffffff
14194,8,898,19,6,ffffffff
14195,a8,808,19,19,ffffffff
14196,18,898,19,4,ffffffff
14197,8,898,19,4,ffffffff
14198,18,898,19,1,ffffffff
14199,18,898,19,3,ffffffff
14200,18,898,19,5,ffffffff
14201,b0,808,19,21,ffffffff
14202,18,898,19,7,ffffffff
14203,a8,808,19,23,ffffffff
14205,b0,808,19,19,ffffffff
14205,28,898,19,2,ffffffff
14205,28,898,19,0,ffffffff
14205,20,898,19,1,ffffffff
14206,20,898,19,4,ffffffff
14206,20,898,19,5,ffffffff
14206,20,898,19,6,ffffffff
14206,20,898,19,3,ffffffff
14207,28,898,19,1,ffffffff
14207,30,898,19,2,ffffffff
14207,20,898,19,7,ffffffff
14207,30,898,19,0,ffffffff
14208,28,898,19,6,ffffffff
14208,b0,808,19,23,ffffffff
14208,28,898,19,4,ffffffff
14208,28,898,19,5,ffffffff
14209,28,898,19,3,ffffffff
14209,30,898,19,4,ffffffff
14209,30,898,19,1,ffffffff
14209,30,898,19,6,ffffffff
14210,30,898,19,5,ffffffff
14210,28,898,19,7,ffffffff
14211,30,898,19,3,ffffffff
14212,30,898,19,7,ffffffff
14217,38,898,19,2,ffffffff
14217,38,898,19,0,ffffffff
14218,38,898,19,1,ffffffff
14219,38,898,19,4,ffffffff
14219,38,898,19,6,ffffffff
14220,38,898,19,5,ffffffff
14220,38,898,19,3,ffffffff
14222,38,898,19,7,ffffffff
14223,40,898,19,0,ffffffff
14223,40,898,19,2,ffffffff
14224,40,898,19,1,ffffffff
14225,40,898,19,6,ffffffff
14225,40,898,19,4,ffffffff
14226,40,898,19,3,ffffffff
14226,40,898,19,5,ffffffff
14228,40,898,19,7,ffffffff
14230,50,898,19,0,ffffffff
14230,50,898,19,2,ffffffff
14231,50,898,19,1,ffffffff
14233,50,898,19,3,ffffffff
14234,50,898,19,6,ffffffff
14234,50,898,19,4,ffffffff
14235,58,898,19,2,ffffffff
14235,58,898,19,0,ffffffff
14235,50,898,19,5,ffffffff
14236,58,898,19,1,ffffffff
14237,50,898,19,7,ffffffff
14238,58,898,19,4,ffffffff
14238,58,898,19,6,ffffffff
14238,58,898,19,3,ffffffff
14239,58,898,19,5,ffffffff
14241,58,898,19,7,ffffffff
14243,68,898,19,0,ffffffff
14243,68,898,19,2,ffffffff
14244,60,898,19,2,ffffffff
14244,60,898,19,0,ffffffff
14244,68,898,19,1,ffffffff
14245,60,898,19,1,ffffffff
14246,68,898,19,6,ffffffff
14246,68,898,19,3,ffffffff
14246,68,898,19,4,ffffffff
14247,60,898,19,6,ffffffff
14247,60,898,19,3,ffffffff
14247,60,898,19,4,ffffffff
14247,68,898,19,5,ffffffff
14248,60,898,19,5,ffffffff
14249,68,898,19,7,ffffffff
14250,60,898,19,7,ffffffff
14252,70,898,19,2,ffffffff
14252,70,898,19,0,ffffffff
14253,70,898,19,1,ffffffff
14255,70,898,19,6,ffffffff
14255,70,898,19,3,ffffffff
14255,70,898,19,4,ffffffff
14256,70,898,19,5,ffffffff
14258,70,898,19,7,ffffffff
14357,0,912,19,25,ffffffff
14358,0,912,19,26,ffffffff
14359,0,912,19,24,ffffffff
14360,0,912,19,30,ffffffff
14361,0,912,19,27,ffffffff
14362,0,912,19,28,ffffffff
14363,0,912,19,29,ffffffff
14364,0,912,19,31,ffffffff
14365,8,912,19,25,ffffffff
14366,8,912,19,26,ffffffff
14367,8,912,19,28,ffffffff
14368,10,912,19,25,ffffffff
14369,10,912,19,26,ffffffff
14370,8,912,19,31,ffffffff
14371,10,912,19,24,ffffffff
14372,10,912,19,29,ffffffff
14373,10,912,19,30,ffffffff
14374,10,912,19,27,ffffffff
14375,10,912,19,28,ffffffff
14376,18,912,19,25,ffffffff
14377,18,912,19,26,ffffffff
14378,10,912,19,31,ffffffff
14379,20,912,19,25,ffffffff
14379,18,912,19,24,ffffffff
14380,20,912,19,26,ffffffff
14380,18,912,19,29,ffffffff
14381,8,912,19,29,ffffffff
14382,20,912,19,24,ffffffff
14382,18,912,19,30,ffffffff
14383,8,912,19,30,ffffffff
14384,18,912,19,27,ffffffff
14385,18,912,19,28,ffffffff
14386,8,912,19,24,ffffffff
14387,20,912,19,27,ffffffff
14387,28,912,19,25,ffffffff
14387,28,912,19,26,ffffffff
14387,28,912,19,24,ffffffff
14387,18,912,19,31,ffffffff
14388,20,912,19,30,ffffffff
14388,28,912,19,27,ffffffff
14388,20,912,19,28,ffffffff
14388,20,912,19,29,ffffffff
14388,8,912,19,27,ffffffff
14389,20,912,19,31,ffffffff
14389,30,912,19,24,ffffffff
14389,30,912,19,25,ffffffff
14389,30,912,19,26,ffffffff
14390,28,912,19,28,ffffffff
14390,28,912,19,29,ffffffff
14390,28,912,19,30,ffffffff
14390,30,912,19,27,ffffffff
14391,30,912,19,29,ffffffff
14391,30,912,19,30,ffffffff
14391,28,912,19,31,ffffffff
14391,30,912,19,28,ffffffff
14392,30,912,19,31,ffffffff
14399,38,912,19,24,ffffffff
14399,38,912,19,25,ffffffff
14399,38,912,19,26,ffffffff
14400,38,912,19,27,ffffffff
14401,38,912,19,30,ffffffff
14401,38,912,19,28,ffffffff
14401,38,912,19,29,ffffffff
14402,38,912,19,31,ffffffff
14405,40,912,19,26,ffffffff
14405,40,912,19,24,ffffffff
14405,40,912,19,25,ffffffff
14406,40,912,19,27,ffffffff
14407,40,912,19,28,ffffffff
14407,40,912,19,29,ffffffff
14407,40,912,19,30,ffffffff
14408,40,912,19,31,ffffffff
14412,50,912,19,25,ffffffff
14412,50,912,19,26,ffffffff
14412,50,912,19,24,ffffffff
14413,50,912,19,27,ffffffff
14416,50,912,19,28,ffffffff
14416,50,912,19,29,ffffffff
14416,50,912,19,30,ffffffff
14417,58,912,19,24,ffffffff
14417,58,912,19,25,ffffffff
14417,58,912,19,26,ffffffff
14417,50,912,19,31,ffffffff
14418,58,912,19,27,ffffffff
14420,58,912,19,29,ffffffff
14420,58,912,19,30,ffffffff
14420,58,912,19,28,ffffffff
14421,58,912,19,31,ffffffff
14425,68,912,19,25,ffffffff
14425,68,912,19,26,ffffffff
14425,68,912,19,24,ffffffff
14426,60,912,19,24,ffffffff
14426,60,912,19,25,ffffffff
14426,60,912,19,26,ffffffff
14426,68,912,19,27,ffffffff
14427,60,912,19,27,ffffffff
14428,68,912,19,28,ffffffff
14428,68,912,19,29,ffffffff
14428,68,912,19,30,ffffffff
14429,60,912,19,28,ffffffff
14429,60,912,19,29,ffffffff
14429,60,912,19,30,ffffffff
14429,68,912,19,31,ffffffff
14430,60,912,19,31,ffffffff
14434,70,912,19,24,ffffffff
14434,70,912,19,25,ffffffff
14434,70,912,19,26,ffffffff
14435,70,912,19,27,ffffffff
14437,70,912,19,28,ffffffff
14437,70,912,19,29,ffffffff
14437,70,912,19,30,ffffffff
14438,70,912,19,31,ffffffff
14482,0,929,19,18,ffffffff
14483,0,929,19,16,ffffffff
14484,0,929,19,17,ffffffff
14485,0,929,19,19,ffffffff
14486,0,929,19,20,ffffffff
14487,0,929,19,21,ffffffff
14488,0,929,19,22,ffffffff
14489,8,929,19,16,ffffffff
14490,8,929,19,18,ffffffff
14491,0,929,19,23,ffffffff
14492,8,929,19,21,ffffffff
14493,10,929,19,18,ffffffff
14494,8,929,19,23,ffffffff
14495,10,929,19,16,ffffffff
14496,10,929,19,17,ffffffff
14497,10,929,19,22,ffffffff
14498,10,929,19,19,ffffffff
14499,10,929,19,20,ffffffff
14500,10,929,19,21,ffffffff
14501,18,929,19,18,ffffffff
14502,10,929,19,23,ffffffff
14503,18,929,19,16,ffffffff
14504,20,929,19,18,ffffffff
14504,18,929,19,17,ffffffff
14505,18,929,19,22,ffffffff
14506,20,929,19,16,ffffffff
14506,8,929,19,22,ffffffff
14507,20,929,19,17,ffffffff
14507,18,929,19,19,ffffffff
14508,18,929,19,20,ffffffff
14509,8,929,19,20,ffffffff
14510,20,929,19,19,ffffffff
14510,28,929,19,18,ffffffff
14510,28,929,19,16,ffffffff
14510,28,929,19,17,ffffffff
14510,18,929,19,21,ffffffff
14511,20,929,19,21,ffffffff
14511,20,929,19,22,ffffffff
14511,28,929,19,19,ffffffff
14511,20,929,19,20,ffffffff
14511,8,929,19,17,ffffffff
14512,30,929,19,18,ffffffff
14512,20,929,19,23,ffffffff
14512,30,929,19,16,ffffffff
14512,30,929,19,17,ffffffff
14512,18,929,19,23,ffffffff
14513,30,929,19,19,ffffffff
14513,28,929,19,20,ffffffff
14513,28,929,19,21,ffffffff
14513,28,929,19,22,ffffffff
14513,8,929,19,19,ffffffff
14514,30,929,19,20,ffffffff
14514,30,929,19,21,ffffffff
14514,30,929,19,22,ffffffff
14514,28,929,19,23,ffffffff
14515,30,929,19,23,ffffffff
14522,38,929,19,16,ffffffff
14522,38,929,19,17,ffffffff
14522,38,929,19,18,ffffffff
14523,38,929,19,19,ffffffff
14524,38,929,19,21,ffffffff
14524,38,929,19,22,ffffffff
14524,38,929,19,20,ffffffff
14525,38,929,19,23,ffffffff
14528,40,929,19,17,ffffffff
14528,40,929,19,18,ffffffff
14528,40,929,19,16,ffffffff
14529,40,929,19,19,ffffffff
14530,40,929,19,20,ffffffff
14530,40,929,19,21,ffffffff
14530,40,929,19,22,ffffffff
14531,40,929,19,23,ffffffff
14535,50,929,19,16,ffffffff
14535,50,929,19,17,ffffffff
14535,50,929,19,18,ffffffff
14536,50,929,19,19,ffffffff
14539,50,929,19,20,ffffffff
14539,50,929,19,21,ffffffff
14539,50,929,19,22,ffffffff
14540,58,929,19,18,ffffffff
14540,58,929,19,16,ffffffff
14540,58,929,19,17,ffffffff
14540,50,929,19,23,ffffffff
14541,58,929,19,19,ffffffff
14543,58,929,19,20,ffffffff
14543,58,929,19,21,ffffffff
14543,58,929,19,22,ffffffff
14544,58,929,19,23,ffffffff
14548,68,929,19,16,ffffffff
14548,68,929,19,17,ffffffff
14548,68,929,19,18,ffffffff
14549,60,929,19,16,ffffffff
14549,60,929,19,17,ffffffff
14549,60,929,19,18,ffffffff
14549,68,929,19,19,ffffffff
14550,60,929,19,19,ffffffff
14551,68,929,19,20,ffffffff
14551,68,929,19,21,ffffffff
14551,68,929,19,22,ffffffff
14552,60,929,19,22,ffffffff
14552,60,929,19,20,ffffffff
14552,60,929,19,21,ffffffff
14552,68,929,19,23,ffffffff
14553,60,929,19,23,ffffffff
14557,70,929,19,16,ffffffff
14557,70,929,19,17,ffffffff
14557,70,929,19,18,ffffffff
14558,70,929,19,19,ffffffff
14560,70,929,19,22,ffffffff
14560,70,929,19,20,ffffffff
14560,70,929,19,21,ffffffff
14561,70,929,19,23,ffffffff
14561,78,882,19,13,ffffffff
14564,78,882,19,14,ffffffff
14567,80,882,19,13,ffffffff
14570,80,882,19,14,ffffffff
14584,78,882,19,8,ffffffff
14590,80,882,19,8,ffffffff
14598,78,882,19,12,ffffffff
14599,78,882,19,10,ffffffff
14604,80,882,19,12,ffffffff
14605,80,882,19,10,ffffffff
14624,78,882,19,9,ffffffff
14625,78,882,19,15,ffffffff
14630,80,882,19,9,ffffffff
14631,80,882,19,15,ffffffff
14663,78,898,19,0,ffffffff
14665,78,882,19,11,ffffffff
14669,80,898,19,0,ffffffff
14671,80,882,19,11,ffffffff
14675,78,898,19,1,ffffffff
14681,80,898,19,1,ffffffff
14688,78,898,19,2,ffffffff
14694,80,898,19,2,ffffffff
14710,78,898,19,5,ffffffff
14713,78,898,19,6,ffffffff
14716,80,898,19,5,ffffffff
14719,80,898,19,6,ffffffff
14723,78,898,19,4,ffffffff
14729,80,898,19,4,ffffffff
14730,78,898,19,3,ffffffff
14736,80,898,19,3,ffffffff
14736,78,898,19,7,ffffffff
14742,80,898,19,7,ffffffff
14807,78,912,19,25,ffffffff
14813,80,912,19,25,ffffffff
14819,78,912,19,30,ffffffff
14825,80,912,19,30,ffffffff
14832,78,912,19,28,ffffffff
14838,80,912,19,28,ffffffff
14844,78,912,19,31,ffffffff
14846,78,912,19,26,ffffffff
14847,78,912,19,27,ffffffff
14848,78,912,19,29,ffffffff
14849,78,912,19,24,ffffffff
14850,80,912,19,31,ffffffff
14852,80,912,19,26,ffffffff
14853,80,912,19,27,ffffffff
14854,80,912,19,29,ffffffff
14855,80,912,19,24,ffffffff
14935,78,929,19,18,ffffffff
14939,78,929,19,16,ffffffff
14941,80,929,19,18,ffffffff
14941,78,929,19,20,ffffffff
14945,80,929,19,16,ffffffff
14945,78,929,19,19,ffffffff
14947,80,929,19,20,ffffffff
14951,80,929,19,19,ffffffff
14952,88,882,19,13,ffffffff
14954,78,929,19,21,ffffffff
14959,98,882,19,13,ffffffff
14959,88,882,19,14,ffffffff
14960,80,929,19,21,ffffffff
14960,78,929,19,22,ffffffff
14961,78,929,19,23,ffffffff
14962,78,929,19,17,ffffffff
14964,88,882,19,12,ffffffff
14966,80,929,19,22,ffffffff
14967,98,882,19,14,ffffffff
14967,80,929,19,23,ffffffff
14968,a0,882,19,13,ffffffff
14969,80,929,19,17,ffffffff
14971,98,882,19,12,ffffffff
14974,88,882,19,10,ffffffff
14976,a0,882,19,14,ffffffff
14980,a0,882,19,12,ffffffff
14981,98,882,19,10,ffffffff
14990,a0,882,19,10,ffffffff
14994,88,882,19,8,ffffffff
14996,90,882,19,13,ffffffff
14997,88,882,19,9,ffffffff
15000,a8,882,19,13,ffffffff
15001,98,882,19,8,ffffffff
15003,90,882,19,14,ffffffff
15003,b0,882,19,13,ffffffff
15005,98,882,19,9,ffffffff
15006,88,882,19,15,ffffffff
15007,a8,882,19,14,ffffffff
15008,90,882,19,12,ffffffff
15009,b0,882,19,14,ffffffff
15010,a0,882,19,8,ffffffff
15012,a8,882,19,12,ffffffff
15013,98,882,19,15,ffffffff
15014,a0,882,19,9,ffffffff
15014,b0,882,19,12,ffffffff
15018,90,882,19,10,ffffffff
15022,a0,882,19,15,ffffffff
15022,a8,882,19,10,ffffffff
15024,b0,882,19,10,ffffffff
15037,88,898,19,0,ffffffff
15038,90,882,19,8,ffffffff
15041,90,882,19,9,ffffffff
15041,88,882,19,11,ffffffff
15042,a8,882,19,8,ffffffff
15045,98,898,19,0,ffffffff
15045,a8,882,19,9,ffffffff
15046,b0,882,19,8,ffffffff
15047,b0,882,19,9,ffffffff
15048,98,882,19,11,ffffffff
15050,90,882,19,15,ffffffff
15054,a0,898,19,0,ffffffff
15054,a8,882,19,15,ffffffff
15057,b0,882,19,15,ffffffff
15058,a0,882,19,11,ffffffff
15064,88,898,19,2,ffffffff
15071,98,898,19,2,ffffffff
15073,88,898,19,1,ffffffff
15080,a0,898,19,2,ffffffff
15080,98,898,19,1,ffffffff
15081,90,898,19,0,ffffffff
15081,88,898,19,6,ffffffff
15085,90,882,19,11,ffffffff
15085,a8,898,19,0,ffffffff
15087,b0,898,19,0,ffffffff
15088,98,898,19,6,ffffffff
15089,a0,898,19,1,ffffffff
15089,a8,882,19,11,ffffffff
15091,b0,882,19,11,ffffffff
15097,a0,898,19,6,ffffffff
15108,90,898,19,2,ffffffff
15112,a8,898,19,2,ffffffff
15114,b0,898,19,2,ffffffff
15117,90,898,19,1,ffffffff
15117,88,898,19,4,ffffffff
15121,a8,898,19,1,ffffffff
15123,b0,898,19,1,ffffffff
15124,98,898,19,4,ffffffff
15125,90,898,19,6,ffffffff
15129,a8,898,19,6,ffffffff
15131,b0,898,19,6,ffffffff
15133,a0,898,19,4,ffffffff
15145,88,898,19,7,ffffffff
15152,98,898,19,7,ffffffff
15155,88,898,19,5,ffffffff
15161,90,898,19,4,ffffffff
15161,a0,898,19,7,ffffffff
15162,98,898,19,5,ffffffff
15165,a8,898,19,4,ffffffff
15167,b0,898,19,4,ffffffff
15171,a0,898,19,5,ffffffff
15176,88,898,19,3,ffffffff
15183,98,898,19,3,ffffffff
15189,90,898,19,7,ffffffff
15192,a0,898,19,3,ffffffff
15193,a8,898,19,7,ffffffff
15195,b0,898,19,7,ffffffff
15199,90,898,19,5,ffffffff
15200,88,912,19,25,ffffffff
15203,a8,898,19,5,ffffffff
15206,b0,898,19,5,ffffffff
15208,98,912,19,25,ffffffff
15212,88,912,19,26,ffffffff
15217,a0,912,19,25,ffffffff
15218,88,912,19,28,ffffffff
15219,98,912,19,26,ffffffff
15219,88,912,19,24,ffffffff
15220,90,898,19,3,ffffffff
15224,a8,898,19,3,ffffffff
15226,98,912,19,28,ffffffff
15226,b0,898,19,3,ffffffff
15227,98,912,19,24,ffffffff
15227,88,912,19,31,ffffffff
15228,a0,912,19,26,ffffffff
15232,88,912,19,27,ffffffff
15234,98,912,19,31,ffffffff
15235,a0,912,19,28,ffffffff
15237,a0,912,19,24,ffffffff
15239,98,912,19,27,ffffffff
15240,88,912,19,30,ffffffff
15243,a0,912,19,31,ffffffff
15244,90,912,19,25,ffffffff
15246,88,912,19,29,ffffffff
15247,98,912,19,30,ffffffff
15248,a0,912,19,27,ffffffff
15248,a8,912,19,25,ffffffff
15250,b0,912,19,25,ffffffff
15253,98,912,19,29,ffffffff
15256,90,912,19,26,ffffffff
15256,a0,912,19,30,ffffffff
15260,a8,912,19,26,ffffffff
15262,90,912,19,28,ffffffff
15262,a0,912,19,29,ffffffff
15262,b0,912,19,26,ffffffff
15266,90,912,19,24,ffffffff
15266,a8,912,19,28,ffffffff
15268,b0,912,19,28,ffffffff
15270,a8,912,19,24,ffffffff
15271,90,912,19,31,ffffffff
15272,b0,912,19,24,ffffffff
15275,a8,912,19,31,ffffffff
15276,90,912,19,27,ffffffff
15277,b0,912,19,31,ffffffff
15280,a8,912,19,27,ffffffff
15282,b0,912,19,27,ffffffff
15284,90,912,19,30,ffffffff
15288,a8,912,19,30,ffffffff
15290,90,912,19,29,ffffffff
15290,b0,912,19,30,ffffffff
15294,a8,912,19,29,ffffffff
15296,b0,912,19,29,ffffffff
15319,88,929,19,18,ffffffff
15326,98,929,19,18,ffffffff
15330,88,929,19,19,ffffffff
15335,a0,929,19,18,ffffffff
15337,98,929,19,19,ffffffff
15344,88,929,19,22,ffffffff
15346,a0,929,19,19,ffffffff
15349,88,929,19,20,ffffffff
15351,98,929,19,22,ffffffff
15355,88,929,19,21,ffffffff
15356,98,929,19,20,ffffffff
15360,a0,929,19,22,ffffffff
15360,0,1000,19,8,ffffffff
15361,88,929,19,23,ffffffff
15361,0,1000,19,9,ffffffff
15362,98,929,19,21,ffffffff
15362,88,929,19,16,ffffffff
15362,0,1000,19,13,ffffffff
15363,90,929,19,18,ffffffff
15363,0,1000,19,10,ffffffff
15364,0,1000,19,11,ffffffff
15365,a0,929,19,20,ffffffff
15365,88,929,19,17,ffffffff
15365,0,1000,19,12,ffffffff
15366,0,1000,19,14,ffffffff
15367,0,1000,19,15,ffffffff
15368,8,1000,19,8,ffffffff
15369,98,929,19,23,ffffffff
15369,8,1000,19,9,ffffffff
15370,8,1000,19,13,ffffffff
15371,a0,929,19,21,ffffffff
15371,8,1000,19,10,ffffffff
15372,10,1000,19,8,ffffffff
15373,10,1000,19,9,ffffffff
15374,90,929,19,19,ffffffff
15374,8,1000,19,14,ffffffff
15375,8,1000,19,15,ffffffff
15376,18,1000,19,8,ffffffff
15377,18,1000,19,9,ffffffff
15378,10,1000,19,11,ffffffff
15379,10,1000,19,12,ffffffff
15380,10,1000,19,10,ffffffff
15381,10,1000,19,15,ffffffff
15382,10,1000,19,14,ffffffff
15383,98,929,19,16,ffffffff
15383,18,1000,19,12,ffffffff
15384,8,1000,19,12,ffffffff
15385,18,1000,19,13,ffffffff
15386,10,1000,19,13,ffffffff
15387,18,1000,19,10,ffffffff
15388,90,929,19,22,ffffffff
15388,18,1000,19,11,ffffffff
15389,18,1000,19,14,ffffffff
15390,b0,929,19,18,ffffffff
15390,20,1000,19,9,ffffffff
15390,a8,929,19,18,ffffffff
15391,18,1000,19,15,ffffffff
15392,a8,929,19,19,ffffffff
15393,90,929,19,20,ffffffff
15393,8,1000,19,11,ffffffff
15394,20,1000,19,8,ffffffff
15394,20,1000,19,10,ffffffff
15394,a8,929,19,22,ffffffff
15395,98,929,19,17,ffffffff
15395,28,1000,19,10,ffffffff
15395,20,1000,19,12,ffffffff
15396,28,1000,19,9,ffffffff
15396,20,1000,19,14,ffffffff
15397,20,1000,19,11,ffffffff
15397,20,1000,19,13,ffffffff
15397,28,1000,19,8,ffffffff
15397,b0,929,19,22,ffffffff
15398,a0,929,19,23,ffffffff
15398,30,1000,19,9,ffffffff
15398,30,1000,19,10,ffffffff
15398,a8,929,19,20,ffffffff
15399,90,929,19,21,ffffffff
15399,20,1000,19,15,ffffffff
15399,28,1000,19,13,ffffffff
15399,28,1000,19,14,ffffffff
15400,28,1000,19,12,ffffffff
15400,28,1000,19,11,ffffffff
15400,30,1000,19,13,ffffffff
15400,30,1000,19,14,ffffffff
15401,a0,929,19,16,ffffffff
15401,28,1000,19,15,ffffffff
15402,30,1000,19,8,ffffffff
15402,30,1000,19,11,ffffffff
15403,30,1000,19,12,ffffffff
15403,30,1000,19,15,ffffffff
15403,a8,929,19,21,ffffffff
15404,b0,929,19,19,ffffffff
15404,b0,929,19,20,ffffffff
15405,a0,929,19,17,ffffffff
15406,90,929,19,23,ffffffff
15407,90,929,19,16,ffffffff
15408,38,1000,19,9,ffffffff
15408,38,1000,19,10,ffffffff
15409,b0,929,19,21,ffffffff
15410,38,1000,19,13,ffffffff
15410,38,1000,19,14,ffffffff
15410,a8,929,19,23,ffffffff
15411,90,929,19,17,ffffffff
15411,38,1000,19,11,ffffffff
15411,38,1000,19,8,ffffffff
15411,a8,929,19,16,ffffffff
15412,b0,929,19,23,ffffffff
15413,38,1000,19,15,ffffffff
15413,38,1000,19,12,ffffffff
15414,b0,929,19,16,ffffffff
15414,40,1000,19,9,ffffffff
15414,40,1000,19,10,ffffffff
15415,a8,929,19,17,ffffffff
15416,40,1000,19,13,ffffffff
15416,40,1000,19,14,ffffffff
15417,40,1000,19,11,ffffffff
15417,40,1000,19,8,ffffffff
15417,b0,929,19,17,ffffffff
15419,40,1000,19,12,ffffffff
15419,40,1000,19,15,ffffffff
15421,50,1000,19,10,ffffffff
15421,50,1000,19,9,ffffffff
15424,50,1000,19,8,ffffffff
15425,50,1000,19,13,ffffffff
15425,50,1000,19,14,ffffffff
15426,58,1000,19,9,ffffffff
15426,58,1000,19,10,ffffffff
15426,50,1000,19,11,ffffffff
15427,50,1000,19,15,ffffffff
15428,50,1000,19,12,ffffffff
15429,58,1000,19,14,ffffffff
15429,58,1000,19,13,ffffffff
15429,58,1000,19,8,ffffffff
15431,58,1000,19,11,ffffffff
15432,58,1000,19,12,ffffffff
15433,58,1000,19,15,ffffffff
15434,68,1000,19,10,ffffffff
15434,68,1000,19,9,ffffffff
15435,60,1000,19,9,ffffffff
15435,60,1000,19,10,ffffffff
15437,68,1000,19,13,ffffffff
15437,68,1000,19,14,ffffffff
15437,68,1000,19,8,ffffffff
15438,60,1000,19,8,ffffffff
15438,60,1000,19,13,ffffffff
15438,60,1000,19,14,ffffffff
15439,68,1000,19,11,ffffffff
15440,60,1000,19,11,ffffffff
15440,68,1000,19,12,ffffffff
15441,60,1000,19,12,ffffffff
15442,68,1000,19,15,ffffffff
15443,60,1000,19,15,ffffffff
15443,70,1000,19,9,ffffffff
15443,70,1000,19,10,ffffffff
15446,70,1000,19,8,ffffffff
15446,70,1000,19,13,ffffffff
15446,70,1000,19,14,ffffffff
15448,70,1000,19,11,ffffffff
15449,70,1000,19,12,ffffffff
15451,70,1000,19,15,ffffffff
15477,0,1020,19,1,ffffffff
15478,0,1020,19,2,ffffffff
15479,0,1020,19,0,ffffffff
15480,0,1020,19,6,ffffffff
15481,0,1020,19,3,ffffffff
15482,0,1020,19,4,ffffffff
15483,0,1020,19,5,ffffffff
15484,0,1020,19,7,ffffffff
15485,8,1020,19,1,ffffffff
15486,8,1020,19,2,ffffffff
15487,8,1020,19,4,ffffffff
15488,10,1020,19,1,ffffffff
15489,10,1020,19,2,ffffffff
15490,8,1020,19,7,ffffffff
15491,10,1020,19,0,ffffffff
15492,10,1020,19,5,ffffffff
15493,10,1020,19,6,ffffffff
15494,10,1020,19,3,ffffffff
15495,10,1020,19,4,ffffffff
15496,18,1020,19,1,ffffffff
15497,18,1020,19,2,ffffffff
15498,10,1020,19,7,ffffffff
15499,20,1020,19,1,ffffffff
15499,18,1020,19,0,ffffffff
15500,20,1020,19,2,ffffffff
15500,18,1020,19,5,ffffffff
15501,8,1020,19,5,ffffffff
15502,20,1020,19,0,ffffffff
15502,18,1020,19,6,ffffffff
15503,8,1020,19,6,ffffffff
15504,18,1020,19,3,ffffffff
15505,18,1020,19,4,ffffffff
15506,8,1020,19,0,ffffffff
15507,20,1020,19,3,ffffffff
15507,28,1020,19,1,ffffffff
15507,28,1020,19,2,ffffffff
15507,28,1020,19,0,ffffffff
15507,18,1020,19,7,ffffffff
15508,20,1020,19,6,ffffffff
15508,28,1020,19,3,ffffffff
15508,20,1020,19,4,ffffffff
15508,20,1020,19,5,ffffffff
15508,8,1020,19,3,ffffffff
15509,20,1020,19,7,ffffffff
15509,30,1020,19,0,ffffffff
15509,30,1020,19,1,ffffffff
15509,30,1020,19,2,ffffffff
15510,28,1020,19,4,ffffffff
15510,28,1020,19,5,ffffffff
15510,28,1020,19,6,ffffffff
15510,30,1020,19,3,ffffffff
15511,30,1020,19,5,ffffffff
15511,30,1020,19,6,ffffffff
15511,28,1020,19,7,ffffffff
15511,30,1020,19,4,ffffffff
15512,30,1020,19,7,ffffffff
15519,38,1020,19,0,ffffffff
15519,38,1020,19,1,ffffffff
15519,38,1020,19,2,ffffffff
15520,38,1020,19,3,ffffffff
15521,38,1020,19,6,ffffffff
15521,38,1020,19,4,ffffffff
15521,38,1020,19,5,ffffffff
15522,38,1020,19,7,ffffffff
15525,40,1020,19,2,ffffffff
15525,40,1020,19,0,ffffffff
15525,40,1020,19,1,ffffffff
15526,40,1020,19,3,ffffffff
15527,40,1020,19,4,ffffffff
15527,40,1020,19,5,ffffffff
15527,40,1020,19,6,ffffffff
15528,40,1020,19,7,ffffffff
15532,50,1020,19,1,ffffffff
15532,50,1020,19,2,ffffffff
15532,50,1020,19,0,ffffffff
15533,50,1020,19,3,ffffffff
15536,50,1020,19,4,ffffffff
15536,50,1020,19,5,ffffffff
15536,50,1020,19,6,ffffffff
15537,58,1020,19,0,ffffffff
15537,58,1020,19,1,ffffffff
15537,58,1020,19,2,ffffffff
15537,50,1020,19,7,ffffffff
15538,58,1020,19,3,ffffffff
15540,58,1020,19,5,ffffffff
15540,58,1020,19,6,ffffffff
15540,58,1020,19,4,ffffffff
15541,58,1020,19,7,ffffffff
15545,68,1020,19,1,ffffffff
15545,68,1020,19,2,ffffffff
15545,68,1020,19,0,ffffffff
15546,60,1020,19,0,ffffffff
15546,60,1020,19,1,ffffffff
15546,60,1020,19,2,ffffffff
15546,68,1020,19,3,ffffffff
15547,60,1020,19,3,ffffffff
15548,68,1020,19,4,ffffffff
15548,68,1020,19,5,ffffffff
15548,68,1020,19,6,ffffffff
15549,60,1020,19,4,ffffffff
15549,60,1020,19,5,ffffffff
15549,60,1020,19,6,ffffffff
15549,68,1020,19,7,ffffffff
15550,60,1020,19,7,ffffffff
15554,70,1020,19,0,ffffffff
15554,70,1020,19,1,ffffffff
15554,70,1020,19,2,ffffffff
15555,70,1020,19,3,ffffffff
15557,70,1020,19,4,ffffffff
15557,70,1020,19,5,ffffffff
15557,70,1020,19,6,ffffffff
15558,70,1020,19,7,ffffffff
15575,0,1031,19,24,ffffffff
15576,0,1031,19,25,ffffffff
15577,0,1031,19,26,ffffffff
15578,0,1031,19,28,ffffffff
15579,0,1031,19,29,ffffffff
15580,0,1031,19,30,ffffffff
15581,0,1031,19,27,ffffffff
15582,8,1031,19,25,ffffffff
15583,0,1031,19,31,ffffffff
15584,8,1031,19,24,ffffffff
15585,8,1031,19,30,ffffffff
15586,8,1031,19,31,ffffffff
15587,10,1031,19,24,ffffffff
15588,10,1031,19,25,ffffffff
15589,10,1031,19,26,ffffffff
15590,10,1031,19,27,ffffffff
15591,10,1031,19,28,ffffffff
15592,10,1031,19,29,ffffffff
15593,10,1031,19,30,ffffffff
15594,10,1031,19,31,ffffffff
15595,18,1031,19,24,ffffffff
15596,18,1031,19,25,ffffffff
15597,18,1031,19,26,ffffffff
15598,20,1031,19,24,ffffffff
15598,18,1031,19,27,ffffffff
15599,20,1031,19,25,ffffffff
15599,18,1031,19,28,ffffffff
15600,20,1031,19,26,ffffffff
15600,8,1031,19,28,ffffffff
15601,20,1031,19,27,ffffffff
15601,28,1031,19,24,ffffffff
15601,28,1031,19,25,ffffffff
15601,28,1031,19,26,ffffffff
15601,18,1031,19,29,ffffffff
15602,20,1031,19,28,ffffffff
15602,20,1031,19,29,ffffffff
15602,20,1031,19,30,ffffffff
15602,28,1031,19,27,ffffffff
15602,8,1031,19,29,ffffffff
15603,30,1031,19,25,ffffffff
15603,30,1031,19,26,ffffffff
15603,20,1031,19,31,ffffffff
15603,30,1031,19,24,ffffffff
15603,18,1031,19,30,ffffffff
15604,28,1031,19,30,ffffffff
15604,30,1031,19,27,ffffffff
15604,28,1031,19,28,ffffffff
15604,28,1031,19,29,ffffffff
15604,8,1031,19,26,ffffffff
15605,28,1031,19,31,ffffffff
15605,30,1031,19,28,ffffffff
15605,30,1031,19,29,ffffffff
15605,30,1031,19,30,ffffffff
15605,18,1031,19,31,ffffffff
15606,30,1031,19,31,ffffffff
15606,8,1031,19,27,ffffffff
15613,38,1031,19,26,ffffffff
15613,38,1031,19,24,ffffffff
15613,38,1031,19,25,ffffffff
15614,38,1031,19,27,ffffffff
15615,38,1031,19,28,ffffffff
15615,38,1031,19,29,ffffffff
15615,38,1031,19,30,ffffffff
15616,38,1031,19,31,ffffffff
15619,40,1031,19,24,ffffffff
15619,40,1031,19,25,ffffffff
15619,40,1031,19,26,ffffffff
15620,40,1031,19,27,ffffffff
15621,40,1031,19,30,ffffffff
15621,40,1031,19,28,ffffffff
15621,40,1031,19,29,ffffffff
15622,40,1031,19,31,ffffffff
15626,50,1031,19,24,ffffffff
15626,50,1031,19,25,ffffffff
15626,50,1031,19,26,ffffffff
15627,50,1031,19,27,ffffffff
15630,50,1031,19,30,ffffffff
15630,50,1031,19,28,ffffffff
15630,50,1031,19,29,ffffffff
15631,58,1031,19,25,ffffffff
15631,58,1031,19,26,ffffffff
15631,58,1031,19,24,ffffffff
15631,50,1031,19,31,ffffffff
15632,58,1031,19,27,ffffffff
15634,58,1031,19,28,ffffffff
15634,58,1031,19,29,ffffffff
15634,58,1031,19,30,ffffffff
15635,58,1031,19,31,ffffffff
15639,68,1031,19,24,ffffffff
15639,68,1031,19,25,ffffffff
15639,68,1031,19,26,ffffffff
15640,60,1031,19,26,ffffffff
15640,60,1031,19,24,ffffffff
15640,60,1031,19,25,ffffffff
15640,68,1031,19,27,ffffffff
15641,60,1031,19,27,ffffffff
15642,68,1031,19,30,ffffffff
15642,68,1031,19,28,ffffffff
15642,68,1031,19,29,ffffffff
15643,60,1031,19,29,ffffffff
15643,60,1031,19,30,ffffffff
15643,60,1031,19,28,ffffffff
15643,68,1031,19,31,ffffffff
15644,60,1031,19,31,ffffffff
15648,70,1031,19,26,ffffffff
15648,70,1031,19,24,ffffffff
15648,70,1031,19,25,ffffffff
15649,70,1031,19,27,ffffffff
15651,70,1031,19,29,ffffffff
15651,70,1031,19,30,ffffffff
15651,70,1031,19,28,ffffffff
15652,70,1031,19,31,ffffffff
15682,0,1040,19,18,ffffffff
15683,0,1040,19,16,ffffffff
15684,0,1040,19,17,ffffffff
15685,0,1040,19,19,ffffffff
15686,0,1040,19,20,ffffffff
15687,0,1040,19,21,ffffffff
15688,0,1040,19,22,ffffffff
15689,8,1040,19,16,ffffffff
15690,8,1040,19,18,ffffffff
15691,0,1040,19,23,ffffffff
15692,8,1040,19,21,ffffffff
15693,10,1040,19,18,ffffffff
15694,8,1040,19,23,ffffffff
15695,10,1040,19,16,ffffffff
15696,10,1040,19,17,ffffffff
15697,10,1040,19,22,ffffffff
15698,10,1040,19,19,ffffffff
15699,10,1040,19,20,ffffffff
15700,10,1040,19,21,ffffffff
15701,18,1040,19,18,ffffffff
15702,10,1040,19,23,ffffffff
15703,18,1040,19,16,ffffffff
15704,20,1040,19,18,ffffffff
15704,18,1040,19,17,ffffffff
15705,18,1040,19,22,ffffffff
15706,20,1040,19,16,ffffffff
15706,8,1040,19,22,ffffffff
15707,20,1040,19,17,ffffffff
15707,18,1040,19,19,ffffffff
15708,18,1040,19,20,ffffffff
15709,8,1040,19,20,ffffffff
15710,20,1040,19,19,ffffffff
15710,28,1040,19,18,ffffffff
15710,28,1040,19,16,ffffffff
15710,28,1040,19,17,ffffffff
15710,18,1040,19,21,ffffffff
15711,20,1040,19,21,ffffffff
15711,20,1040,19,22,ffffffff
15711,28,1040,19,19,ffffffff
15711,20,1040,19,20,ffffffff
15711,8,1040,19,17,ffffffff
15712,30,1040,19,18,ffffffff
15712,20,1040,19,23,ffffffff
15712,30,1040,19,16,ffffffff
15712,30,1040,19,17,ffffffff
15712,18,1040,19,23,ffffffff
15713,30,1040,19,19,ffffffff
15713,28,1040,19,20,ffffffff
15713,28,1040,19,21,ffffffff
15713,28,1040,19,22,ffffffff
15713,8,1040,19,19,ffffffff
15714,30,1040,19,20,ffffffff
15714,30,1040,19,21,ffffffff
15714,30,1040,19,22,ffffffff
15714,28,1040,19,23,ffffffff
15715,30,1040,19,23,ffffffff
15722,38,1040,19,16,ffffffff
15722,38,1040,19,17,ffffffff
15722,38,1040,19,18,ffffffff
15723,38,1040,19,19,ffffffff
15724,38,1040,19,21,ffffffff
15724,38,1040,19,22,ffffffff
15724,38,1040,19,20,ffffffff
15725,38,1040,19,23,ffffffff
15728,40,1040,19,17,ffffffff
15728,40,1040,19,18,ffffffff
15728,40,1040,19,16,ffffffff
15729,40,1040,19,19,ffffffff
15730,40,1040,19,20,ffffffff
15730,40,1040,19,21,ffffffff
15730,40,1040,19,22,ffffffff
15731,40,1040,19,23,ffffffff
15735,50,1040,19,16,ffffffff
15735,50,1040,19,17,ffffffff
15735,50,1040,19,18,ffffffff
15736,50,1040,19,19,ffffffff
15739,50,1040,19,20,ffffffff
15739,50,1040,19,21,ffffffff
15739,50,1040,19,22,ffffffff
15740,58,1040,19,18,ffffffff
15740,58,1040,19,16,ffffffff
15740,58,1040,19,17,ffffffff
15740,50,1040,19,23,ffffffff
15741,58,1040,19,19,ffffffff
15743,58,1040,19,20,ffffffff
15743,58,1040,19,21,ffffffff
15743,58,1040,19,22,ffffffff
15744,58,1040,19,23,ffffffff
15748,68,1040,19,16,ffffffff
15748,68,1040,19,17,ffffffff
15748,68,1040,19,18,ffffffff
15749,60,1040,19,16,ffffffff
15749,60,1040,19,17,ffffffff
15749,60,1040,19,18,ffffffff
15749,68,1040,19,19,ffffffff
15750,60,1040,19,19,ffffffff
15751,68,1040,19,20,ffffffff
15751,68,1040,19,21,ffffffff
15751,68,1040,19,22,ffffffff
15752,60,1040,19,22,ffffffff
15752,60,1040,19,20,ffffffff
15752,60,1040,19,21,ffffffff
15752,68,1040,19,23,ffffffff
15753,60,1040,19,23,ffffffff
15757,70,1040,19,16,ffffffff
15757,70,1040,19,17,ffffffff
15757,70,1040,19,18,ffffffff
15758,70,1040,19,19,ffffffff
15760,70,1040,19,22,ffffffff
15760,70,1040,19,20,ffffffff
15760,70,1040,19,21,ffffffff
15761,70,1040,19,23,ffffffff
15798,78,1000,19,10,ffffffff
15804,80,1000,19,10,ffffffff
15813,78,1000,19,13,ffffffff
15816,78,1000,19,9,ffffffff
15819,80,1000,19,13,ffffffff
15822,80,1000,19,9,ffffffff
15830,78,1000,19,8,ffffffff
15835,78,1000,19,11,ffffffff
15836,80,1000,19,8,ffffffff
15836,78,1000,19,14,ffffffff
15839,78,1000,19,15,ffffffff
15841,80,1000,19,11,ffffffff
15842,80,1000,19,14,ffffffff
15844,78,1000,19,12,ffffffff
15845,80,1000,19,15,ffffffff
15850,80,1000,19,12,ffffffff
15933,78,1020,19,1,ffffffff
15938,78,1020,19,0,ffffffff
15939,80,1020,19,1,ffffffff
15944,80,1020,19,0,ffffffff
15972,78,1020,19,2,ffffffff
15978,80,1020,19,2,ffffffff
15984,78,1020,19,3,ffffffff
15990,80,1020,19,3,ffffffff
16005,78,1020,19,6,ffffffff
16011,80,1020,19,6,ffffffff
16018,78,1020,19,4,ffffffff
16024,80,1020,19,4,ffffffff
16058,78,1031,19,27,ffffffff
16059,78,1031,19,30,ffffffff
16061,78,1031,19,25,ffffffff
16063,78,1031,19,26,ffffffff
16064,80,1031,19,27,ffffffff
16065,80,1031,19,30,ffffffff
16067,80,1031,19,25,ffffffff
16067,78,1031,19,28,ffffffff
16069,80,1031,19,26,ffffffff
16071,78,1020,19,7,ffffffff
16073,80,1031,19,28,ffffffff
16077,80,1020,19,7,ffffffff
16089,78,1031,19,31,ffffffff
16090,78,1020,19,5,ffffffff
16094,78,1031,19,24,ffffffff
16095,80,1031,19,31,ffffffff
16096,80,1020,19,5,ffffffff
16100,80,1031,19,24,ffffffff
16102,78,1031,19,29,ffffffff
16108,80,1031,19,29,ffffffff
16137,78,1040,19,20,ffffffff
16143,80,1040,19,20,ffffffff
16145,78,1040,19,19,ffffffff
16151,80,1040,19,19,ffffffff
16151,78,1040,19,23,ffffffff
16154,88,1000,19,10,ffffffff
16157,80,1040,19,23,ffffffff
16161,98,1000,19,10,ffffffff
16163,78,1040,19,22,ffffffff
16167,78,1040,19,16,ffffffff
16169,80,1040,19,22,ffffffff
16169,78,1040,19,18,ffffffff
16170,a0,1000,19,10,ffffffff
16171,78,1040,19,17,ffffffff
16172,78,1040,19,21,ffffffff
16173,80,1040,19,16,ffffffff
16175,80,1040,19,18,ffffffff
16177,80,1040,19,17,ffffffff
16178,80,1040,19,21,ffffffff
16180,88,1000,19,9,ffffffff
16186,88,1000,19,13,ffffffff
16187,98,1000,19,9,ffffffff
16195,98,1000,19,13,ffffffff
16196,a0,1000,19,9,ffffffff
16198,90,1000,19,10,ffffffff
16202,a8,1000,19,10,ffffffff
16204,a0,1000,19,13,ffffffff
16204,b0,1000,19,10,ffffffff
16211,88,1000,19,12,ffffffff
16218,98,1000,19,12,ffffffff
16218,88,1000,19,8,ffffffff
16224,90,1000,19,9,ffffffff
16227,98,1000,19,8,ffffffff
16228,a0,1000,19,12,ffffffff
16228,a8,1000,19,9,ffffffff
16230,90,1000,19,13,ffffffff
16230,b0,1000,19,9,ffffffff
16230,88,1000,19,11,ffffffff
16232,88,1000,19,14,ffffffff
16234,a8,1000,19,13,ffffffff
16236,a0,1000,19,8,ffffffff
16236,b0,1000,19,13,ffffffff
16237,98,1000,19,11,ffffffff
16239,98,1000,19,14,ffffffff
16246,a0,1000,19,11,ffffffff
16248,a0,1000,19,14,ffffffff
16251,88,1000,19,15,ffffffff
16255,90,1000,19,12,ffffffff
16258,98,1000,19,15,ffffffff
16259,a8,1000,19,12,ffffffff
16261,b0,1000,19,12,ffffffff
16262,90,1000,19,8,ffffffff
16266,a8,1000,19,8,ffffffff
16267,a0,1000,19,15,ffffffff
16268,b0,1000,19,8,ffffffff
16274,90,1000,19,11,ffffffff
16276,90,1000,19,14,ffffffff
16278,a8,1000,19,11,ffffffff
16280,b0,1000,19,11,ffffffff
16280,a8,1000,19,14,ffffffff
16282,b0,1000,19,14,ffffffff
16295,90,1000,19,15,ffffffff
16299,a8,1000,19,15,ffffffff
16301,b0,1000,19,15,ffffffff
16316,88,1020,19,0,ffffffff
16323,98,1020,19,0,ffffffff
16332,a0,1020,19,0,ffffffff
16347,88,1020,19,1,ffffffff
16354,98,1020,19,1,ffffffff
16356,88,1020,19,2,ffffffff
16360,90,1020,19,0,ffffffff
16363,a0,1020,19,1,ffffffff
16363,98,1020,19,2,ffffffff
16364,a8,1020,19,0,ffffffff
16366,b0,1020,19,0,ffffffff
16372,a0,1020,19,2,ffffffff
16376,88,1020,19,6,ffffffff
16382,88,1020,19,3,ffffffff
16383,98,1020,19,6,ffffffff
16389,98,1020,19,3,ffffffff
16391,90,1020,19,1,ffffffff
16392,a0,1020,19,6,ffffffff
16395,a8,1020,19,1,ffffffff
16397,b0,1020,19,1,ffffffff
16398,a0,1020,19,3,ffffffff
16398,88,1020,19,4,ffffffff
16400,90,1020,19,2,ffffffff
16404,a8,1020,19,2,ffffffff
16405,98,1020,19,4,ffffffff
16406,b0,1020,19,2,ffffffff
16414,a0,1020,19,4,ffffffff
16420,90,1020,19,6,ffffffff
16424,a8,1020,19,6,ffffffff
16425,88,1031,19,25,ffffffff
16426,90,1020,19,3,ffffffff
16426,b0,1020,19,6,ffffffff
16430,88,1031,19,26,ffffffff
16430,a8,1020,19,3,ffffffff
16432,98,1031,19,25,ffffffff
16432,b0,1020,19,3,ffffffff
16437,98,1031,19,26,ffffffff
16440,88,1031,19,27,ffffffff
16441,a0,1031,19,25,ffffffff
16442,90,1020,19,4,ffffffff
16446,a0,1031,19,26,ffffffff
16446,a8,1020,19,4,ffffffff
16447,98,1031,19,27,ffffffff
16448,b0,1020,19,4,ffffffff
16456,a0,1031,19,27,ffffffff
16458,88,1031,19,30,ffffffff
16465,98,1031,19,30,ffffffff
16469,90,1031,19,25,ffffffff
16473,a8,1031,19,25,ffffffff
16474,90,1031,19,26,ffffffff
16474,a0,1031,19,30,ffffffff
16475,b0,1031,19,25,ffffffff
16477,88,1031,19,28,ffffffff
16478,a8,1031,19,26,ffffffff
16480,b0,1031,19,26,ffffffff
16484,90,1031,19,27,ffffffff
16484,98,1031,19,28,ffffffff
16488,a8,1031,19,27,ffffffff
16490,b0,1031,19,27,ffffffff
16493,a0,1031,19,28,ffffffff
16502,90,1031,19,30,ffffffff
16504,88,1031,19,29,ffffffff
16506,a8,1031,19,30,ffffffff
16507,88,1031,19,31,ffffffff
16508,b0,1031,19,30,ffffffff
16511,98,1031,19,29,ffffffff
16514,98,1031,19,31,ffffffff
16516,88,1020,19,5,ffffffff
16520,a0,1031,19,29,ffffffff
16521,90,1031,19,28,ffffffff
16523,a0,1031,19,31,ffffffff
16523,98,1020,19,5,ffffffff
16525,a8,1031,19,28,ffffffff
16526,88,1031,19,24,ffffffff
16527,b0,1031,19,28,ffffffff
16532,a0,1020,19,5,ffffffff
16533,98,1031,19,24,ffffffff
16542,a0,1031,19,24,ffffffff
16543,88,1040,19,18,ffffffff
16548,90,1031,19,29,ffffffff
16549,88,1040,19,22,ffffffff
16550,98,1040,19,18,ffffffff
16551,90,1031,19,31,ffffffff
16551,88,1040,19,19,ffffffff
16552,a8,1031,19,29,ffffffff
16554,b0,1031,19,29,ffffffff
16556,a8,1031,19,31,ffffffff
16558,98,1040,19,22,ffffffff
16559,a0,1040,19,18,ffffffff
16559,98,1040,19,19,ffffffff
16560,90,1020,19,5,ffffffff
16560,b0,1031,19,31,ffffffff
16562,88,1040,19,17,ffffffff
16564,a8,1020,19,5,ffffffff
16566,b0,1020,19,5,ffffffff
16567,a0,1040,19,22,ffffffff
16568,a0,1040,19,19,ffffffff
16569,98,1040,19,17,ffffffff
16570,90,1031,19,24,ffffffff
16570,88,1020,19,7,ffffffff
16571,88,1040,19,16,ffffffff
16573,88,1040,19,20,ffffffff
16574,a8,1031,19,24,ffffffff
16575,88,1040,19,23,ffffffff
16575,0,1114,19,9,ffffffff
16576,0,1114,19,8,ffffffff
16577,98,1020,19,7,ffffffff
16577,b0,1031,19,24,ffffffff
16577,0,1114,19,13,ffffffff
16578,a0,1040,19,17,ffffffff
16578,0,1114,19,10,ffffffff
16579,88,1040,19,21,ffffffff
16579,0,1114,19,11,ffffffff
16580,8,1114,19,9,ffffffff
16581,98,1040,19,16,ffffffff
16581,0,1114,19,14,ffffffff
16582,0,1114,19,15,ffffffff
16583,0,1114,19,12,ffffffff
16584,98,1040,19,23,ffffffff
16584,8,1114,19,13,ffffffff
16585,98,1040,19,20,ffffffff
16585,8,1114,19,11,ffffffff
16586,8,1114,19,14,ffffffff
16587,90,1040,19,18,ffffffff
16587,8,1114,19,8,ffffffff
16588,a0,1020,19,7,ffffffff
16588,10,1114,19,13,ffffffff
16589,10,1114,19,10,ffffffff
16590,8,1114,19,15,ffffffff
16591,18,1114,19,9,ffffffff
16592,10,1114,19,14,ffffffff
16593,90,1040,19,22,ffffffff
16593,10,1114,19,8,ffffffff
16594,10,1114,19,11,ffffffff
16595,90,1040,19,19,ffffffff
16595,98,1040,19,21,ffffffff
16595,18,1114,19,13,ffffffff
16596,10,1114,19,9,ffffffff
16597,18,1114,19,8,ffffffff
16598,18,1114,19,10,ffffffff
16599,10,1114,19,12,ffffffff
16600,10,1114,19,15,ffffffff
16601,18,1114,19,14,ffffffff
16602,18,1114,19,15,ffffffff
16603,18,1114,19,12,ffffffff
16604,8,1114,19,12,ffffffff
16605,a8,1040,19,18,ffffffff
16606,90,1040,19,17,ffffffff
16606,a0,1040,19,16,ffffffff
16606,a8,1040,19,19,ffffffff
16607,18,1114,19,11,ffffffff
16608,20,1114,19,10,ffffffff
16608,20,1114,19,9,ffffffff
16608,20,1114,19,11,ffffffff
16608,a8,1040,19,22,ffffffff
16609,a0,1040,19,23,ffffffff
16609,20,1114,19,13,ffffffff
16609,28,1114,19,10,ffffffff
16609,8,1114,19,10,ffffffff
16610,20,1114,19,15,ffffffff
16610,20,1114,19,14,ffffffff
16611,20,1114,19,8,ffffffff
16611,b0,1040,19,19,ffffffff
16611,b0,1040,19,18,ffffffff
16612,a0,1040,19,20,ffffffff
16612,28,1114,19,11,ffffffff
16612,b0,1040,19,22,ffffffff
16612,a8,1040,19,17,ffffffff
16613,20,1114,19,12,ffffffff
16613,28,1114,19,9,ffffffff
16613,28,1114,19,15,ffffffff
16614,90,1020,19,7,ffffffff
16614,a0,1040,19,21,ffffffff
16614,28,1114,19,12,ffffffff
16614,30,1114,19,11,ffffffff
16614,30,1114,19,10,ffffffff
16615,90,1040,19,16,ffffffff
16615,28,1114,19,13,ffffffff
16615,30,1114,19,8,ffffffff
16615,30,1114,19,15,ffffffff
16615,28,1114,19,14,ffffffff
16616,30,1114,19,9,ffffffff
16616,30,1114,19,12,ffffffff
16616,30,1114,19,14,ffffffff
16617,28,1114,19,8,ffffffff
16617,b0,1040,19,17,ffffffff
16618,30,1114,19,13,ffffffff
16618,a8,1020,19,7,ffffffff
16619,90,1040,19,23,ffffffff
16619,a8,1040,19,16,ffffffff
16620,90,1040,19,20,ffffffff
16623,b0,1020,19,7,ffffffff
16623,a8,1040,19,23,ffffffff
16624,38,1114,19,10,ffffffff
16624,38,1114,19,11,ffffffff
16624,b0,1040,19,16,ffffffff
16624,a8,1040,19,20,ffffffff
16625,38,1114,19,12,ffffffff
16626,90,1040,19,21,ffffffff
16626,38,1114,19,9,ffffffff
16626,38,1114,19,14,ffffffff
16626,b0,1040,19,23,ffffffff
16627,38,1114,19,15,ffffffff
16627,b0,1040,19,20,ffffffff
16628,38,1114,19,13,ffffffff
16628,38,1114,19,8,ffffffff
16630,40,1114,19,11,ffffffff
16630,40,1114,19,10,ffffffff
16630,a8,1040,19,21,ffffffff
16631,40,1114,19,12,ffffffff
16632,40,1114,19,14,ffffffff
16633,40,1114,19,15,ffffffff
16633,40,1114,19,9,ffffffff
16634,40,1114,19,8,ffffffff
16634,40,1114,19,13,ffffffff
16635,b0,1040,19,21,ffffffff
16637,50,1114,19,10,ffffffff
16637,50,1114,19,11,ffffffff
16638,50,1114,19,12,ffffffff
16641,58,1114,19,11,ffffffff
16641,50,1114,19,14,ffffffff
16641,50,1114,19,9,ffffffff
16642,58,1114,19,12,ffffffff
16642,58,1114,19,10,ffffffff
16642,50,1114,19,15,ffffffff
16642,50,1114,19,13,ffffffff
16643,50,1114,19,8,ffffffff
16645,58,1114,19,14,ffffffff
16646,58,1114,19,15,ffffffff
16646,58,1114,19,9,ffffffff
16647,58,1114,19,8,ffffffff
16648,58,1114,19,13,ffffffff
16649,68,1114,19,11,ffffffff
16650,60,1114,19,11,ffffffff
16650,68,1114,19,10,ffffffff
16650,68,1114,19,12,ffffffff
16651,60,1114,19,10,ffffffff
16651,60,1114,19,12,ffffffff
16653,68,1114,19,14,ffffffff
16654,60,1114,19,14,ffffffff
16654,68,1114,19,15,ffffffff
16654,68,1114,19,9,ffffffff
16655,60,1114,19,9,ffffffff
16655,60,1114,19,15,ffffffff
16655,68,1114,19,8,ffffffff
16656,60,1114,19,8,ffffffff
16657,68,1114,19,13,ffffffff
16658,60,1114,19,13,ffffffff
16658,70,1114,19,11,ffffffff
16659,70,1114,19,10,ffffffff
16659,70,1114,19,12,ffffffff
16662,70,1114,19,14,ffffffff
16663,70,1114,19,9,ffffffff
16663,70,1114,19,15,ffffffff
16664,70,1114,19,8,ffffffff
16666,70,1114,19,13,ffffffff
16819,0,1143,19,24,ffffffff
16820,0,1143,19,25,ffffffff
16821,0,1143,19,26,ffffffff
16822,0,1143,19,28,ffffffff
16823,0,1143,19,29,ffffffff
16824,0,1143,19,30,ffffffff
16825,0,1143,19,27,ffffffff
16826,8,1143,19,25,ffffffff
16827,0,1143,19,31,ffffffff
16828,8,1143,19,24,ffffffff
16829,8,1143,19,30,ffffffff
16830,8,1143,19,31,ffffffff
16831,10,1143,19,24,ffffffff
16832,10,1143,19,25,ffffffff
16833,10,1143,19,26,ffffffff
16834,10,1143,19,27,ffffffff
16835,10,1143,19,28,ffffffff
16836,10,1143,19,29,ffffffff
16837,10,1143,19,30,ffffffff
16838,10,1143,19,31,ffffffff
16839,18,1143,19,24,ffffffff
16840,18,1143,19,25,ffffffff
16841,18,1143,19,26,ffffffff
16842,20,1143,19,24,ffffffff
16842,18,1143,19,27,ffffffff
16843,20,1143,19,25,ffffffff
16843,18,1143,19,28,ffffffff
16844,20,1143,19,26,ffffffff
16844,8,1143,19,28,ffffffff
16845,20,1143,19,27,ffffffff
16845,28,1143,19,24,ffffffff
16845,28,1143,19,25,ffffffff
16845,28,1143,19,26,ffffffff
16845,18,1143,19,29,ffffffff
16846,20,1143,19,28,ffffffff
16846,20,1143,19,29,ffffffff
16846,20,1143,19,30,ffffffff
16846,28,1143,19,27,ffffffff
16846,8,1143,19,29,ffffffff
16847,30,1143,19,25,ffffffff
16847,30,1143,19,26,ffffffff
16847,20,1143,19,31,ffffffff
16847,30,1143,19,24,ffffffff
16847,18,1143,19,30,ffffffff
16848,28,1143,19,30,ffffffff
16848,30,1143,19,27,ffffffff
16848,28,1143,19,28,ffffffff
16848,28,1143,19,29,ffffffff
16848,8,1143,19,26,ffffffff
16849,28,1143,19,31,ffffffff
16849,30,1143,19,28,ffffffff
16849,30,1143,19,29,ffffffff
16849,30,1143,19,30,ffffffff
16849,18,1143,19,31,ffffffff
16850,30,1143,19,31,ffffffff
16850,8,1143,19,27,ffffffff
16857,38,1143,19,26,ffffffff
16857,38,1143,19,24,ffffffff
16857,38,1143,19,25,ffffffff
16858,38,1143,19,27,ffffffff
16859,38,1143,19,28,ffffffff
16859,38,1143,19,29,ffffffff
16859,38,1143,19,30,ffffffff
16860,38,1143,19,31,ffffffff
16863,40,1143,19,24,ffffffff
16863,40,1143,19,25,ffffffff
16863,40,1143,19,26,ffffffff
16864,40,1143,19,27,ffffffff
16865,40,1143,19,30,ffffffff
16865,40,1143,19,28,ffffffff
16865,40,1143,19,29,ffffffff
16866,40,1143,19,31,ffffffff
16870,50,1143,19,24,ffffffff
16870,50,1143,19,25,ffffffff
16870,50,1143,19,26,ffffffff
16871,50,1143,19,27,ffffffff
16874,50,1143,19,30,ffffffff
16874,50,1143,19,28,ffffffff
16874,50,1143,19,29,ffffffff
16875,58,1143,19,25,ffffffff
16875,58,1143,19,26,ffffffff
16875,58,1143,19,24,ffffffff
16875,50,1143,19,31,ffffffff
16875,0,1145,19,0,ffffffff
16876,58,1143,19,27,ffffffff
16876,0,1145,19,1,ffffffff
16877,0,1145,19,2,ffffffff
16878,58,1143,19,28,ffffffff
16878,58,1143,19,29,ffffffff
16878,58,1143,19,30,ffffffff
16878,0,1145,19,4,ffffffff
16879,58,1143,19,31,ffffffff
16879,0,1145,19,5,ffffffff
16880,0,1145,19,6,ffffffff
16881,0,1145,19,3,ffffffff
16882,8,1145,19,1,ffffffff
16883,0,1145,19,7,ffffffff
16884,8,1145,19,0,ffffffff
16885,60,1143,19,24,ffffffff
16885,8,1145,19,6,ffffffff
16886,60,1143,19,25,ffffffff
16886,8,1145,19,7,ffffffff
16887,60,1143,19,26,ffffffff
16887,10,1145,19,0,ffffffff
16888,10,1145,19,1,ffffffff
16889,10,1145,19,2,ffffffff
16890,10,1145,19,3,ffffffff
16891,18,1145,19,0,ffffffff
16892,18,1145,19,1,ffffffff
16893,18,1145,19,2,ffffffff
16894,10,1145,19,7,ffffffff
16895,10,1145,19,4,ffffffff
16896,10,1145,19,5,ffffffff
16897,10,1145,19,6,ffffffff
16898,18,1145,19,3,ffffffff
16899,18,1145,19,4,ffffffff
16900,18,1145,19,5,ffffffff
16901,18,1145,19,6,ffffffff
16902,18,1145,19,7,ffffffff
16903,0,1151,19,16,ffffffff
16904,0,1151,19,17,ffffffff
16905,0,1151,19,18,ffffffff
16906,0,1151,19,19,ffffffff
16907,0,1151,19,20,ffffffff
16908,0,1151,19,21,ffffffff
16909,0,1151,19,22,ffffffff
16910,0,1151,19,23,ffffffff
16911,8,1151,19,16,ffffffff
16912,8,1151,19,17,ffffffff
16913,8,1151,19,18,ffffffff
16914,8,1151,19,19,ffffffff
16915,8,1151,19,20,ffffffff
16916,8,1151,19,21,ffffffff
16917,8,1151,19,22,ffffffff
16918,8,1151,19,23,ffffffff
16919,10,1151,19,16,ffffffff
16920,10,1151,19,17,ffffffff
16921,10,1151,19,18,ffffffff
16922,10,1151,19,19,ffffffff
16923,10,1151,19,20,ffffffff
16924,10,1151,19,21,ffffffff
16925,10,1151,19,22,ffffffff
16926,10,1151,19,23,ffffffff
16927,18,1151,19,16,ffffffff
16928,18,1151,19,17,ffffffff
16929,18,1151,19,18,ffffffff
16930,18,1151,19,19,ffffffff
16931,18,1151,19,20,ffffffff
16932,8,1145,19,4,ffffffff
16933,18,1151,19,21,ffffffff
16934,68,1143,19,25,ffffffff
16934,68,1143,19,24,ffffffff
16934,68,1143,19,26,ffffffff
16934,8,1145,19,5,ffffffff
16935,18,1151,19,22,ffffffff
16936,68,1143,19,27,ffffffff
16936,8,1145,19,2,ffffffff
16937,60,1143,19,27,ffffffff
16937,20,1145,19,1,ffffffff
16937,20,1145,19,2,ffffffff
16937,20,1145,19,0,ffffffff
16937,18,1151,19,23,ffffffff
16938,60,1143,19,28,ffffffff
16938,60,1143,19,29,ffffffff
16938,60,1143,19,30,ffffffff
16938,8,1145,19,3,ffffffff
16939,20,1145,19,6,ffffffff
16939,20,1145,19,3,ffffffff
16939,20,1145,19,4,ffffffff
16939,20,1145,19,5,ffffffff
16940,60,1143,19,31,ffffffff
16940,20,1151,19,18,ffffffff
16940,20,1151,19,16,ffffffff
16940,20,1151,19,17,ffffffff
16941,20,1145,19,7,ffffffff
16941,20,1151,19,21,ffffffff
16941,20,1151,19,22,ffffffff
16941,20,1151,19,20,ffffffff
16942,20,1151,19,19,ffffffff
16943,20,1151,19,23,ffffffff
16944,68,1143,19,28,ffffffff
16944,28,1145,19,1,ffffffff
16944,28,1145,19,2,ffffffff
16945,70,1143,19,26,ffffffff
16945,70,1143,19,25,ffffffff
16945,70,1143,19,24,ffffffff
16946,28,1145,19,5,ffffffff
16946,28,1145,19,6,ffffffff
16946,68,1143,19,31,ffffffff
16946,28,1145,19,0,ffffffff
16947,70,1143,19,27,ffffffff
16947,28,1151,19,18,ffffffff
16947,28,1145,19,4,ffffffff
16947,28,1151,19,17,ffffffff
16948,28,1145,19,3,ffffffff
16948,28,1151,19,21,ffffffff
16948,28,1151,19,22,ffffffff
16948,28,1151,19,20,ffffffff
16949,28,1145,19,7,ffffffff
16949,30,1145,19,2,ffffffff
16949,30,1145,19,0,ffffffff
16949,30,1145,19,1,ffffffff
16950,28,1151,19,23,ffffffff
16950,30,1145,19,4,ffffffff
16950,30,1145,19,5,ffffffff
16950,30,1145,19,6,ffffffff
16951,30,1151,19,16,ffffffff
16951,30,1151,19,17,ffffffff
16951,30,1151,19,18,ffffffff
16951,30,1145,19,3,ffffffff
16952,30,1151,19,21,ffffffff
16952,30,1151,19,22,ffffffff
16952,30,1145,19,7,ffffffff
16952,30,1151,19,20,ffffffff
16953,68,1143,19,29,ffffffff
16953,68,1143,19,30,ffffffff
16953,28,1151,19,16,ffffffff
16953,30,1151,19,19,ffffffff
16954,30,1151,19,23,ffffffff
16955,28,1151,19,19,ffffffff
16958,70,1143,19,28,ffffffff
16959,38,1145,19,1,ffffffff
16959,38,1145,19,2,ffffffff
16960,38,1145,19,0,ffffffff
16960,70,1143,19,31,ffffffff
16961,38,1145,19,5,ffffffff
16961,38,1145,19,6,ffffffff
16962,38,1145,19,4,ffffffff
16962,38,1145,19,3,ffffffff
16963,38,1151,19,18,ffffffff
16963,38,1151,19,17,ffffffff
16964,38,1145,19,7,ffffffff
16964,38,1151,19,16,ffffffff
16965,70,1143,19,29,ffffffff
16965,70,1143,19,30,ffffffff
16966,38,1151,19,20,ffffffff
16966,38,1151,19,19,ffffffff
16966,40,1145,19,2,ffffffff
16966,40,1145,19,1,ffffffff
16967,38,1151,19,21,ffffffff
16967,38,1151,19,22,ffffffff
16967,40,1145,19,0,ffffffff
16968,38,1151,19,23,ffffffff
16968,40,1145,19,5,ffffffff
16968,40,1145,19,6,ffffffff
16968,40,1145,19,4,ffffffff
16969,40,1145,19,3,ffffffff
16969,40,1151,19,18,ffffffff
16969,40,1151,19,17,ffffffff
16970,40,1145,19,7,ffffffff
16970,40,1151,19,16,ffffffff
16972,40,1151,19,19,ffffffff
16972,40,1151,19,20,ffffffff
16973,40,1151,19,22,ffffffff
16973,40,1151,19,21,ffffffff
16974,40,1151,19,23,ffffffff
16974,50,1145,19,1,ffffffff
16974,50,1145,19,2,ffffffff
16975,50,1145,19,0,ffffffff
16976,50,1145,19,4,ffffffff
16977,50,1145,19,3,ffffffff
16978,50,1145,19,7,ffffffff
16979,50,1145,19,5,ffffffff
16979,50,1145,19,6,ffffffff
16980,58,1145,19,2,ffffffff
16980,58,1145,19,1,ffffffff
16981,50,1151,19,17,ffffffff
16981,50,1151,19,18,ffffffff
16982,58,1145,19,0,ffffffff
16983,50,1151,19,16,ffffffff
16984,58,1145,19,4,ffffffff
16984,58,1145,19,3,ffffffff
16985,58,1145,19,6,ffffffff
16985,58,1145,19,5,ffffffff
16985,50,1151,19,19,ffffffff
16986,58,1145,19,7,ffffffff
16986,50,1151,19,21,ffffffff
16986,50,1151,19,22,ffffffff
16987,58,1151,19,17,ffffffff
16987,58,1151,19,18,ffffffff
16987,58,1151,19,16,ffffffff
16988,50,1151,19,20,ffffffff
16988,50,1151,19,23,ffffffff
16989,58,1151,19,20,ffffffff
16989,58,1151,19,19,ffffffff
16990,58,1151,19,22,ffffffff
16990,58,1151,19,21,ffffffff
16991,68,1145,19,2,ffffffff
16991,68,1145,19,1,ffffffff
16992,60,1145,19,1,ffffffff
16992,60,1145,19,2,ffffffff
16992,58,1151,19,23,ffffffff
16992,60,1145,19,0,ffffffff
16993,68,1145,19,4,ffffffff
16993,68,1145,19,3,ffffffff
16994,60,1145,19,3,ffffffff
16994,60,1145,19,4,ffffffff
16994,68,1145,19,5,ffffffff
16994,68,1145,19,6,ffffffff
16995,60,1145,19,5,ffffffff
16995,60,1145,19,6,ffffffff
16996,68,1151,19,16,ffffffff
16997,60,1145,19,7,ffffffff
16997,60,1151,19,16,ffffffff
16998,60,1151,19,17,ffffffff
16998,60,1151,19,18,ffffffff
16998,68,1151,19,19,ffffffff
16999,60,1151,19,19,ffffffff
16999,68,1151,19,20,ffffffff
17000,60,1151,19,21,ffffffff
17000,60,1151,19,22,ffffffff
17000,60,1151,19,20,ffffffff
17001,68,1145,19,7,ffffffff
17001,68,1151,19,18,ffffffff
17002,68,1145,19,0,ffffffff
17002,70,1145,19,2,ffffffff
17002,60,1151,19,23,ffffffff
17002,68,1151,19,21,ffffffff
17003,70,1145,19,1,ffffffff
17003,70,1145,19,4,ffffffff
17003,68,1151,19,22,ffffffff
17004,68,1151,19,23,ffffffff
17005,68,1151,19,17,ffffffff
17005,70,1145,19,3,ffffffff
17006,70,1151,19,16,ffffffff
17006,70,1145,19,5,ffffffff
17007,70,1145,19,6,ffffffff
17008,70,1151,19,19,ffffffff
17008,70,1151,19,20,ffffffff
17010,70,1145,19,7,ffffffff
17011,70,1151,19,18,ffffffff
17011,70,1151,19,21,ffffffff
17011,70,1145,19,0,ffffffff
17013,70,1151,19,22,ffffffff
17013,70,1151,19,23,ffffffff
17014,70,1151,19,17,ffffffff
17040,78,1114,19,11,ffffffff
17046,80,1114,19,11,ffffffff
17048,78,1114,19,8,ffffffff
17052,78,1114,19,9,ffffffff
17054,80,1114,19,8,ffffffff
17054,78,1114,19,10,ffffffff
17058,80,1114,19,9,ffffffff
17060,80,1114,19,10,ffffffff
17147,78,1114,19,12,ffffffff
17148,78,1114,19,13,ffffffff
17153,80,1114,19,12,ffffffff
17154,80,1114,19,13,ffffffff
17169,78,1114,19,14,ffffffff
17171,78,1114,19,15,ffffffff
17175,80,1114,19,14,ffffffff
17177,80,1114,19,15,ffffffff
17387,78,1143,19,26,ffffffff
17393,80,1143,19,26,ffffffff
17395,78,1143,19,27,ffffffff
17401,80,1143,19,27,ffffffff
17424,78,1145,19,1,ffffffff
17430,80,1145,19,1,ffffffff
17451,78,1151,19,16,ffffffff
17457,80,1151,19,16,ffffffff
17472,88,1114,19,9,ffffffff
17473,78,1145,19,0,ffffffff
17478,88,1114,19,8,ffffffff
17479,80,1145,19,0,ffffffff
17479,98,1114,19,9,ffffffff
17484,78,1143,19,24,ffffffff
17485,98,1114,19,8,ffffffff
17486,78,1143,19,25,ffffffff
17487,78,1151,19,17,ffffffff
17488,a0,1114,19,9,ffffffff
17490,80,1143,19,24,ffffffff
17492,80,1143,19,25,ffffffff
17493,80,1151,19,17,ffffffff
17494,a0,1114,19,8,ffffffff
17510,78,1143,19,28,ffffffff
17511,78,1143,19,29,ffffffff
17516,90,1114,19,9,ffffffff
17516,80,1143,19,28,ffffffff
17517,80,1143,19,29,ffffffff
17520,a8,1114,19,9,ffffffff
17522,90,1114,19,8,ffffffff
17522,b0,1114,19,9,ffffffff
17523,78,1145,19,4,ffffffff
17526,88,1114,19,12,ffffffff
17526,a8,1114,19,8,ffffffff
17527,88,1114,19,13,ffffffff
17528,78,1143,19,30,ffffffff
17529,80,1145,19,4,ffffffff
17529,78,1143,19,31,ffffffff
17530,b0,1114,19,8,ffffffff
17533,98,1114,19,12,ffffffff
17534,98,1114,19,13,ffffffff
17534,80,1143,19,30,ffffffff
17535,80,1143,19,31,ffffffff
17537,78,1145,19,7,ffffffff
17538,78,1145,19,2,ffffffff
17540,78,1151,19,23,ffffffff
17542,a0,1114,19,12,ffffffff
17543,a0,1114,19,13,ffffffff
17543,80,1145,19,7,ffffffff
17544,80,1145,19,2,ffffffff
17544,78,1145,19,6,ffffffff
17546,80,1151,19,23,ffffffff
17547,78,1151,19,22,ffffffff
17550,80,1145,19,6,ffffffff
17553,80,1151,19,22,ffffffff
17557,78,1145,19,3,ffffffff
17563,80,1145,19,3,ffffffff
17565,78,1145,19,5,ffffffff
17570,90,1114,19,12,ffffffff
17570,78,1151,19,20,ffffffff
17571,90,1114,19,13,ffffffff
17571,80,1145,19,5,ffffffff
17571,78,1151,19,21,ffffffff
17575,a8,1114,19,12,ffffffff
17576,80,1151,19,20,ffffffff
17576,a8,1114,19,13,ffffffff
17578,80,1151,19,21,ffffffff
17578,b0,1114,19,12,ffffffff
17579,b0,1114,19,13,ffffffff
17595,88,1114,19,11,ffffffff
17596,88,1114,19,10,ffffffff
17601,78,1151,19,19,ffffffff
17602,98,1114,19,11,ffffffff
17603,98,1114,19,10,ffffffff
17605,78,1151,19,18,ffffffff
17607,80,1151,19,19,ffffffff
17611,a0,1114,19,11,ffffffff
17611,80,1151,19,18,ffffffff
17612,a0,1114,19,10,ffffffff
17631,88,1114,19,14,ffffffff
17633,88,1114,19,15,ffffffff
17638,98,1114,19,14,ffffffff
17639,90,1114,19,11,ffffffff
17640,90,1114,19,10,ffffffff
17640,98,1114,19,15,ffffffff
17643,a8,1114,19,11,ffffffff
17644,a8,1114,19,10,ffffffff
17647,b0,1114,19,10,ffffffff
17648,a0,1114,19,14,ffffffff
17648,b0,1114,19,11,ffffffff
17649,a0,1114,19,15,ffffffff
17675,90,1114,19,14,ffffffff
17677,90,1114,19,15,ffffffff
17679,a8,1114,19,14,ffffffff
17681,b0,1114,19,14,ffffffff
17681,a8,1114,19,15,ffffffff
17683,b0,1114,19,15,ffffffff
17817,88,1151,19,16,ffffffff
17824,98,1151,19,16,ffffffff
17833,a0,1151,19,16,ffffffff
17861,90,1151,19,16,ffffffff
17865,a8,1151,19,16,ffffffff
17867,b0,1151,19,16,ffffffff
17880,88,1145,19,0,ffffffff
17885,88,1145,19,1,ffffffff
17886,88,1143,19,28,ffffffff
17887,98,1145,19,0,ffffffff
17887,88,1143,19,29,ffffffff
17892,98,1145,19,1,ffffffff
17894,98,1143,19,29,ffffffff
17895,98,1143,19,28,ffffffff
17896,a0,1145,19,0,ffffffff
17902,a0,1145,19,1,ffffffff
17904,a0,1143,19,29,ffffffff
17904,a0,1143,19,28,ffffffff
17908,88,1143,19,26,ffffffff
17913,88,1143,19,27,ffffffff
17915,98,1143,19,26,ffffffff
17915,88,1145,19,2,ffffffff
17920,98,1143,19,27,ffffffff
17924,90,1145,19,0,ffffffff
17924,98,1145,19,2,ffffffff
17925,a0,1143,19,26,ffffffff
17928,a8,1145,19,0,ffffffff
17929,90,1145,19,1,ffffffff
17929,a0,1143,19,27,ffffffff
17930,90,1143,19,28,ffffffff
17930,b0,1145,19,0,ffffffff
17932,0,1233,19,8,ffffffff
17933,90,1143,19,29,ffffffff
17933,a0,1145,19,2,ffffffff
17933,a8,1145,19,1,ffffffff
17934,0,1233,19,10,ffffffff
17935,0,1233,19,9,ffffffff
17936,0,1233,19,14,ffffffff
17937,b0,1145,19,1,ffffffff
17937,0,1233,19,11,ffffffff
17938,0,1233,19,12,ffffffff
17939,0,1233,19,15,ffffffff
17940,a8,1143,19,28,ffffffff
17941,0,1233,19,13,ffffffff
17942,8,1233,19,14,ffffffff
17943,8,1233,19,12,ffffffff
17944,88,1145,19,3,ffffffff
17944,8,1233,19,9,ffffffff
17945,10,1233,19,10,ffffffff
17946,8,1233,19,15,ffffffff
17947,10,1233,19,8,ffffffff
17948,10,1233,19,14,ffffffff
17949,10,1233,19,11,ffffffff
17950,b0,1143,19,28,ffffffff
17950,10,1233,19,12,ffffffff
17951,a8,1143,19,29,ffffffff
17952,90,1143,19,26,ffffffff
17952,18,1233,19,10,ffffffff
17953,10,1233,19,15,ffffffff
17954,10,1233,19,9,ffffffff
17955,18,1233,19,8,ffffffff
17956,18,1233,19,14,ffffffff
17957,90,1143,19,27,ffffffff
17957,10,1233,19,13,ffffffff
17958,18,1233,19,11,ffffffff
17959,90,1145,19,2,ffffffff
17959,18,1233,19,12,ffffffff
17960,8,1233,19,8,ffffffff
17961,18,1233,19,9,ffffffff
17962,18,1233,19,15,ffffffff
17963,a8,1143,19,26,ffffffff
17964,b0,1143,19,29,ffffffff
17964,18,1233,19,13,ffffffff
17965,8,1233,19,13,ffffffff
17966,20,1233,19,10,ffffffff
17966,20,1233,19,8,ffffffff
17966,20,1233,19,9,ffffffff
17966,a8,1143,19,27,ffffffff
17967,98,1145,19,3,ffffffff
17967,20,1233,19,13,ffffffff
17967,28,1233,19,10,ffffffff
17967,20,1233,19,12,ffffffff
17967,88,1151,19,19,ffffffff
17967,8,1233,19,11,ffffffff
17968,20,1233,19,11,ffffffff
17968,20,1233,19,14,ffffffff
17968,28,1233,19,8,ffffffff
17968,28,1233,19,9,ffffffff
17968,a8,1145,19,2,ffffffff
17969,20,1233,19,15,ffffffff
17969,28,1233,19,12,ffffffff
17969,28,1233,19,13,ffffffff
17969,b0,1143,19,26,ffffffff
17969,8,1233,19,10,ffffffff
17970,b0,1143,19,27,ffffffff
17970,30,1233,19,8,ffffffff
17970,30,1233,19,9,ffffffff
17970,b0,1145,19,2,ffffffff
17970,88,1151,19,17,ffffffff
17971,28,1233,19,11,ffffffff
17971,30,1233,19,13,ffffffff
17971,30,1233,19,10,ffffffff
17971,30,1233,19,12,ffffffff
17972,28,1233,19,15,ffffffff
17972,28,1233,19,14,ffffffff
17973,30,1233,19,14,ffffffff
17975,88,1151,19,18,ffffffff
17976,30,1233,19,11,ffffffff
17977,a0,1145,19,3,ffffffff
17978,30,1233,19,15,ffffffff
17979,38,1233,19,8,ffffffff
17979,98,1151,19,19,ffffffff
17980,38,1233,19,9,ffffffff
17981,38,1233,19,10,ffffffff
17981,38,1233,19,12,ffffffff
17981,98,1151,19,17,ffffffff
17982,38,1233,19,13,ffffffff
17982,98,1151,19,18,ffffffff
17983,38,1233,19,14,ffffffff
17985,40,1233,19,8,ffffffff
17986,38,1233,19,11,ffffffff
17986,40,1233,19,9,ffffffff
17987,40,1233,19,12,ffffffff
17987,40,1233,19,10,ffffffff
17988,90,1145,19,3,ffffffff
17988,38,1233,19,15,ffffffff
17988,88,1143,19,25,ffffffff
17989,40,1233,19,13,ffffffff
17990,a0,1151,19,19,ffffffff
17990,a0,1151,19,17,ffffffff
17990,40,1233,19,14,ffffffff
17991,a0,1151,19,18,ffffffff
17992,40,1233,19,11,ffffffff
17992,50,1233,19,8,ffffffff
17993,50,1233,19,9,ffffffff
17993,a8,1145,19,3,ffffffff
17994,40,1233,19,15,ffffffff
17994,50,1233,19,10,ffffffff
17995,b0,1145,19,3,ffffffff
17996,50,1233,19,12,ffffffff
17997,58,1233,19,8,ffffffff
17998,58,1233,19,9,ffffffff
17998,58,1233,19,10,ffffffff
17999,50,1233,19,14,ffffffff
17999,98,1143,19,25,ffffffff
17999,50,1233,19,11,ffffffff
18000,58,1233,19,12,ffffffff
18001,88,1145,19,4,ffffffff
18002,50,1233,19,13,ffffffff
18002,88,1143,19,24,ffffffff
18003,58,1233,19,14,ffffffff
18003,58,1233,19,13,ffffffff
18003,50,1233,19,15,ffffffff
18004,58,1233,19,11,ffffffff
18005,68,1233,19,8,ffffffff
18006,60,1233,19,8,ffffffff
18006,68,1233,19,10,ffffffff
18007,58,1233,19,15,ffffffff
18007,60,1233,19,9,ffffffff
18007,60,1233,19,10,ffffffff
18008,68,1233,19,9,ffffffff
18008,68,1233,19,12,ffffffff
18009,a0,1143,19,25,ffffffff
18009,60,1233,19,12,ffffffff
18010,98,1145,19,4,ffffffff
18011,90,1151,19,19,ffffffff
18011,68,1233,19,13,ffffffff
18011,68,1233,19,14,ffffffff
18012,60,1233,19,14,ffffffff
18012,60,1233,19,13,ffffffff
18012,68,1233,19,11,ffffffff
18013,60,1233,19,11,ffffffff
18013,98,1143,19,24,ffffffff
18014,90,1151,19,17,ffffffff
18014,70,1233,19,8,ffffffff
18015,70,1233,19,10,ffffffff
18015,68,1233,19,15,ffffffff
18015,a8,1151,19,19,ffffffff
18016,60,1233,19,15,ffffffff
18017,70,1233,19,9,ffffffff
18017,88,1143,19,31,ffffffff
18018,70,1233,19,12,ffffffff
18018,a8,1151,19,17,ffffffff
18019,90,1151,19,18,ffffffff
18019,88,1145,19,7,ffffffff
18020,a0,1145,19,4,ffffffff
18020,70,1233,19,14,ffffffff
18020,70,1233,19,13,ffffffff
18020,b0,1151,19,19,ffffffff
18021,70,1233,19,11,ffffffff
18021,b0,1151,19,17,ffffffff
18021,88,1145,19,5,ffffffff
18022,a0,1143,19,24,ffffffff
18023,a8,1151,19,18,ffffffff
18024,70,1233,19,15,ffffffff
18025,98,1143,19,31,ffffffff
18026,98,1145,19,7,ffffffff
18026,b0,1151,19,18,ffffffff
18028,98,1145,19,5,ffffffff
18030,88,1143,19,30,ffffffff
18032,90,1143,19,25,ffffffff
18034,a0,1143,19,31,ffffffff
18036,a0,1145,19,7,ffffffff
18036,a8,1143,19,25,ffffffff
18037,a0,1145,19,5,ffffffff
18037,98,1143,19,30,ffffffff
18038,b0,1143,19,25,ffffffff
18039,88,1145,19,6,ffffffff
18044,88,1151,19,23,ffffffff
18045,90,1145,19,4,ffffffff
18046,a0,1143,19,30,ffffffff
18047,98,1145,19,6,ffffffff
18048,88,1151,19,20,ffffffff
18049,90,1143,19,24,ffffffff
18049,88,1151,19,21,ffffffff
18049,a8,1145,19,4,ffffffff
18051,98,1151,19,23,ffffffff
18051,b0,1145,19,4,ffffffff
18053,a8,1143,19,24,ffffffff
18056,a0,1145,19,6,ffffffff
18056,98,1151,19,21,ffffffff
18056,98,1151,19,20,ffffffff
18057,b0,1143,19,24,ffffffff
18060,a0,1151,19,23,ffffffff
18061,90,1143,19,31,ffffffff
18062,88,1151,19,22,ffffffff
18065,90,1145,19,7,ffffffff
18065,90,1145,19,5,ffffffff
18065,a0,1151,19,20,ffffffff
18065,a0,1151,19,21,ffffffff
18065,a8,1143,19,31,ffffffff
18067,b0,1143,19,31,ffffffff
18069,98,1151,19,22,ffffffff
18069,a8,1145,19,5,ffffffff
18070,a8,1145,19,7,ffffffff
18071,b0,1145,19,5,ffffffff
18071,b0,1145,19,7,ffffffff
18074,90,1143,19,30,ffffffff
18078,a0,1151,19,22,ffffffff
18078,a8,1143,19,30,ffffffff
18080,b0,1143,19,30,ffffffff
18083,90,1145,19,6,ffffffff
18087,a8,1145,19,6,ffffffff
18088,90,1151,19,23,ffffffff
18089,b0,1145,19,6,ffffffff
18092,90,1151,19,20,ffffffff
18092,a8,1151,19,23,ffffffff
18093,90,1151,19,21,ffffffff
18094,b0,1151,19,23,ffffffff
18096,a8,1151,19,20,ffffffff
18097,a8,1151,19,21,ffffffff
18098,b0,1151,19,20,ffffffff
18099,b0,1151,19,21,ffffffff
18106,90,1151,19,22,ffffffff
18110,a8,1151,19,22,ffffffff
18112,b0,1151,19,22,ffffffff
18344,0,1266,19,24,ffffffff
18345,0,1266,19,25,ffffffff
18346,0,1266,19,26,ffffffff
18347,0,1266,19,29,ffffffff
18348,0,1266,19,30,ffffffff
18349,0,1266,19,27,ffffffff
18350,0,1266,19,28,ffffffff
18351,0,1266,19,31,ffffffff
18352,8,1266,19,24,ffffffff
18353,8,1266,19,25,ffffffff
18354,8,1266,19,30,ffffffff
18355,10,1266,19,24,ffffffff
18356,10,1266,19,25,ffffffff
18357,10,1266,19,26,ffffffff
18358,8,1266,19,31,ffffffff
18359,10,1266,19,28,ffffffff
18360,10,1266,19,29,ffffffff
18361,10,1266,19,30,ffffffff
18362,0,1267,19,3,ffffffff
18363,0,1267,19,0,ffffffff
18364,0,1267,19,1,ffffffff
18365,0,1267,19,2,ffffffff
18366,0,1267,19,7,ffffffff
18367,0,1267,19,4,ffffffff
18368,0,1267,19,5,ffffffff
18369,0,1267,19,6,ffffffff
18370,10,1266,19,27,ffffffff
18371,18,1266,19,24,ffffffff
18372,0,1268,19,17,ffffffff
18373,0,1268,19,18,ffffffff
18374,10,1266,19,31,ffffffff
18375,18,1266,19,28,ffffffff
18376,0,1268,19,21,ffffffff
18377,0,1268,19,22,ffffffff
18378,8,1267,19,3,ffffffff
18379,8,1267,19,0,ffffffff
18380,18,1266,19,25,ffffffff
18381,18,1266,19,26,ffffffff
18382,8,1267,19,7,ffffffff
18383,8,1267,19,4,ffffffff
18384,18,1266,19,29,ffffffff
18385,18,1266,19,30,ffffffff
18386,0,1268,19,19,ffffffff
18387,0,1268,19,16,ffffffff
18388,8,1267,19,1,ffffffff
18389,8,1267,19,2,ffffffff
18390,0,1268,19,23,ffffffff
18391,0,1268,19,20,ffffffff
18392,8,1267,19,5,ffffffff
18393,8,1267,19,6,ffffffff
18394,18,1266,19,27,ffffffff
18395,10,1267,19,0,ffffffff
18396,8,1268,19,17,ffffffff
18397,8,1268,19,18,ffffffff
18398,18,1266,19,31,ffffffff
18399,10,1267,19,4,ffffffff
18400,8,1268,19,21,ffffffff
18401,8,1268,19,22,ffffffff
18402,10,1267,19,3,ffffffff
18403,8,1268,19,16,ffffffff
18404,10,1267,19,1,ffffffff
18405,10,1267,19,2,ffffffff
18406,10,1267,19,7,ffffffff
18407,8,1268,19,20,ffffffff
18408,10,1267,19,5,ffffffff
18409,10,1267,19,6,ffffffff
18410,8,1268,19,19,ffffffff
18411,18,1267,19,0,ffffffff
18412,10,1268,19,17,ffffffff
18413,10,1268,19,18,ffffffff
18414,8,1268,19,23,ffffffff
18415,18,1267,19,4,ffffffff
18416,10,1268,19,21,ffffffff
18417,10,1268,19,22,ffffffff
18418,18,1267,19,3,ffffffff
18419,10,1268,19,16,ffffffff
18420,18,1267,19,1,ffffffff
18421,18,1267,19,2,ffffffff
18422,18,1267,19,7,ffffffff
18423,10,1268,19,20,ffffffff
18424,18,1267,19,5,ffffffff
18425,18,1267,19,6,ffffffff
18426,10,1268,19,19,ffffffff
18427,18,1268,19,16,ffffffff
18428,18,1268,19,17,ffffffff
18429,18,1268,19,18,ffffffff
18430,20,1266,19,24,ffffffff
18430,10,1268,19,23,ffffffff
18431,20,1266,19,25,ffffffff
18431,18,1268,19,20,ffffffff
18432,20,1266,19,26,ffffffff
18432,8,1266,19,28,ffffffff
18433,18,1268,19,21,ffffffff
18434,8,1266,19,29,ffffffff
18435,18,1268,19,22,ffffffff
18436,8,1266,19,26,ffffffff
18437,18,1268,19,19,ffffffff
18438,18,1268,19,23,ffffffff
18439,8,1266,19,27,ffffffff
18440,20,1266,19,27,ffffffff
18440,28,1266,19,24,ffffffff
18440,28,1266,19,25,ffffffff
18440,28,1266,19,26,ffffffff
18441,28,1266,19,27,ffffffff
18441,20,1266,19,28,ffffffff
18441,20,1266,19,29,ffffffff
18441,20,1266,19,30,ffffffff
18442,20,1267,19,0,ffffffff
18442,20,1267,19,1,ffffffff
18442,20,1267,19,2,ffffffff
18442,20,1266,19,31,ffffffff
18443,20,1267,19,5,ffffffff
18443,20,1267,19,6,ffffffff
18443,20,1267,19,3,ffffffff
18443,20,1267,19,4,ffffffff
18444,20,1268,19,18,ffffffff
18444,20,1267,19,7,ffffffff
18444,20,1268,19,16,ffffffff
18444,20,1268,19,17,ffffffff
18445,20,1268,19,19,ffffffff
18445,20,1268,19,20,ffffffff
18445,20,1268,19,21,ffffffff
18445,20,1268,19,22,ffffffff
18446,30,1266,19,24,ffffffff
18446,30,1266,19,25,ffffffff
18446,30,1266,19,26,ffffffff
18446,20,1268,19,23,ffffffff
18447,28,1266,19,29,ffffffff
18447,28,1266,19,30,ffffffff
18447,30,1266,19,27,ffffffff
18447,28,1266,19,28,ffffffff
18448,28,1267,19,2,ffffffff
18448,28,1266,19,31,ffffffff
18448,28,1267,19,0,ffffffff
18448,28,1267,19,1,ffffffff
18449,28,1267,19,3,ffffffff
18449,28,1267,19,4,ffffffff
18449,28,1267,19,5,ffffffff
18449,28,1267,19,6,ffffffff
18450,28,1268,19,16,ffffffff
18450,28,1268,19,17,ffffffff
18450,28,1268,19,18,ffffffff
18450,28,1267,19,7,ffffffff
18451,28,1268,19,21,ffffffff
18451,28,1268,19,22,ffffffff
18451,28,1268,19,19,ffffffff
18451,28,1268,19,20,ffffffff
18452,28,1268,19,23,ffffffff
18455,30,1266,19,28,ffffffff
18455,30,1266,19,29,ffffffff
18455,30,1266,19,30,ffffffff
18456,38,1266,19,26,ffffffff
18456,38,1266,19,24,ffffffff
18456,38,1266,19,25,ffffffff
18456,30,1266,19,31,ffffffff
18457,38,1266,19,27,ffffffff
18457,30,1267,19,0,ffffffff
18457,30,1267,19,1,ffffffff
18457,30,1267,19,2,ffffffff
18458,30,1267,19,3,ffffffff
18458,30,1268,19,18,ffffffff
18458,30,1268,19,16,ffffffff
18458,30,1268,19,17,ffffffff
18459,30,1268,19,19,ffffffff
18459,30,1268,19,20,ffffffff
18459,30,1268,19,21,ffffffff
18459,30,1268,19,22,ffffffff
18460,30,1267,19,5,ffffffff
18460,30,1267,19,6,ffffffff
18460,30,1267,19,4,ffffffff
18460,30,1268,19,23,ffffffff
18461,30,1267,19,7,ffffffff
18464,40,1266,19,24,ffffffff
18464,40,1266,19,25,ffffffff
18464,40,1266,19,26,ffffffff
18465,38,1266,19,30,ffffffff
18465,38,1266,19,28,ffffffff
18465,38,1266,19,29,ffffffff
18465,40,1266,19,27,ffffffff
18466,38,1266,19,31,ffffffff
18468,38,1267,19,0,ffffffff
18468,38,1267,19,1,ffffffff
18468,38,1267,19,2,ffffffff
18469,38,1267,19,3,ffffffff
18470,38,1268,19,17,ffffffff
18470,38,1268,19,18,ffffffff
18470,38,1268,19,16,ffffffff
18471,38,1268,19,19,ffffffff
18472,38,1268,19,22,ffffffff
18472,38,1268,19,20,ffffffff
18472,38,1268,19,21,ffffffff
18473,38,1268,19,23,ffffffff
18473,40,1266,19,28,ffffffff
18473,40,1266,19,29,ffffffff
18473,40,1266,19,30,ffffffff
18474,50,1266,19,25,ffffffff
18474,50,1266,19,26,ffffffff
18474,40,1266,19,31,ffffffff
18474,50,1266,19,24,ffffffff
18475,50,1266,19,27,ffffffff
18475,40,1267,19,0,ffffffff
18475,40,1267,19,1,ffffffff
18475,40,1267,19,2,ffffffff
18476,40,1267,19,3,ffffffff
18476,40,1268,19,17,ffffffff
18476,40,1268,19,18,ffffffff
18476,40,1268,19,16,ffffffff
18477,40,1268,19,19,ffffffff
18479,40,1268,19,20,ffffffff
18479,40,1268,19,21,ffffffff
18479,40,1268,19,22,ffffffff
18480,58,1266,19,26,ffffffff
18480,58,1266,19,24,ffffffff
18480,58,1266,19,25,ffffffff
18480,40,1268,19,23,ffffffff
18480,78,1233,19,8,ffffffff
18481,58,1266,19,27,ffffffff
18482,50,1266,19,29,ffffffff
18482,50,1266,19,30,ffffffff
18482,50,1266,19,28,ffffffff
18485,50,1266,19,31,ffffffff
18486,50,1267,19,3,ffffffff
18487,50,1268,19,19,ffffffff
18489,60,1266,19,24,ffffffff
18489,60,1266,19,25,ffffffff
18489,60,1266,19,26,ffffffff
18490,50,1267,19,1,ffffffff
18490,50,1267,19,2,ffffffff
18490,50,1267,19,0,ffffffff
18491,58,1266,19,28,ffffffff
18491,58,1266,19,29,ffffffff
18491,58,1266,19,30,ffffffff
18492,38,1267,19,7,ffffffff
18492,50,1268,19,18,ffffffff
18492,80,1233,19,8,ffffffff
18492,50,1268,19,17,ffffffff
18493,50,1268,19,22,ffffffff
18493,50,1268,19,21,ffffffff
18493,50,1268,19,16,ffffffff
18494,60,1266,19,27,ffffffff
18494,68,1266,19,26,ffffffff
18494,50,1268,19,20,ffffffff
18494,68,1266,19,25,ffffffff
18495,68,1266,19,24,ffffffff
18496,58,1266,19,31,ffffffff
18498,58,1267,19,3,ffffffff
18498,58,1267,19,1,ffffffff
18498,58,1267,19,2,ffffffff
18499,58,1267,19,0,ffffffff
18499,68,1266,19,27,ffffffff
18500,58,1268,19,19,ffffffff
18500,58,1268,19,17,ffffffff
18500,58,1268,19,18,ffffffff
18501,58,1268,19,16,ffffffff
18501,40,1267,19,7,ffffffff
18502,58,1268,19,22,ffffffff
18502,58,1268,19,21,ffffffff
18503,58,1268,19,20,ffffffff
18503,78,1233,19,9,ffffffff
18504,60,1266,19,29,ffffffff
18504,60,1266,19,30,ffffffff
18505,58,1268,19,23,ffffffff
18505,60,1266,19,28,ffffffff
18505,68,1266,19,29,ffffffff
18505,68,1266,19,30,ffffffff
18506,70,1266,19,25,ffffffff
18506,70,1266,19,26,ffffffff
18507,38,1267,19,4,ffffffff
18507,60,1266,19,31,ffffffff
18509,70,1266,19,24,ffffffff
18509,60,1267,19,1,ffffffff
18509,60,1267,19,2,ffffffff
18509,60,1267,19,3,ffffffff
18511,60,1268,19,19,ffffffff
18511,60,1267,19,0,ffffffff
18511,60,1268,19,17,ffffffff
18511,60,1268,19,18,ffffffff
18512,68,1267,19,2,ffffffff
18512,68,1266,19,31,ffffffff
18512,68,1267,19,1,ffffffff
18513,60,1268,19,16,ffffffff
18513,70,1266,19,27,ffffffff
18513,60,1268,19,21,ffffffff
18513,60,1268,19,22,ffffffff
18514,50,1268,19,23,ffffffff
18514,68,1267,19,0,ffffffff
18515,60,1268,19,20,ffffffff
18515,80,1233,19,9,ffffffff
18515,68,1268,19,18,ffffffff
18515,68,1267,19,3,ffffffff
18516,38,1267,19,5,ffffffff
18516,38,1267,19,6,ffffffff
18516,40,1267,19,4,ffffffff
18517,68,1268,19,16,ffffffff
18517,68,1268,19,17,ffffffff
18518,68,1268,19,19,ffffffff
18518,68,1268,19,20,ffffffff
18518,68,1268,19,21,ffffffff
18519,68,1266,19,28,ffffffff
18520,70,1266,19,30,ffffffff
18521,68,1268,19,22,ffffffff
18522,70,1267,19,2,ffffffff
18523,70,1266,19,29,ffffffff
18523,70,1266,19,31,ffffffff
18524,70,1267,19,0,ffffffff
18524,50,1267,19,7,ffffffff
18524,40,1267,19,5,ffffffff
18524,40,1267,19,6,ffffffff
18525,70,1267,19,1,ffffffff
18525,70,1268,19,18,ffffffff
18525,70,1267,19,3,ffffffff
18527,70,1268,19,16,ffffffff
18528,70,1268,19,21,ffffffff
18528,58,1267,19,7,ffffffff
18529,70,1268,19,20,ffffffff
18530,70,1268,19,17,ffffffff
18530,60,1268,19,23,ffffffff
18530,70,1268,19,22,ffffffff
18531,70,1266,19,28,ffffffff
18531,68,1268,19,23,ffffffff
18532,70,1268,19,19,ffffffff
18532,50,1267,19,4,ffffffff
18532,50,1267,19,5,ffffffff
18532,50,1267,19,6,ffffffff
18533,58,1267,19,4,ffffffff
18536,58,1267,19,6,ffffffff
18536,58,1267,19,5,ffffffff
18536,68,1267,19,7,ffffffff
18537,60,1267,19,7,ffffffff
18540,70,1268,19,23,ffffffff
18541,68,1267,19,4,ffffffff
18542,60,1267,19,4,ffffffff
18544,68,1267,19,5,ffffffff
18544,68,1267,19,6,ffffffff
18545,70,1267,19,7,ffffffff
18545,60,1267,19,5,ffffffff
18545,60,1267,19,6,ffffffff
18549,78,1233,19,12,ffffffff
18550,70,1267,19,4,ffffffff
18553,70,1267,19,5,ffffffff
18553,70,1267,19,6,ffffffff
18555,80,1233,19,12,ffffffff
18557,78,1233,19,14,ffffffff
18558,78,1233,19,15,ffffffff
18562,78,1233,19,13,ffffffff
18563,80,1233,19,14,ffffffff
18564,80,1233,19,15,ffffffff
18568,80,1233,19,13,ffffffff
18583,78,1233,19,10,ffffffff
18589,80,1233,19,10,ffffffff
18614,78,1233,19,11,ffffffff
18620,80,1233,19,11,ffffffff
18900,78,1267,19,2,ffffffff
18906,80,1267,19,2,ffffffff
18985,88,1233,19,12,ffffffff
18992,98,1233,19,12,ffffffff
19001,a0,1233,19,12,ffffffff
19006,88,1233,19,15,ffffffff
19008,88,1233,19,13,ffffffff
19009,88,1233,19,14,ffffffff
19013,98,1233,19,15,ffffffff
19015,98,1233,19,13,ffffffff
19016,98,1233,19,14,ffffffff
19017,78,1268,19,18,ffffffff
19022,a0,1233,19,15,ffffffff
19024,a0,1233,19,13,ffffffff
19024,80,1268,19,18,ffffffff
19025,a0,1233,19,14,ffffffff
19026,88,1233,19,8,ffffffff
19029,90,1233,19,12,ffffffff
19033,98,1233,19,8,ffffffff
19033,a8,1233,19,12,ffffffff
19035,b0,1233,19,12,ffffffff
19038,88,1233,19,11,ffffffff
19039,88,1233,19,10,ffffffff
19042,a0,1233,19,8,ffffffff
19045,98,1233,19,11,ffffffff
19046,98,1233,19,10,ffffffff
19050,90,1233,19,15,ffffffff
19051,78,1268,19,19,ffffffff
19052,90,1233,19,13,ffffffff
19053,90,1233,19,14,ffffffff
19054,a0,1233,19,11,ffffffff
19054,a8,1233,19,15,ffffffff
19055,a0,1233,19,10,ffffffff
19056,78,1268,19,22,ffffffff
19056,a8,1233,19,13,ffffffff
19057,80,1268,19,19,ffffffff
19057,a8,1233,19,14,ffffffff
19058,b0,1233,19,15,ffffffff
19058,b0,1233,19,13,ffffffff
19059,b0,1233,19,14,ffffffff
19061,88,1233,19,9,ffffffff
19062,80,1268,19,22,ffffffff
19068,98,1233,19,9,ffffffff
19070,90,1233,19,8,ffffffff
19074,78,1266,19,29,ffffffff
19074,a8,1233,19,8,ffffffff
19076,b0,1233,19,8,ffffffff
19076,78,1266,19,28,ffffffff
19077,a0,1233,19,9,ffffffff
19080,80,1266,19,29,ffffffff
19082,90,1233,19,11,ffffffff
19082,80,1266,19,28,ffffffff
19083,90,1233,19,10,ffffffff
19085,78,1268,19,23,ffffffff
19086,a8,1233,19,11,ffffffff
19087,a8,1233,19,10,ffffffff
19088,b0,1233,19,11,ffffffff
19089,b0,1233,19,10,ffffffff
19091,80,1268,19,23,ffffffff
19103,78,1267,19,3,ffffffff
19105,90,1233,19,9,ffffffff
19106,78,1267,19,6,ffffffff
19109,80,1267,19,3,ffffffff
19109,a8,1233,19,9,ffffffff
19111,b0,1233,19,9,ffffffff
19112,80,1267,19,6,ffffffff
19114,78,1268,19,20,ffffffff
19120,80,1268,19,20,ffffffff
19123,78,1266,19,30,ffffffff
19125,78,1268,19,21,ffffffff
19126,78,1266,19,24,ffffffff
19129,80,1266,19,30,ffffffff
19131,80,1268,19,21,ffffffff
19132,80,1266,19,24,ffffffff
19132,78,1266,19,26,ffffffff
19135,78,1267,19,7,ffffffff
19138,80,1266,19,26,ffffffff
19138,78,1266,19,27,ffffffff
19141,80,1267,19,7,ffffffff
19144,80,1266,19,27,ffffffff
19150,78,1266,19,31,ffffffff
19156,80,1266,19,31,ffffffff
19164,78,1267,19,4,ffffffff
19166,78,1267,19,5,ffffffff
19170,80,1267,19,4,ffffffff
19172,80,1267,19,5,ffffffff
19176,78,1266,19,25,ffffffff
19182,80,1266,19,25,ffffffff
19226,78,1268,19,16,ffffffff
19228,78,1268,19,17,ffffffff
19232,80,1268,19,16,ffffffff
19234,80,1268,19,17,ffffffff
19245,78,1267,19,1,ffffffff
19251,80,1267,19,1,ffffffff
19261,78,1267,19,0,ffffffff
19267,80,1267,19,0,ffffffff
19342,88,1267,19,2,ffffffff
19349,98,1267,19,2,ffffffff
19358,a0,1267,19,2,ffffffff
19358,0,1350,19,10,ffffffff
19359,0,1350,19,8,ffffffff
19360,0,1350,19,9,ffffffff
19361,0,1350,19,11,ffffffff
19362,0,1350,19,12,ffffffff
19363,0,1350,19,13,ffffffff
19364,0,1350,19,14,ffffffff
19365,8,1350,19,8,ffffffff
19366,8,1350,19,10,ffffffff
19367,0,1350,19,15,ffffffff
19368,8,1350,19,13,ffffffff
19369,10,1350,19,10,ffffffff
19370,8,1350,19,15,ffffffff
19371,10,1350,19,8,ffffffff
19372,10,1350,19,9,ffffffff
19373,10,1350,19,14,ffffffff
19374,10,1350,19,11,ffffffff
19375,10,1350,19,12,ffffffff
19376,10,1350,19,13,ffffffff
19377,18,1350,19,10,ffffffff
19378,10,1350,19,15,ffffffff
19379,18,1350,19,8,ffffffff
19380,20,1350,19,10,ffffffff
19380,18,1350,19,9,ffffffff
19381,18,1350,19,14,ffffffff
19382,20,1350,19,8,ffffffff
19382,8,1350,19,14,ffffffff
19383,20,1350,19,9,ffffffff
19383,18,1350,19,11,ffffffff
19384,18,1350,19,12,ffffffff
19385,8,1350,19,12,ffffffff
19386,90,1267,19,2,ffffffff
19386,20,1350,19,11,ffffffff
19386,28,1350,19,10,ffffffff
19386,28,1350,19,8,ffffffff
19386,28,1350,19,9,ffffffff
19386,18,1350,19,13,ffffffff
19387,20,1350,19,13,ffffffff
19387,20,1350,19,14,ffffffff
19387,28,1350,19,11,ffffffff
19387,20,1350,19,12,ffffffff
19387,8,1350,19,9,ffffffff
19388,30,1350,19,10,ffffffff
19388,20,1350,19,15,ffffffff
19388,30,1350,19,8,ffffffff
19388,30,1350,19,9,ffffffff
19388,18,1350,19,15,ffffffff
19389,30,1350,19,11,ffffffff
19389,28,1350,19,12,ffffffff
19389,28,1350,19,13,ffffffff
19389,28,1350,19,14,ffffffff
19389,8,1350,19,11,ffffffff
19390,30,1350,19,12,ffffffff
19390,30,1350,19,13,ffffffff
19390,30,1350,19,14,ffffffff
19390,28,1350,19,15,ffffffff
19390,a8,1267,19,2,ffffffff
19391,30,1350,19,15,ffffffff
19392,b0,1267,19,2,ffffffff
19398,38,1350,19,8,ffffffff
19398,38,1350,19,9,ffffffff
19398,38,1350,19,10,ffffffff
19399,38,1350,19,11,ffffffff
19400,38,1350,19,13,ffffffff
19400,38,1350,19,14,ffffffff
19400,38,1350,19,12,ffffffff
19401,38,1350,19,15,ffffffff
19404,40,1350,19,9,ffffffff
19404,40,1350,19,10,ffffffff
19404,40,1350,19,8,ffffffff
19405,40,1350,19,11,ffffffff
19406,40,1350,19,12,ffffffff
19406,40,1350,19,13,ffffffff
19406,40,1350,19,14,ffffffff
19407,40,1350,19,15,ffffffff
19411,50,1350,19,8,ffffffff
19411,50,1350,19,9,ffffffff
19411,50,1350,19,10,ffffffff
19412,50,1350,19,11,ffffffff
19415,50,1350,19,12,ffffffff
19415,50,1350,19,13,ffffffff
19415,50,1350,19,14,ffffffff
19416,58,1350,19,10,ffffffff
19416,58,1350,19,8,ffffffff
19416,58,1350,19,9,ffffffff
19416,50,1350,19,15,ffffffff
19417,58,1350,19,11,ffffffff
19419,58,1350,19,12,ffffffff
19419,58,1350,19,13,ffffffff
19419,58,1350,19,14,ffffffff
19420,58,1350,19,15,ffffffff
19424,68,1350,19,8,ffffffff
19424,68,1350,19,9,ffffffff
19424,68,1350,19,10,ffffffff
19425,60,1350,19,8,ffffffff
19425,60,1350,19,9,ffffffff
19425,60,1350,19,10,ffffffff
19425,68,1350,19,11,ffffffff
19426,60,1350,19,11,ffffffff
19427,68,1350,19,12,ffffffff
19427,68,1350,19,13,ffffffff
19427,68,1350,19,14,ffffffff
19428,60,1350,19,14,ffffffff
19428,60,1350,19,12,ffffffff
19428,60,1350,19,13,ffffffff
19428,68,1350,19,15,ffffffff
19429,60,1350,19,15,ffffffff
19433,70,1350,19,8,ffffffff
19433,70,1350,19,9,ffffffff
19433,70,1350,19,10,ffffffff
19434,70,1350,19,11,ffffffff
19436,70,1350,19,14,ffffffff
19436,70,1350,19,12,ffffffff
19436,70,1350,19,13,ffffffff
19437,70,1350,19,15,ffffffff
19476,88,1268,19,22,ffffffff
19481,88,1268,19,23,ffffffff
19483,98,1268,19,22,ffffffff
19488,98,1268,19,23,ffffffff
19492,a0,1268,19,22,ffffffff
19492,88,1268,19,20,ffffffff
19497,a0,1268,19,23,ffffffff
19499,98,1268,19,20,ffffffff
19508,a0,1268,19,20,ffffffff
19509,88,1268,19,21,ffffffff
19516,98,1268,19,21,ffffffff
19520,90,1268,19,22,ffffffff
19524,a8,1268,19,22,ffffffff
19525,90,1268,19,23,ffffffff
19525,a0,1268,19,21,ffffffff
19526,b0,1268,19,22,ffffffff
19529,a8,1268,19,23,ffffffff
19531,b0,1268,19,23,ffffffff
19533,88,1266,19,30,ffffffff
19536,90,1268,19,20,ffffffff
19536,88,1268,19,18,ffffffff
19539,88,1268,19,19,ffffffff
19540,98,1266,19,30,ffffffff
19540,a8,1268,19,20,ffffffff
19542,b0,1268,19,20,ffffffff
19543,98,1268,19,18,ffffffff
19546,98,1268,19,19,ffffffff
19549,a0,1266,19,30,ffffffff
19552,a0,1268,19,18,ffffffff
19552,88,1266,19,25,ffffffff
19553,90,1268,19,21,ffffffff
19555,a0,1268,19,19,ffffffff
19557,a8,1268,19,21,ffffffff
19560,98,1266,19,25,ffffffff
19561,b0,1268,19,21,ffffffff
19564,88,1266,19,31,ffffffff
19566,88,1266,19,24,ffffffff
19569,a0,1266,19,25,ffffffff
19571,98,1266,19,31,ffffffff
19573,98,1266,19,24,ffffffff
19577,90,1266,19,30,ffffffff
19579,88,1266,19,29,ffffffff
19580,a0,1266,19,31,ffffffff
19581,90,1268,19,18,ffffffff
19581,a8,1266,19,30,ffffffff
19582,a0,1266,19,24,ffffffff
19583,90,1268,19,19,ffffffff
19583,b0,1266,19,30,ffffffff
19585,a8,1268,19,18,ffffffff
19586,98,1266,19,29,ffffffff
19587,b0,1268,19,18,ffffffff
19587,a8,1268,19,19,ffffffff
19589,b0,1268,19,19,ffffffff
19594,88,1266,19,28,ffffffff
19595,a0,1266,19,29,ffffffff
19596,90,1266,19,25,ffffffff
19597,88,1267,19,6,ffffffff
19598,88,1268,19,16,ffffffff
19600,a8,1266,19,25,ffffffff
19601,98,1266,19,28,ffffffff
19602,b0,1266,19,25,ffffffff
19604,98,1267,19,6,ffffffff
19605,98,1268,19,16,ffffffff
19608,90,1266,19,31,ffffffff
19609,88,1268,19,17,ffffffff
19610,90,1266,19,24,ffffffff
19610,a0,1266,19,28,ffffffff
19612,88,1267,19,1,ffffffff
19612,a8,1266,19,31,ffffffff
19613,a0,1267,19,6,ffffffff
19614,a0,1268,19,16,ffffffff
19614,b0,1266,19,31,ffffffff
19614,a8,1266,19,24,ffffffff
19616,98,1268,19,17,ffffffff
19616,b0,1266,19,24,ffffffff
19619,98,1267,19,1,ffffffff
19623,90,1266,19,29,ffffffff
19625,a0,1268,19,17,ffffffff
19627,a8,1266,19,29,ffffffff
19628,a0,1267,19,1,ffffffff
19628,88,1267,19,7,ffffffff
19629,b0,1266,19,29,ffffffff
19635,98,1267,19,7,ffffffff
19638,90,1266,19,28,ffffffff
19641,90,1267,19,6,ffffffff
19642,90,1268,19,16,ffffffff
19642,a8,1266,19,28,ffffffff
19644,a0,1267,19,7,ffffffff
19644,b0,1266,19,28,ffffffff
19645,a8,1267,19,6,ffffffff
19646,a8,1268,19,16,ffffffff
19647,b0,1267,19,6,ffffffff
19648,b0,1268,19,16,ffffffff
19651,88,1267,19,0,ffffffff
19653,90,1268,19,17,ffffffff
19657,90,1267,19,1,ffffffff
19657,a8,1268,19,17,ffffffff
19658,98,1267,19,0,ffffffff
19659,b0,1268,19,17,ffffffff
19661,a8,1267,19,1,ffffffff
19663,b0,1267,19,1,ffffffff
19667,a0,1267,19,0,ffffffff
19672,90,1267,19,7,ffffffff
19676,a8,1267,19,7,ffffffff
19678,b0,1267,19,7,ffffffff
19695,90,1267,19,0,ffffffff
19699,a8,1267,19,0,ffffffff
19701,b0,1267,19,0,ffffffff
19727,88,1266,19,27,ffffffff
19734,98,1266,19,27,ffffffff
19743,a0,1266,19,27,ffffffff
19744,88,1267,19,3,ffffffff
19747,88,1266,19,26,ffffffff
19751,98,1267,19,3,ffffffff
19754,98,1266,19,26,ffffffff
19760,a0,1267,19,3,ffffffff
19763,a0,1266,19,26,ffffffff
19771,90,1266,19,27,ffffffff
19775,a8,1266,19,27,ffffffff
19777,b0,1266,19,27,ffffffff
19782,88,1267,19,4,ffffffff
19784,88,1267,19,5,ffffffff
19788,90,1267,19,3,ffffffff
19789,98,1267,19,4,ffffffff
19791,90,1266,19,26,ffffffff
19791,98,1267,19,5,ffffffff
19792,a8,1267,19,3,ffffffff
19794,b0,1267,19,3,ffffffff
19795,a8,1266,19,26,ffffffff
19797,b0,1266,19,26,ffffffff
19798,a0,1267,19,4,ffffffff
19800,a0,1267,19,5,ffffffff
19826,90,1267,19,4,ffffffff
19828,90,1267,19,5,ffffffff
19830,a8,1267,19,4,ffffffff
19832,b0,1267,19,4,ffffffff
19832,a8,1267,19,5,ffffffff
19834,b0,1267,19,5,ffffffff
19907,0,1389,19,16,ffffffff
19908,0,1389,19,17,ffffffff
19909,0,1389,19,18,ffffffff
19910,0,1389,19,20,ffffffff
19911,0,1389,19,21,ffffffff
19912,0,1389,19,22,ffffffff
19913,0,1389,19,19,ffffffff
19914,8,1389,19,17,ffffffff
19915,0,1389,19,23,ffffffff
19916,8,1389,19,16,ffffffff
19917,8,1389,19,22,ffffffff
19918,8,1389,19,23,ffffffff
19919,10,1389,19,16,ffffffff
19920,10,1389,19,17,ffffffff
19921,10,1389,19,18,ffffffff
19922,10,1389,19,19,ffffffff
19923,10,1389,19,20,ffffffff
19924,10,1389,19,21,ffffffff
19925,10,1389,19,22,ffffffff
19926,10,1389,19,23,ffffffff
19927,18,1389,19,16,ffffffff
19928,18,1389,19,17,ffffffff
19929,18,1389,19,18,ffffffff
19930,20,1389,19,16,ffffffff
19930,18,1389,19,19,ffffffff
19931,20,1389,19,17,ffffffff
19931,18,1389,19,20,ffffffff
19932,20,1389,19,18,ffffffff
19932,8,1389,19,20,ffffffff
19933,20,1389,19,19,ffffffff
19933,28,1389,19,16,ffffffff
19933,28,1389,19,17,ffffffff
19933,28,1389,19,18,ffffffff
19933,18,1389,19,21,ffffffff
19934,20,1389,19,20,ffffffff
19934,20,1389,19,21,ffffffff
19934,20,1389,19,22,ffffffff
19934,28,1389,19,19,ffffffff
19934,8,1389,19,21,ffffffff
19935,30,1389,19,17,ffffffff
19935,30,1389,19,18,ffffffff
19935,20,1389,19,23,ffffffff
19935,30,1389,19,16,ffffffff
19935,18,1389,19,22,ffffffff
19936,28,1389,19,22,ffffffff
19936,30,1389,19,19,ffffffff
19936,28,1389,19,20,ffffffff
19936,28,1389,19,21,ffffffff
19936,8,1389,19,18,ffffffff
19937,28,1389,19,23,ffffffff
19937,30,1389,19,20,ffffffff
19937,30,1389,19,21,ffffffff
19937,30,1389,19,22,ffffffff
19937,18,1389,19,23,ffffffff
19938,30,1389,19,23,ffffffff
19938,8,1389,19,19,ffffffff
19945,38,1389,19,18,ffffffff
19945,38,1389,19,16,ffffffff
19945,38,1389,19,17,ffffffff
19946,38,1389,19,19,ffffffff
19947,38,1389,19,20,ffffffff
19947,38,1389,19,21,ffffffff
19947,38,1389,19,22,ffffffff
19948,38,1389,19,23,ffffffff
19951,40,1389,19,16,ffffffff
19951,40,1389,19,17,ffffffff
19951,40,1389,19,18,ffffffff
19952,40,1389,19,19,ffffffff
19953,40,1389,19,22,ffffffff
19953,40,1389,19,20,ffffffff
19953,40,1389,19,21,ffffffff
19954,40,1389,19,23,ffffffff
19958,50,1389,19,16,ffffffff
19958,50,1389,19,17,ffffffff
19958,50,1389,19,18,ffffffff
19959,50,1389,19,19,ffffffff
19962,50,1389,19,22,ffffffff
19962,50,1389,19,20,ffffffff
19962,50,1389,19,21,ffffffff
19963,58,1389,19,17,ffffffff
19963,58,1389,19,18,ffffffff
19963,58,1389,19,16,ffffffff
19963,50,1389,19,23,ffffffff
19964,58,1389,19,19,ffffffff
19966,58,1389,19,20,ffffffff
19966,58,1389,19,21,ffffffff
19966,58,1389,19,22,ffffffff
19966,78,1350,19,11,ffffffff
19967,58,1389,19,23,ffffffff
19971,68,1389,19,16,ffffffff
19971,68,1389,19,17,ffffffff
19971,68,1389,19,18,ffffffff
19971,78,1350,19,10,ffffffff
19972,60,1389,19,18,ffffffff
19972,60,1389,19,16,ffffffff
19972,60,1389,19,17,ffffffff
19972,68,1389,19,19,ffffffff
19973,60,1389,19,19,ffffffff
19974,80,1350,19,11,ffffffff
19974,68,1389,19,22,ffffffff
19974,68,1389,19,20,ffffffff
19974,68,1389,19,21,ffffffff
19975,60,1389,19,21,ffffffff
19975,60,1389,19,22,ffffffff
19975,60,1389,19,20,ffffffff
19975,68,1389,19,23,ffffffff
19977,80,1350,19,10,ffffffff
19979,60,1389,19,23,ffffffff
19980,70,1389,19,16,ffffffff
19980,70,1389,19,17,ffffffff
19982,70,1389,19,19,ffffffff
19982,70,1389,19,18,ffffffff
19983,70,1389,19,21,ffffffff
19983,70,1389,19,20,ffffffff
19984,70,1389,19,22,ffffffff
19984,70,1389,19,23,ffffffff
20010,78,1350,19,9,ffffffff
20016,80,1350,19,9,ffffffff
20042,0,1397,19,26,ffffffff
20043,0,1397,19,24,ffffffff
20044,0,1397,19,25,ffffffff
20045,0,1397,19,27,ffffffff
20046,0,1397,19,28,ffffffff
20047,0,1397,19,29,ffffffff
20048,0,1397,19,30,ffffffff
20049,8,1397,19,24,ffffffff
20050,8,1397,19,26,ffffffff
20051,0,1397,19,31,ffffffff
20052,8,1397,19,29,ffffffff
20053,10,1397,19,26,ffffffff
20054,8,1397,19,31,ffffffff
20055,78,1350,19,8,ffffffff
20055,10,1397,19,24,ffffffff
20056,10,1397,19,25,ffffffff
20057,10,1397,19,30,ffffffff
20058,10,1397,19,27,ffffffff
20059,10,1397,19,28,ffffffff
20060,10,1397,19,29,ffffffff
20061,18,1397,19,26,ffffffff
20062,10,1397,19,31,ffffffff
20063,18,1397,19,24,ffffffff
20064,20,1397,19,26,ffffffff
20064,18,1397,19,25,ffffffff
20065,18,1397,19,30,ffffffff
20066,20,1397,19,24,ffffffff
20066,8,1397,19,30,ffffffff
20067,20,1397,19,25,ffffffff
20067,18,1397,19,27,ffffffff
20068,18,1397,19,28,ffffffff
20069,18,1397,19,29,ffffffff
20070,20,1397,19,27,ffffffff
20070,28,1397,19,26,ffffffff
20070,8,1397,19,25,ffffffff
20071,28,1397,19,25,ffffffff
20071,20,1397,19,30,ffffffff
20071,28,1397,19,27,ffffffff
20071,18,1397,19,31,ffffffff
20072,80,1350,19,8,ffffffff
20072,30,1397,19,26,ffffffff
20072,20,1397,19,31,ffffffff
20072,20,1397,19,29,ffffffff
20072,8,1397,19,27,ffffffff
20073,28,1397,19,24,ffffffff
20073,30,1397,19,27,ffffffff
20073,30,1397,19,25,ffffffff
20073,28,1397,19,30,ffffffff
20074,20,1397,19,28,ffffffff
20074,28,1397,19,29,ffffffff
20074,30,1397,19,30,ffffffff
20074,28,1397,19,31,ffffffff
20074,8,1397,19,28,ffffffff
20075,30,1397,19,24,ffffffff
20075,30,1397,19,29,ffffffff
20075,30,1397,19,31,ffffffff
20076,28,1397,19,28,ffffffff
20077,30,1397,19,28,ffffffff
20082,38,1397,19,26,ffffffff
20083,38,1397,19,25,ffffffff
20083,38,1397,19,27,ffffffff
20084,38,1397,19,30,ffffffff
20084,0,1401,19,0,ffffffff
20085,38,1397,19,31,ffffffff
20085,38,1397,19,24,ffffffff
20085,38,1397,19,29,ffffffff
20085,0,1401,19,1,ffffffff
20086,0,1401,19,2,ffffffff
20087,38,1397,19,28,ffffffff
20087,0,1401,19,5,ffffffff
20088,0,1401,19,6,ffffffff
20089,40,1397,19,26,ffffffff
20089,40,1397,19,25,ffffffff
20089,0,1401,19,3,ffffffff
20090,40,1397,19,27,ffffffff
20090,40,1397,19,30,ffffffff
20090,0,1401,19,4,ffffffff
20091,0,1401,19,7,ffffffff
20092,8,1401,19,0,ffffffff
20093,8,1401,19,1,ffffffff
20094,8,1401,19,5,ffffffff
20095,8,1401,19,2,ffffffff
20096,8,1401,19,6,ffffffff
20097,10,1401,19,0,ffffffff
20098,8,1401,19,7,ffffffff
20099,10,1401,19,4,ffffffff
20100,10,1401,19,5,ffffffff
20101,10,1401,19,6,ffffffff
20102,10,1401,19,3,ffffffff
20103,18,1401,19,0,ffffffff
20104,18,1401,19,1,ffffffff
20105,18,1401,19,2,ffffffff
20106,10,1401,19,7,ffffffff
20107,40,1397,19,24,ffffffff
20107,18,1401,19,4,ffffffff
20108,8,1401,19,4,ffffffff
20109,18,1401,19,5,ffffffff
20110,10,1401,19,1,ffffffff
20111,18,1401,19,6,ffffffff
20112,10,1401,19,2,ffffffff
20113,18,1401,19,3,ffffffff
20114,18,1401,19,7,ffffffff
20115,8,1401,19,3,ffffffff
20117,40,1397,19,31,ffffffff
20117,40,1397,19,29,ffffffff
20117,40,1397,19,28,ffffffff
20118,20,1401,19,0,ffffffff
20118,50,1397,19,26,ffffffff
20119,20,1401,19,4,ffffffff
20119,20,1401,19,1,ffffffff
20119,20,1401,19,3,ffffffff
20120,20,1401,19,5,ffffffff
20120,20,1401,19,2,ffffffff
20120,20,1401,19,7,ffffffff
20121,20,1401,19,6,ffffffff
20121,50,1397,19,27,ffffffff
20121,28,1401,19,0,ffffffff
20121,50,1397,19,25,ffffffff
20122,28,1401,19,3,ffffffff
20122,28,1401,19,4,ffffffff
20122,28,1401,19,1,ffffffff
20123,50,1397,19,24,ffffffff
20123,28,1401,19,5,ffffffff
20123,28,1401,19,7,ffffffff
20124,50,1397,19,30,ffffffff
20125,58,1397,19,26,ffffffff
20125,30,1401,19,0,ffffffff
20126,28,1401,19,2,ffffffff
20126,30,1401,19,4,ffffffff
20127,58,1397,19,25,ffffffff
20127,58,1397,19,27,ffffffff
20128,30,1401,19,3,ffffffff
20128,30,1401,19,1,ffffffff
20129,30,1401,19,2,ffffffff
20129,30,1401,19,7,ffffffff
20129,50,1397,19,29,ffffffff
20129,50,1397,19,28,ffffffff
20130,58,1397,19,30,ffffffff
20130,58,1397,19,24,ffffffff
20131,30,1401,19,6,ffffffff
20132,30,1401,19,5,ffffffff
20132,50,1397,19,31,ffffffff
20133,58,1397,19,28,ffffffff
20133,58,1397,19,29,ffffffff
20133,58,1397,19,31,ffffffff
20134,68,1397,19,26,ffffffff
20135,38,1401,19,0,ffffffff
20135,60,1397,19,26,ffffffff
20136,28,1401,19,6,ffffffff
20136,60,1397,19,27,ffffffff
20136,60,1397,19,25,ffffffff
20137,38,1401,19,4,ffffffff
20137,68,1397,19,25,ffffffff
20137,68,1397,19,27,ffffffff
20138,38,1401,19,3,ffffffff
20138,38,1401,19,1,ffffffff
20138,68,1397,19,24,ffffffff
20139,60,1397,19,24,ffffffff
20139,68,1397,19,30,ffffffff
20140,38,1401,19,2,ffffffff
20141,38,1401,19,7,ffffffff
20141,38,1401,19,5,ffffffff
20141,68,1397,19,28,ffffffff
20142,60,1397,19,28,ffffffff
20142,68,1397,19,29,ffffffff
20142,68,1397,19,31,ffffffff
20143,60,1397,19,30,ffffffff
20143,60,1397,19,29,ffffffff
20143,60,1397,19,31,ffffffff
20143,40,1401,19,0,ffffffff
20144,40,1401,19,4,ffffffff
20145,70,1397,19,26,ffffffff
20145,40,1401,19,1,ffffffff
20145,40,1401,19,3,ffffffff
20146,70,1397,19,25,ffffffff
20146,70,1397,19,27,ffffffff
20147,38,1401,19,6,ffffffff
20147,40,1401,19,5,ffffffff
20147,40,1401,19,7,ffffffff
20148,70,1397,19,24,ffffffff
20148,40,1401,19,2,ffffffff
20149,70,1397,19,30,ffffffff
20151,70,1397,19,28,ffffffff
20151,70,1397,19,29,ffffffff
20151,70,1397,19,31,ffffffff
20153,50,1401,19,4,ffffffff
20153,40,1401,19,6,ffffffff
20153,50,1401,19,3,ffffffff
20154,50,1401,19,0,ffffffff
20155,50,1401,19,1,ffffffff
20156,50,1401,19,2,ffffffff
20158,58,1401,19,0,ffffffff
20158,50,1401,19,7,ffffffff
20159,58,1401,19,3,ffffffff
20160,58,1401,19,4,ffffffff
20160,58,1401,19,2,ffffffff
20160,50,1401,19,5,ffffffff
20161,58,1401,19,1,ffffffff
20161,50,1401,19,6,ffffffff
20162,58,1401,19,7,ffffffff
20164,58,1401,19,5,ffffffff
20165,58,1401,19,6,ffffffff
20166,68,1401,19,0,ffffffff
20167,60,1401,19,0,ffffffff
20167,68,1401,19,3,ffffffff
20168,60,1401,19,3,ffffffff
20168,68,1401,19,2,ffffffff
20169,60,1401,19,2,ffffffff
20169,68,1401,19,4,ffffffff
20169,68,1401,19,1,ffffffff
20170,60,1401,19,4,ffffffff
20170,60,1401,19,1,ffffffff
20170,68,1401,19,7,ffffffff
20171,60,1401,19,7,ffffffff
20172,68,1401,19,5,ffffffff
20173,60,1401,19,5,ffffffff
20173,68,1401,19,6,ffffffff
20174,60,1401,19,6,ffffffff
20175,70,1401,19,0,ffffffff
20176,70,1401,19,3,ffffffff
20177,70,1401,19,2,ffffffff
20178,70,1401,19,4,ffffffff
20178,70,1401,19,1,ffffffff
20179,70,1401,19,7,ffffffff
20181,70,1401,19,5,ffffffff
20182,70,1401,19,6,ffffffff
20187,78,1350,19,12,ffffffff
20192,78,1350,19,13,ffffffff
20193,80,1350,19,12,ffffffff
20198,80,1350,19,13,ffffffff
20219,78,1350,19,14,ffffffff
20225,80,1350,19,14,ffffffff
20241,78,1350,19,15,ffffffff
20247,80,1350,19,15,ffffffff
20357,78,1389,19,20,ffffffff
20363,80,1389,19,20,ffffffff
20363,78,1389,19,21,ffffffff
20369,80,1389,19,21,ffffffff
20373,88,1350,19,9,ffffffff
20380,98,1350,19,9,ffffffff
20389,a0,1350,19,9,ffffffff
20417,90,1350,19,9,ffffffff
20421,a8,1350,19,9,ffffffff
20423,b0,1350,19,9,ffffffff
20507,78,1389,19,22,ffffffff
20513,80,1389,19,22,ffffffff
20516,78,1389,19,23,ffffffff
20522,80,1389,19,23,ffffffff
20569,78,1401,19,4,ffffffff
20571,78,1401,19,5,ffffffff
20575,80,1401,19,4,ffffffff
20577,80,1401,19,5,ffffffff
20643,78,1389,19,16,ffffffff
20645,78,1389,19,18,ffffffff
20649,80,1389,19,16,ffffffff
20651,80,1389,19,18,ffffffff
20651,78,1389,19,17,ffffffff
20652,78,1389,19,19,ffffffff
20653,78,1401,19,6,ffffffff
20657,80,1389,19,17,ffffffff
20657,78,1397,19,31,ffffffff
20658,80,1389,19,19,ffffffff
20659,80,1401,19,6,ffffffff
20663,80,1397,19,31,ffffffff
20670,78,1397,19,30,ffffffff
20671,78,1401,19,7,ffffffff
20676,80,1397,19,30,ffffffff
20677,80,1401,19,7,ffffffff
20732,78,1397,19,28,ffffffff
20733,78,1397,19,29,ffffffff
20738,80,1397,19,28,ffffffff
20739,80,1397,19,29,ffffffff
20747,88,1350,19,10,ffffffff
20754,98,1350,19,10,ffffffff
20754,88,1350,19,11,ffffffff
20761,98,1350,19,11,ffffffff
20763,a0,1350,19,10,ffffffff
20769,78,1397,19,27,ffffffff
20770,a0,1350,19,11,ffffffff
20775,80,1397,19,27,ffffffff
20791,90,1350,19,10,ffffffff
20792,78,1401,19,1,ffffffff
20793,78,1401,19,2,ffffffff
20795,88,1350,19,8,ffffffff
20795,a8,1350,19,10,ffffffff
20797,b0,1350,19,10,ffffffff
20798,90,1350,19,11,ffffffff
20798,80,1401,19,1,ffffffff
20799,80,1401,19,2,ffffffff
20799,78,1401,19,0,ffffffff
20800,78,1401,19,3,ffffffff
20802,98,1350,19,8,ffffffff
20802,a8,1350,19,11,ffffffff
20804,b0,1350,19,11,ffffffff
20805,80,1401,19,0,ffffffff
20806,80,1401,19,3,ffffffff
20811,a0,1350,19,8,ffffffff
20820,88,1350,19,14,ffffffff
20821,88,1350,19,15,ffffffff
20822,78,1397,19,25,ffffffff
20823,78,1397,19,26,ffffffff
20827,98,1350,19,14,ffffffff
20828,80,1397,19,25,ffffffff
20828,98,1350,19,15,ffffffff
20829,80,1397,19,26,ffffffff
20831,78,1397,19,24,ffffffff
20837,a0,1350,19,14,ffffffff
20837,a0,1350,19,15,ffffffff
20837,80,1397,19,24,ffffffff
20839,90,1350,19,8,ffffffff
20843,a8,1350,19,8,ffffffff
20845,b0,1350,19,8,ffffffff
20849,88,1350,19,13,ffffffff
20856,98,1350,19,13,ffffffff
20863,88,1350,19,12,ffffffff
20864,90,1350,19,14,ffffffff
20865,90,1350,19,15,ffffffff
20865,a0,1350,19,13,ffffffff
20868,a8,1350,19,14,ffffffff
20869,a8,1350,19,15,ffffffff
20870,98,1350,19,12,ffffffff
20870,b0,1350,19,14,ffffffff
20871,b0,1350,19,15,ffffffff
20879,a0,1350,19,12,ffffffff
20893,90,1350,19,13,ffffffff
20897,a8,1350,19,13,ffffffff
20899,b0,1350,19,13,ffffffff
20907,90,1350,19,12,ffffffff
20911,a8,1350,19,12,ffffffff
20913,b0,1350,19,12,ffffffff
21021,88,1389,19,18,ffffffff
21022,88,1389,19,19,ffffffff
21026,88,1389,19,20,ffffffff
21028,98,1389,19,18,ffffffff
21029,98,1389,19,19,ffffffff
21033,98,1389,19,20,ffffffff
21034,88,1389,19,21,ffffffff
21036,88,1389,19,16,ffffffff
21037,a0,1389,19,18,ffffffff
21038,a0,1389,19,19,ffffffff
21041,98,1389,19,21,ffffffff
21042,a0,1389,19,20,ffffffff
21043,98,1389,19,16,ffffffff
21050,a0,1389,19,21,ffffffff
21051,88,1389,19,17,ffffffff
21052,a0,1389,19,16,ffffffff
21052,88,1389,19,22,ffffffff
21058,98,1389,19,17,ffffffff
21059,98,1389,19,22,ffffffff
21065,90,1389,19,18,ffffffff
21066,90,1389,19,19,ffffffff
21067,a0,1389,19,17,ffffffff
21068,a0,1389,19,22,ffffffff
21069,a8,1389,19,18,ffffffff
21070,90,1389,19,20,ffffffff
21070,a8,1389,19,19,ffffffff
21071,b0,1389,19,18,ffffffff
21072,b0,1389,19,19,ffffffff
21072,88,1389,19,23,ffffffff
21074,a8,1389,19,20,ffffffff
21076,b0,1389,19,20,ffffffff
21078,90,1389,19,21,ffffffff
21079,98,1389,19,23,ffffffff
21080,90,1389,19,16,ffffffff
21082,a8,1389,19,21,ffffffff
21084,b0,1389,19,21,ffffffff
21084,a8,1389,19,16,ffffffff
21086,b0,1389,19,16,ffffffff
21088,a0,1389,19,23,ffffffff
21095,90,1389,19,17,ffffffff
21096,90,1389,19,22,ffffffff
21099,a8,1389,19,17,ffffffff
21100,a8,1389,19,22,ffffffff
21101,b0,1389,19,17,ffffffff
21102,b0,1389,19,22,ffffffff
21104,88,1397,19,29,ffffffff
21111,98,1397,19,29,ffffffff
21116,90,1389,19,23,ffffffff
21120,a0,1397,19,29,ffffffff
21120,a8,1389,19,23,ffffffff
21122,b0,1389,19,23,ffffffff
21127,88,1397,19,28,ffffffff
21134,98,1397,19,28,ffffffff
21143,a0,1397,19,28,ffffffff
21148,90,1397,19,29,ffffffff
21150,88,1401,19,4,ffffffff
21152,a8,1397,19,29,ffffffff
21154,b0,1397,19,29,ffffffff
21157,98,1401,19,4,ffffffff
21166,a0,1401,19,4,ffffffff
21171,90,1397,19,28,ffffffff
21171,88,1397,19,27,ffffffff
21173,0,1475,19,9,ffffffff
21174,0,1475,19,10,ffffffff
21175,88,1401,19,5,ffffffff
21175,0,1475,19,8,ffffffff
21176,0,1475,19,14,ffffffff
21177,88,1401,19,2,ffffffff
21177,0,1475,19,12,ffffffff
21178,0,1475,19,13,ffffffff
21179,0,1475,19,11,ffffffff
21180,98,1397,19,27,ffffffff
21180,b0,1397,19,28,ffffffff
21180,88,1401,19,0,ffffffff
21180,8,1475,19,9,ffffffff
21181,8,1475,19,10,ffffffff
21182,8,1475,19,8,ffffffff
21183,0,1475,19,15,ffffffff
21184,98,1401,19,5,ffffffff
21184,10,1475,19,9,ffffffff
21185,98,1401,19,2,ffffffff
21185,10,1475,19,10,ffffffff
21186,88,1397,19,30,ffffffff
21186,8,1475,19,12,ffffffff
21187,88,1397,19,31,ffffffff
21187,8,1475,19,11,ffffffff
21188,18,1475,19,9,ffffffff
21189,18,1475,19,10,ffffffff
21190,10,1475,19,8,ffffffff
21191,10,1475,19,13,ffffffff
21192,88,1401,19,3,ffffffff
21192,10,1475,19,14,ffffffff
21193,88,1401,19,6,ffffffff
21193,10,1475,19,11,ffffffff
21194,90,1401,19,4,ffffffff
21194,20,1475,19,9,ffffffff
21194,18,1475,19,8,ffffffff
21195,18,1475,19,13,ffffffff
21196,88,1401,19,1,ffffffff
21196,8,1475,19,13,ffffffff
21197,88,1401,19,7,ffffffff
21197,10,1475,19,15,ffffffff
21198,18,1475,19,14,ffffffff
21199,8,1475,19,14,ffffffff
21200,10,1475,19,12,ffffffff
21201,18,1475,19,11,ffffffff
21202,88,1397,19,26,ffffffff
21202,18,1475,19,12,ffffffff
21203,18,1475,19,15,ffffffff
21204,8,1475,19,15,ffffffff
21205,20,1475,19,10,ffffffff
21205,a8,1401,19,4,ffffffff
21206,98,1401,19,0,ffffffff
21206,28,1475,19,10,ffffffff
21206,a8,1397,19,28,ffffffff
21207,20,1475,19,8,ffffffff
21207,20,1475,19,14,ffffffff
21208,28,1475,19,9,ffffffff
21208,20,1475,19,11,ffffffff
21208,20,1475,19,12,ffffffff
21209,a0,1397,19,27,ffffffff
21209,a0,1401,19,5,ffffffff
21209,b0,1401,19,4,ffffffff
21210,20,1475,19,13,ffffffff
21210,20,1475,19,15,ffffffff
21210,28,1475,19,8,ffffffff
21210,98,1397,19,30,ffffffff
21211,98,1401,19,3,ffffffff
21211,30,1475,19,9,ffffffff
21211,28,1475,19,12,ffffffff
21212,28,1475,19,13,ffffffff
21212,98,1401,19,7,ffffffff
21212,30,1475,19,8,ffffffff
21213,28,1475,19,11,ffffffff
21213,30,1475,19,13,ffffffff
21214,98,1401,19,1,ffffffff
21214,98,1401,19,6,ffffffff
21214,28,1475,19,15,ffffffff
21215,90,1397,19,27,ffffffff
21215,a0,1401,19,2,ffffffff
21215,30,1475,19,12,ffffffff
21215,30,1475,19,11,ffffffff
21216,a0,1401,19,0,ffffffff
21216,30,1475,19,10,ffffffff
21216,30,1475,19,15,ffffffff
21217,98,1397,19,31,ffffffff
21217,98,1397,19,26,ffffffff
21218,28,1475,19,14,ffffffff
21218,88,1397,19,25,ffffffff
21219,88,1397,19,24,ffffffff
21220,90,1401,19,5,ffffffff
21221,90,1401,19,2,ffffffff
21221,a0,1401,19,3,ffffffff
21221,38,1475,19,8,ffffffff
21221,30,1475,19,14,ffffffff
21221,a8,1397,19,27,ffffffff
21222,a0,1397,19,30,ffffffff
21222,38,1475,19,9,ffffffff
21223,a0,1401,19,7,ffffffff
21224,90,1401,19,0,ffffffff
21224,38,1475,19,13,ffffffff
21224,38,1475,19,12,ffffffff
21224,a8,1401,19,5,ffffffff
21225,a0,1401,19,6,ffffffff
21225,38,1475,19,11,ffffffff
21225,98,1397,19,25,ffffffff
21225,a8,1401,19,2,ffffffff
21226,a0,1401,19,1,ffffffff
21226,b0,1397,19,27,ffffffff
21226,98,1397,19,24,ffffffff
21227,38,1475,19,15,ffffffff
21227,38,1475,19,10,ffffffff
21227,40,1475,19,8,ffffffff
21227,b0,1401,19,5,ffffffff
21228,40,1475,19,9,ffffffff
21229,a0,1397,19,26,ffffffff
21229,a8,1401,19,0,ffffffff
21230,a0,1397,19,31,ffffffff
21230,b0,1401,19,2,ffffffff
21230,40,1475,19,12,ffffffff
21230,40,1475,19,13,ffffffff
21231,90,1397,19,30,ffffffff
21231,38,1475,19,14,ffffffff
21231,40,1475,19,11,ffffffff
21233,40,1475,19,10,ffffffff
21233,40,1475,19,15,ffffffff
21234,a0,1397,19,25,ffffffff
21234,b0,1401,19,0,ffffffff
21235,90,1397,19,31,ffffffff
21235,a0,1397,19,24,ffffffff
21235,50,1475,19,9,ffffffff
21236,a8,1397,19,30,ffffffff
21237,90,1401,19,6,ffffffff
21237,40,1475,19,14,ffffffff
21238,50,1475,19,11,ffffffff
21239,90,1401,19,3,ffffffff
21239,b0,1397,19,30,ffffffff
21240,90,1401,19,1,ffffffff
21240,50,1475,19,12,ffffffff
21240,50,1475,19,13,ffffffff
21240,a8,1397,19,31,ffffffff
21241,58,1475,19,8,ffffffff
21241,58,1475,19,9,ffffffff
21241,50,1475,19,10,ffffffff
21242,50,1475,19,15,ffffffff
21242,a8,1401,19,6,ffffffff
21243,90,1401,19,7,ffffffff
21243,50,1475,19,8,ffffffff
21243,58,1475,19,11,ffffffff
21243,a8,1401,19,3,ffffffff
21244,58,1475,19,13,ffffffff
21244,58,1475,19,12,ffffffff
21244,a8,1401,19,1,ffffffff
21245,58,1475,19,10,ffffffff
21245,b0,1397,19,31,ffffffff
21246,58,1475,19,15,ffffffff
21246,50,1475,19,14,ffffffff
21247,90,1397,19,26,ffffffff
21247,b0,1401,19,3,ffffffff
21247,b0,1401,19,6,ffffffff
21247,a8,1401,19,7,ffffffff
21249,b0,1401,19,1,ffffffff
21250,60,1475,19,9,ffffffff
21251,58,1475,19,14,ffffffff
21251,68,1475,19,9,ffffffff
21251,a8,1397,19,26,ffffffff
21252,60,1475,19,8,ffffffff
21252,68,1475,19,13,ffffffff
21252,b0,1401,19,7,ffffffff
21253,60,1475,19,11,ffffffff
21253,68,1475,19,8,ffffffff
21253,68,1475,19,10,ffffffff
21254,60,1475,19,12,ffffffff
21254,60,1475,19,10,ffffffff
21254,68,1475,19,11,ffffffff
21255,68,1475,19,12,ffffffff
21255,68,1475,19,15,ffffffff
21255,b0,1397,19,26,ffffffff
21256,60,1475,19,13,ffffffff
21259,60,1475,19,15,ffffffff
21259,68,1475,19,14,ffffffff
21260,60,1475,19,14,ffffffff
21260,70,1475,19,9,ffffffff
21262,90,1397,19,25,ffffffff
21262,70,1475,19,13,ffffffff
21263,90,1397,19,24,ffffffff
21263,70,1475,19,8,ffffffff
21263,70,1475,19,10,ffffffff
21263,70,1475,19,11,ffffffff
21265,70,1475,19,15,ffffffff
21265,70,1475,19,12,ffffffff
21268,70,1475,19,14,ffffffff
21269,b0,1397,19,25,ffffffff
21269,a8,1397,19,24,ffffffff
21270,a8,1397,19,25,ffffffff
21272,b0,1397,19,24,ffffffff
21361,0,1499,19,17,ffffffff
21362,0,1499,19,18,ffffffff
21363,0,1499,19,16,ffffffff
21364,0,1499,19,22,ffffffff
21365,0,1499,19,19,ffffffff
21366,0,1499,19,20,ffffffff
21367,0,1499,19,21,ffffffff
21368,0,1499,19,23,ffffffff
21369,8,1499,19,17,ffffffff
21370,8,1499,19,18,ffffffff
21371,8,1499,19,20,ffffffff
21372,10,1499,19,17,ffffffff
21373,10,1499,19,18,ffffffff
21374,8,1499,19,23,ffffffff
21375,10,1499,19,16,ffffffff
21376,10,1499,19,21,ffffffff
21377,10,1499,19,22,ffffffff
21378,10,1499,19,19,ffffffff
21379,10,1499,19,20,ffffffff
21380,18,1499,19,17,ffffffff
21381,18,1499,19,18,ffffffff
21382,10,1499,19,23,ffffffff
21383,20,1499,19,17,ffffffff
21383,18,1499,19,16,ffffffff
21384,20,1499,19,18,ffffffff
21384,18,1499,19,21,ffffffff
21385,8,1499,19,21,ffffffff
21386,20,1499,19,16,ffffffff
21386,18,1499,19,22,ffffffff
21387,8,1499,19,22,ffffffff
21388,18,1499,19,19,ffffffff
21389,18,1499,19,20,ffffffff
21390,8,1499,19,16,ffffffff
21391,20,1499,19,19,ffffffff
21391,28,1499,19,17,ffffffff
21391,28,1499,19,18,ffffffff
21391,28,1499,19,16,ffffffff
21391,18,1499,19,23,ffffffff
21392,20,1499,19,22,ffffffff
21392,28,1499,19,19,ffffffff
21392,20,1499,19,20,ffffffff
21392,20,1499,19,21,ffffffff
21392,8,1499,19,19,ffffffff
21393,20,1499,19,23,ffffffff
21393,30,1499,19,16,ffffffff
21393,30,1499,19,17,ffffffff
21393,30,1499,19,18,ffffffff
21394,28,1499,19,20,ffffffff
21394,28,1499,19,21,ffffffff
21394,28,1499,19,22,ffffffff
21394,30,1499,19,19,ffffffff
21395,30,1499,19,21,ffffffff
21395,30,1499,19,22,ffffffff
21395,28,1499,19,23,ffffffff
21395,30,1499,19,20,ffffffff
21396,30,1499,19,23,ffffffff
21403,38,1499,19,16,ffffffff
21403,38,1499,19,17,ffffffff
21403,38,1499,19,18,ffffffff
21404,38,1499,19,19,ffffffff
21405,38,1499,19,22,ffffffff
21405,38,1499,19,20,ffffffff
21405,38,1499,19,21,ffffffff
21406,38,1499,19,23,ffffffff
21409,40,1499,19,18,ffffffff
21409,40,1499,19,16,ffffffff
21409,40,1499,19,17,ffffffff
21410,40,1499,19,19,ffffffff
21411,40,1499,19,20,ffffffff
21411,40,1499,19,21,ffffffff
21411,40,1499,19,22,ffffffff
21412,40,1499,19,23,ffffffff
21416,50,1499,19,17,ffffffff
21416,50,1499,19,18,ffffffff
21416,50,1499,19,16,ffffffff
21417,50,1499,19,19,ffffffff
21420,50,1499,19,20,ffffffff
21420,50,1499,19,21,ffffffff
21420,50,1499,19,22,ffffffff
21421,58,1499,19,16,ffffffff
21421,58,1499,19,17,ffffffff
21421,58,1499,19,18,ffffffff
21421,50,1499,19,23,ffffffff
21422,58,1499,19,19,ffffffff
21424,58,1499,19,21,ffffffff
21424,58,1499,19,22,ffffffff
21424,58,1499,19,20,ffffffff
21425,58,1499,19,23,ffffffff
21429,68,1499,19,17,ffffffff
21429,68,1499,19,18,ffffffff
21429,68,1499,19,16,ffffffff
21430,60,1499,19,16,ffffffff
21430,60,1499,19,17,ffffffff
21430,60,1499,19,18,ffffffff
21430,68,1499,19,19,ffffffff
21431,60,1499,19,19,ffffffff
21432,68,1499,19,20,ffffffff
21432,68,1499,19,21,ffffffff
21432,68,1499,19,22,ffffffff
21433,60,1499,19,20,ffffffff
21433,60,1499,19,21,ffffffff
21433,60,1499,19,22,ffffffff
21433,68,1499,19,23,ffffffff
21434,60,1499,19,23,ffffffff
21438,70,1499,19,16,ffffffff
21438,70,1499,19,17,ffffffff
21438,70,1499,19,18,ffffffff
21439,70,1499,19,19,ffffffff
21441,70,1499,19,20,ffffffff
21441,70,1499,19,21,ffffffff
21441,70,1499,19,22,ffffffff
21442,70,1499,19,23,ffffffff
21514,0,1513,19,2,ffffffff
21515,0,1513,19,0,ffffffff
21516,0,1513,19,1,ffffffff
21517,0,1513,19,3,ffffffff
21518,0,1513,19,4,ffffffff
21519,0,1513,19,5,ffffffff
21520,0,1513,19,6,ffffffff
21521,8,1513,19,0,ffffffff
21522,8,1513,19,2,ffffffff
21523,0,1513,19,7,ffffffff
21524,8,1513,19,5,ffffffff
21525,10,1513,19,2,ffffffff
21526,8,1513,19,7,ffffffff
21527,10,1513,19,0,ffffffff
21528,10,1513,19,1,ffffffff
21529,10,1513,19,6,ffffffff
21530,10,1513,19,3,ffffffff
21531,10,1513,19,4,ffffffff
21532,10,1513,19,5,ffffffff
21533,18,1513,19,2,ffffffff
21534,10,1513,19,7,ffffffff
21535,18,1513,19,0,ffffffff
21536,20,1513,19,2,ffffffff
21536,18,1513,19,1,ffffffff
21537,18,1513,19,6,ffffffff
21538,20,1513,19,0,ffffffff
21538,8,1513,19,6,ffffffff
21539,20,1513,19,1,ffffffff
21539,18,1513,19,3,ffffffff
21540,18,1513,19,4,ffffffff
21541,8,1513,19,4,ffffffff
21542,20,1513,19,3,ffffffff
21542,28,1513,19,2,ffffffff
21542,28,1513,19,0,ffffffff
21542,28,1513,19,1,ffffffff
21542,18,1513,19,5,ffffffff
21543,20,1513,19,5,ffffffff
21543,20,1513,19,6,ffffffff
21543,28,1513,19,3,ffffffff
21543,20,1513,19,4,ffffffff
21543,8,1513,19,1,ffffffff
21544,30,1513,19,2,ffffffff
21544,20,1513,19,7,ffffffff
21544,30,1513,19,0,ffffffff
21544,30,1513,19,1,ffffffff
21544,18,1513,19,7,ffffffff
21545,30,1513,19,3,ffffffff
21545,28,1513,19,4,ffffffff
21545,28,1513,19,5,ffffffff
21545,28,1513,19,6,ffffffff
21545,8,1513,19,3,ffffffff
21546,30,1513,19,4,ffffffff
21546,30,1513,19,5,ffffffff
21546,30,1513,19,6,ffffffff
21546,28,1513,19,7,ffffffff
21547,30,1513,19,7,ffffffff
21552,0,1518,19,24,ffffffff
21553,0,1518,19,25,ffffffff
21554,38,1513,19,0,ffffffff
21554,38,1513,19,1,ffffffff
21554,38,1513,19,2,ffffffff
21554,0,1518,19,26,ffffffff
21555,38,1513,19,3,ffffffff
21555,0,1518,19,29,ffffffff
21556,38,1513,19,5,ffffffff
21556,38,1513,19,6,ffffffff
21556,38,1513,19,4,ffffffff
21556,0,1518,19,30,ffffffff
21557,38,1513,19,7,ffffffff
21557,0,1518,19,27,ffffffff
21558,0,1518,19,28,ffffffff
21559,0,1518,19,31,ffffffff
21560,40,1513,19,1,ffffffff
21560,40,1513,19,2,ffffffff
21560,8,1518,19,24,ffffffff
21561,8,1518,19,25,ffffffff
21562,8,1518,19,30,ffffffff
21563,10,1518,19,24,ffffffff
21564,10,1518,19,25,ffffffff
21565,10,1518,19,26,ffffffff
21566,8,1518,19,31,ffffffff
21567,18,1518,19,24,ffffffff
21568,18,1518,19,25,ffffffff
21569,18,1518,19,26,ffffffff
21570,10,1518,19,27,ffffffff
21571,10,1518,19,28,ffffffff
21572,10,1518,19,29,ffffffff
21573,10,1518,19,30,ffffffff
21574,10,1518,19,31,ffffffff
21575,40,1513,19,0,ffffffff
21575,18,1518,19,28,ffffffff
21576,8,1518,19,28,ffffffff
21577,18,1518,19,29,ffffffff
21578,8,1518,19,29,ffffffff
21579,18,1518,19,30,ffffffff
21580,8,1518,19,26,ffffffff
21581,18,1518,19,27,ffffffff
21582,18,1518,19,31,ffffffff
21583,8,1518,19,27,ffffffff
21585,40,1513,19,3,ffffffff
21585,40,1513,19,5,ffffffff
21585,40,1513,19,6,ffffffff
21585,40,1513,19,4,ffffffff
21586,40,1513,19,7,ffffffff
21586,20,1518,19,24,ffffffff
21587,20,1518,19,28,ffffffff
21587,20,1518,19,25,ffffffff
21587,20,1518,19,26,ffffffff
21587,20,1518,19,27,ffffffff
21588,20,1518,19,29,ffffffff
21588,20,1518,19,30,ffffffff
21588,20,1518,19,31,ffffffff
21589,50,1513,19,2,ffffffff
21589,28,1518,19,27,ffffffff
21589,28,1518,19,24,ffffffff
21589,50,1513,19,1,ffffffff
21590,28,1518,19,31,ffffffff
21590,28,1518,19,28,ffffffff
21590,28,1518,19,25,ffffffff
21590,28,1518,19,26,ffffffff
21591,50,1513,19,0,ffffffff
21591,28,1518,19,29,ffffffff
21591,28,1518,19,30,ffffffff
21593,30,1518,19,27,ffffffff
21593,30,1518,19,24,ffffffff
21594,30,1518,19,31,ffffffff
21594,30,1518,19,28,ffffffff
21595,58,1513,19,1,ffffffff
21595,58,1513,19,2,ffffffff
21595,50,1513,19,3,ffffffff
21596,30,1518,19,25,ffffffff
21596,30,1518,19,26,ffffffff
21596,50,1513,19,7,ffffffff
21597,50,1513,19,5,ffffffff
21597,50,1513,19,6,ffffffff
21597,50,1513,19,4,ffffffff
21598,58,1513,19,0,ffffffff
21600,30,1518,19,29,ffffffff
21600,30,1518,19,30,ffffffff
21601,58,1513,19,6,ffffffff
21601,58,1513,19,3,ffffffff
21601,58,1513,19,4,ffffffff
21601,58,1513,19,5,ffffffff
21603,38,1518,19,24,ffffffff
21603,58,1513,19,7,ffffffff
21604,60,1513,19,2,ffffffff
21604,60,1513,19,1,ffffffff
21605,38,1518,19,27,ffffffff
21605,38,1518,19,28,ffffffff
21605,68,1513,19,1,ffffffff
21605,68,1513,19,2,ffffffff
21606,38,1518,19,25,ffffffff
21606,38,1518,19,26,ffffffff
21606,68,1513,19,0,ffffffff
21607,38,1518,19,31,ffffffff
21607,60,1513,19,0,ffffffff
21609,38,1518,19,29,ffffffff
21609,38,1518,19,30,ffffffff
21609,68,1513,19,3,ffffffff
21609,68,1513,19,4,ffffffff
21610,60,1513,19,4,ffffffff
21610,60,1513,19,3,ffffffff
21610,68,1513,19,5,ffffffff
21610,68,1513,19,6,ffffffff
21611,60,1513,19,5,ffffffff
21611,60,1513,19,6,ffffffff
21611,40,1518,19,24,ffffffff
21612,40,1518,19,28,ffffffff
21612,40,1518,19,27,ffffffff
21613,60,1513,19,7,ffffffff
21613,40,1518,19,25,ffffffff
21613,40,1518,19,26,ffffffff
21614,70,1513,19,1,ffffffff
21614,70,1513,19,2,ffffffff
21614,40,1518,19,31,ffffffff
21615,68,1513,19,7,ffffffff
21615,40,1518,19,29,ffffffff
21615,40,1518,19,30,ffffffff
21616,70,1513,19,0,ffffffff
21619,70,1513,19,4,ffffffff
21619,70,1513,19,3,ffffffff
21619,70,1513,19,5,ffffffff
21619,70,1513,19,6,ffffffff
21620,50,1518,19,27,ffffffff
21621,50,1518,19,28,ffffffff
21621,50,1518,19,26,ffffffff
21622,50,1518,19,24,ffffffff
21623,50,1518,19,25,ffffffff
21625,70,1513,19,7,ffffffff
21626,58,1518,19,24,ffffffff
21626,50,1518,19,31,ffffffff
21626,50,1518,19,30,ffffffff
21627,58,1518,19,27,ffffffff
21627,58,1518,19,26,ffffffff
21628,58,1518,19,28,ffffffff
21628,50,1518,19,29,ffffffff
21629,58,1518,19,25,ffffffff
21630,58,1518,19,31,ffffffff
21630,58,1518,19,30,ffffffff
21632,58,1518,19,29,ffffffff
21634,68,1518,19,24,ffffffff
21635,60,1518,19,24,ffffffff
21635,68,1518,19,27,ffffffff
21635,68,1518,19,26,ffffffff
21636,60,1518,19,26,ffffffff
21636,60,1518,19,27,ffffffff
21637,68,1518,19,28,ffffffff
21637,68,1518,19,25,ffffffff
21638,60,1518,19,28,ffffffff
21638,60,1518,19,25,ffffffff
21638,68,1518,19,30,ffffffff
21638,68,1518,19,31,ffffffff
21639,60,1518,19,30,ffffffff
21639,60,1518,19,31,ffffffff
21640,68,1518,19,29,ffffffff
21641,60,1518,19,29,ffffffff
21643,70,1518,19,24,ffffffff
21644,70,1518,19,26,ffffffff
21644,70,1518,19,27,ffffffff
21646,70,1518,19,28,ffffffff
21646,70,1518,19,25,ffffffff
21647,70,1518,19,30,ffffffff
21647,70,1518,19,31,ffffffff
21649,70,1518,19,29,ffffffff
21751,78,1475,19,13,ffffffff
21756,78,1475,19,12,ffffffff
21757,80,1475,19,13,ffffffff
21762,80,1475,19,12,ffffffff
21783,78,1475,19,10,ffffffff
21784,78,1475,19,11,ffffffff
21789,80,1475,19,10,ffffffff
21790,80,1475,19,11,ffffffff
21837,78,1475,19,9,ffffffff
21843,80,1475,19,9,ffffffff
21843,78,1499,19,20,ffffffff
21846,78,1475,19,8,ffffffff
21849,80,1499,19,20,ffffffff
21849,78,1499,19,21,ffffffff
21852,80,1475,19,8,ffffffff
21855,80,1499,19,21,ffffffff
21876,78,1475,19,14,ffffffff
21878,78,1475,19,15,ffffffff
21879,78,1499,19,18,ffffffff
21882,80,1475,19,14,ffffffff
21884,80,1475,19,15,ffffffff
21885,80,1499,19,18,ffffffff
21896,78,1499,19,19,ffffffff
21902,80,1499,19,19,ffffffff
21931,78,1499,19,16,ffffffff
21933,78,1499,19,17,ffffffff
21937,80,1499,19,16,ffffffff
21939,80,1499,19,17,ffffffff
22011,78,1518,19,24,ffffffff
22017,80,1518,19,24,ffffffff
22017,78,1499,19,22,ffffffff
22018,78,1499,19,23,ffffffff
22023,80,1499,19,22,ffffffff
22024,80,1499,19,23,ffffffff
22053,78,1513,19,3,ffffffff
22057,78,1518,19,25,ffffffff
22059,80,1513,19,3,ffffffff
22061,78,1513,19,2,ffffffff
22063,80,1518,19,25,ffffffff
22067,80,1513,19,2,ffffffff
22085,78,1513,19,1,ffffffff
22091,80,1513,19,1,ffffffff
22091,78,1518,19,30,ffffffff
22092,78,1518,19,31,ffffffff
22093,78,1513,19,0,ffffffff
22095,78,1513,19,7,ffffffff
22097,80,1518,19,30,ffffffff
22097,78,1513,19,6,ffffffff
22098,80,1518,19,31,ffffffff
22098,78,1518,19,28,ffffffff
22099,80,1513,19,0,ffffffff
22101,80,1513,19,7,ffffffff
22103,80,1513,19,6,ffffffff
22104,80,1518,19,28,ffffffff
22113,78,1518,19,29,ffffffff
22116,88,1475,19,13,ffffffff
22119,80,1518,19,29,ffffffff
22119,78,1518,19,27,ffffffff
22120,88,1475,19,12,ffffffff
22123,98,1475,19,13,ffffffff
22125,80,1518,19,27,ffffffff
22127,98,1475,19,12,ffffffff
22132,a0,1475,19,13,ffffffff
22136,a0,1475,19,12,ffffffff
22160,90,1475,19,13,ffffffff
22164,90,1475,19,12,ffffffff
22164,a8,1475,19,13,ffffffff
22166,b0,1475,19,13,ffffffff
22168,a8,1475,19,12,ffffffff
22170,b0,1475,19,12,ffffffff
22203,78,1513,19,4,ffffffff
22204,78,1513,19,5,ffffffff
22209,80,1513,19,4,ffffffff
22210,80,1513,19,5,ffffffff
22323,88,1475,19,14,ffffffff
22330,98,1475,19,14,ffffffff
22331,78,1518,19,26,ffffffff
22337,88,1475,19,15,ffffffff
22338,80,1518,19,26,ffffffff
22339,a0,1475,19,14,ffffffff
22344,98,1475,19,15,ffffffff
22353,a0,1475,19,15,ffffffff
22367,90,1475,19,14,ffffffff
22371,a8,1475,19,14,ffffffff
22373,b0,1475,19,14,ffffffff
22373,88,1475,19,10,ffffffff
22374,88,1475,19,11,ffffffff
22380,98,1475,19,10,ffffffff
22381,90,1475,19,15,ffffffff
22381,98,1475,19,11,ffffffff
22385,a8,1475,19,15,ffffffff
22389,a0,1475,19,10,ffffffff
22390,b0,1475,19,15,ffffffff
22391,a0,1475,19,11,ffffffff
22393,88,1475,19,9,ffffffff
22400,98,1475,19,9,ffffffff
22409,a0,1475,19,9,ffffffff
22416,88,1475,19,8,ffffffff
22417,90,1475,19,10,ffffffff
22418,90,1475,19,11,ffffffff
22421,a8,1475,19,10,ffffffff
22422,a8,1475,19,11,ffffffff
22423,98,1475,19,8,ffffffff
22423,b0,1475,19,10,ffffffff
22424,b0,1475,19,11,ffffffff
22432,a0,1475,19,8,ffffffff
22437,90,1475,19,9,ffffffff
22441,a8,1475,19,9,ffffffff
22443,b0,1475,19,9,ffffffff
22460,90,1475,19,8,ffffffff
22464,a8,1475,19,8,ffffffff
22466,b0,1475,19,8,ffffffff
22494,88,1499,19,18,ffffffff
22501,98,1499,19,18,ffffffff
22510,a0,1499,19,18,ffffffff
22511,88,1499,19,17,ffffffff
22518,98,1499,19,17,ffffffff
22527,a0,1499,19,17,ffffffff
22532,88,1499,19,20,ffffffff
22537,88,1499,19,19,ffffffff
22538,90,1499,19,18,ffffffff
22539,98,1499,19,20,ffffffff
22542,a8,1499,19,18,ffffffff
22544,98,1499,19,19,ffffffff
22544,b0,1499,19,18,ffffffff
22548,a0,1499,19,20,ffffffff
22553,a0,1499,19,19,ffffffff
22555,90,1499,19,17,ffffffff
22559,88,1499,19,21,ffffffff
22559,a8,1499,19,17,ffffffff
22561,b0,1499,19,17,ffffffff
22566,98,1499,19,21,ffffffff
22575,a0,1499,19,21,ffffffff
22576,90,1499,19,20,ffffffff
22577,88,1499,19,16,ffffffff
22580,a8,1499,19,20,ffffffff
22581,90,1499,19,19,ffffffff
22583,b0,1499,19,20,ffffffff
22585,98,1499,19,16,ffffffff
22585,a8,1499,19,19,ffffffff
22587,b0,1499,19,19,ffffffff
22594,a0,1499,19,16,ffffffff
22603,90,1499,19,21,ffffffff
22607,88,1518,19,28,ffffffff
22607,a8,1499,19,21,ffffffff
22608,88,1499,19,22,ffffffff
22609,b0,1499,19,21,ffffffff
22610,88,1518,19,29,ffffffff
22614,98,1518,19,28,ffffffff
22615,98,1499,19,22,ffffffff
22615,88,1499,19,23,ffffffff
22617,98,1518,19,29,ffffffff
22621,90,1499,19,16,ffffffff
22622,98,1499,19,23,ffffffff
22623,a0,1518,19,28,ffffffff
22624,a0,1499,19,22,ffffffff
22624,88,1518,19,27,ffffffff
22625,a8,1499,19,16,ffffffff
22626,a0,1518,19,29,ffffffff
22627,b0,1499,19,16,ffffffff
22631,a0,1499,19,23,ffffffff
22632,98,1518,19,27,ffffffff
22641,a0,1518,19,27,ffffffff
22651,90,1518,19,28,ffffffff
22652,90,1499,19,22,ffffffff
22654,90,1518,19,29,ffffffff
22655,a8,1518,19,28,ffffffff
22656,a8,1499,19,22,ffffffff
22657,b0,1518,19,28,ffffffff
22658,b0,1499,19,22,ffffffff
22658,a8,1518,19,29,ffffffff
22659,90,1499,19,23,ffffffff
22660,b0,1518,19,29,ffffffff
22663,a8,1499,19,23,ffffffff
22665,b0,1499,19,23,ffffffff
22668,90,1518,19,27,ffffffff
22670,88,1518,19,30,ffffffff
22671,88,1518,19,31,ffffffff
22672,a8,1518,19,27,ffffffff
22674,b0,1518,19,27,ffffffff
22677,98,1518,19,30,ffffffff
22678,98,1518,19,31,ffffffff
22686,a0,1518,19,30,ffffffff
22687,a0,1518,19,31,ffffffff
22687,88,1518,19,24,ffffffff
22688,88,1518,19,25,ffffffff
22689,88,1513,19,0,ffffffff
22690,88,1513,19,1,ffffffff
22691,88,1513,19,2,ffffffff
22693,88,1513,19,7,ffffffff
22694,98,1518,19,24,ffffffff
22695,98,1518,19,25,ffffffff
22696,98,1513,19,0,ffffffff
22696,88,1513,19,6,ffffffff
22697,98,1513,19,1,ffffffff
22698,98,1513,19,2,ffffffff
22700,98,1513,19,7,ffffffff
22701,88,1513,19,3,ffffffff
22703,98,1513,19,6,ffffffff
22704,a0,1518,19,24,ffffffff
22705,a0,1518,19,25,ffffffff
22706,a0,1513,19,0,ffffffff
22707,a0,1513,19,1,ffffffff
22707,a0,1513,19,2,ffffffff
22708,98,1513,19,3,ffffffff
22709,a0,1513,19,7,ffffffff
22712,a0,1513,19,6,ffffffff
22713,88,1518,19,26,ffffffff
22713,0,1594,19,9,ffffffff
22714,90,1518,19,30,ffffffff
22714,0,1594,19,10,ffffffff
22715,90,1518,19,31,ffffffff
22715,0,1594,19,8,ffffffff
22716,0,1594,19,14,ffffffff
22717,a0,1513,19,3,ffffffff
22717,0,1594,19,11,ffffffff
22718,0,1594,19,12,ffffffff
22719,0,1594,19,13,ffffffff
22720,0,1594,19,15,ffffffff
22721,8,1594,19,9,ffffffff
22722,98,1518,19,26,ffffffff
22722,8,1594,19,10,ffffffff
22723,b0,1518,19,30,ffffffff
22723,8,1594,19,12,ffffffff
22724,b0,1518,19,31,ffffffff
22724,10,1594,19,9,ffffffff
22725,8,1594,19,15,ffffffff
22726,10,1594,19,8,ffffffff
22727,20,1594,19,9,ffffffff
22727,a8,1518,19,30,ffffffff
22728,10,1594,19,13,ffffffff
22729,a8,1518,19,31,ffffffff
22730,10,1594,19,12,ffffffff
22731,90,1518,19,24,ffffffff
22731,10,1594,19,10,ffffffff
22732,90,1518,19,25,ffffffff
22732,10,1594,19,11,ffffffff
22733,18,1594,19,9,ffffffff
22734,10,1594,19,14,ffffffff
22735,90,1513,19,0,ffffffff
22735,90,1513,19,2,ffffffff
22735,18,1594,19,8,ffffffff
22736,90,1513,19,1,ffffffff
22736,10,1594,19,15,ffffffff
22737,90,1513,19,7,ffffffff
22737,18,1594,19,13,ffffffff
22738,18,1594,19,10,ffffffff
22739,18,1594,19,12,ffffffff
22740,90,1513,19,6,ffffffff
22740,18,1594,19,11,ffffffff
22741,18,1594,19,14,ffffffff
22742,18,1594,19,15,ffffffff
22743,a8,1518,19,24,ffffffff
22744,a8,1518,19,25,ffffffff
22745,90,1513,19,3,ffffffff
22745,a8,1513,19,2,ffffffff
22746,20,1594,19,8,ffffffff
22746,a8,1513,19,0,ffffffff
22747,28,1594,19,9,ffffffff
22747,20,1594,19,11,ffffffff
22747,8,1594,19,8,ffffffff
22748,a0,1518,19,26,ffffffff
22748,28,1594,19,8,ffffffff
22748,28,1594,19,11,ffffffff
22748,30,1594,19,9,ffffffff
22748,a8,1513,19,1,ffffffff
22749,20,1594,19,10,ffffffff
22749,20,1594,19,15,ffffffff
22749,20,1594,19,12,ffffffff
22749,20,1594,19,13,ffffffff
22749,8,1594,19,13,ffffffff
22750,20,1594,19,14,ffffffff
22750,b0,1518,19,24,ffffffff
22750,b0,1518,19,25,ffffffff
22750,a8,1513,19,7,ffffffff
22751,b0,1513,19,2,ffffffff
22751,b0,1513,19,1,ffffffff
22751,a8,1513,19,6,ffffffff
22752,b0,1513,19,6,ffffffff
22752,8,1594,19,14,ffffffff
22753,b0,1513,19,7,ffffffff
22753,b0,1513,19,0,ffffffff
22753,28,1594,19,10,ffffffff
22753,28,1594,19,13,ffffffff
22753,a8,1513,19,3,ffffffff
22754,30,1594,19,8,ffffffff
22754,28,1594,19,14,ffffffff
22754,30,1594,19,11,ffffffff
22754,8,1594,19,11,ffffffff
22755,30,1594,19,10,ffffffff
22755,28,1594,19,15,ffffffff
22755,28,1594,19,12,ffffffff
22756,30,1594,19,14,ffffffff
22756,b0,1513,19,3,ffffffff
22756,30,1594,19,12,ffffffff
22757,30,1594,19,13,ffffffff
22757,30,1594,19,15,ffffffff
22758,90,1518,19,26,ffffffff
22758,38,1594,19,9,ffffffff
22762,a8,1518,19,26,ffffffff
22763,38,1594,19,11,ffffffff
22764,38,1594,19,8,ffffffff
22764,38,1594,19,10,ffffffff
22765,40,1594,19,9,ffffffff
22765,b0,1518,19,26,ffffffff
22766,38,1594,19,12,ffffffff
22766,38,1594,19,14,ffffffff
22766,38,1594,19,13,ffffffff
22766,38,1594,19,15,ffffffff
22769,40,1594,19,11,ffffffff
22770,40,1594,19,8,ffffffff
22770,40,1594,19,10,ffffffff
22772,40,1594,19,13,ffffffff
22772,40,1594,19,14,ffffffff
22772,40,1594,19,15,ffffffff
22772,40,1594,19,12,ffffffff
22773,50,1594,19,9,ffffffff
22776,50,1594,19,11,ffffffff
22777,58,1594,19,9,ffffffff
22777,50,1594,19,10,ffffffff
22777,50,1594,19,8,ffffffff
22779,50,1594,19,13,ffffffff
22780,58,1594,19,11,ffffffff
22781,50,1594,19,14,ffffffff
22781,50,1594,19,15,ffffffff
22781,50,1594,19,12,ffffffff
22782,58,1594,19,8,ffffffff
22782,58,1594,19,10,ffffffff
22783,58,1594,19,13,ffffffff
22785,58,1594,19,14,ffffffff
22785,58,1594,19,15,ffffffff
22785,58,1594,19,12,ffffffff
22785,68,1594,19,9,ffffffff
22786,60,1594,19,9,ffffffff
22788,68,1594,19,11,ffffffff
22789,60,1594,19,11,ffffffff
22790,68,1594,19,10,ffffffff
22790,68,1594,19,8,ffffffff
22791,60,1594,19,10,ffffffff
22791,60,1594,19,8,ffffffff
22791,68,1594,19,13,ffffffff
22792,60,1594,19,13,ffffffff
22793,68,1594,19,14,ffffffff
22793,68,1594,19,15,ffffffff
22793,68,1594,19,12,ffffffff
22794,60,1594,19,12,ffffffff
22794,60,1594,19,14,ffffffff
22794,60,1594,19,15,ffffffff
22795,70,1594,19,9,ffffffff
22797,70,1594,19,11,ffffffff
22799,70,1594,19,10,ffffffff
22799,70,1594,19,8,ffffffff
22800,70,1594,19,13,ffffffff
22802,70,1594,19,12,ffffffff
22802,70,1594,19,14,ffffffff
22802,70,1594,19,15,ffffffff
22811,88,1513,19,4,ffffffff
22812,88,1513,19,5,ffffffff
22818,98,1513,19,4,ffffffff
22819,98,1513,19,5,ffffffff
22827,a0,1513,19,4,ffffffff
22828,a0,1513,19,5,ffffffff
22855,90,1513,19,4,ffffffff
22856,90,1513,19,5,ffffffff
22859,a8,1513,19,4,ffffffff
22860,a8,1513,19,5,ffffffff
22861,b0,1513,19,4,ffffffff
22862,b0,1513,19,5,ffffffff
22917,0,1612,19,17,ffffffff
22918,0,1612,19,18,ffffffff
22919,0,1612,19,16,ffffffff
22920,0,1612,19,22,ffffffff
22921,0,1612,19,19,ffffffff
22922,0,1612,19,20,ffffffff
22923,0,1612,19,21,ffffffff
22924,0,1612,19,23,ffffffff
22925,8,1612,19,17,ffffffff
22926,8,1612,19,18,ffffffff
22927,8,1612,19,20,ffffffff
22928,10,1612,19,17,ffffffff
22929,10,1612,19,18,ffffffff
22930,8,1612,19,23,ffffffff
22931,10,1612,19,16,ffffffff
22932,10,1612,19,21,ffffffff
22933,10,1612,19,22,ffffffff
22934,10,1612,19,19,ffffffff
22935,10,1612,19,20,ffffffff
22936,18,1612,19,17,ffffffff
22937,18,1612,19,18,ffffffff
22938,10,1612,19,23,ffffffff
22939,20,1612,19,17,ffffffff
22939,18,1612,19,16,ffffffff
22940,20,1612,19,18,ffffffff
22940,18,1612,19,21,ffffffff
22941,8,1612,19,21,ffffffff
22942,20,1612,19,16,ffffffff
22942,18,1612,19,22,ffffffff
22943,8,1612,19,22,ffffffff
22944,18,1612,19,19,ffffffff
22945,18,1612,19,20,ffffffff
22946,8,1612,19,16,ffffffff
22947,20,1612,19,19,ffffffff
22947,28,1612,19,17,ffffffff
22947,28,1612,19,18,ffffffff
22947,28,1612,19,16,ffffffff
22947,18,1612,19,23,ffffffff
22948,20,1612,19,22,ffffffff
22948,28,1612,19,19,ffffffff
22948,20,1612,19,20,ffffffff
22948,20,1612,19,21,ffffffff
22948,8,1612,19,19,ffffffff
22949,20,1612,19,23,ffffffff
22949,30,1612,19,16,ffffffff
22949,30,1612,19,17,ffffffff
22949,30,1612,19,18,ffffffff
22950,28,1612,19,20,ffffffff
22950,28,1612,19,21,ffffffff
22950,28,1612,19,22,ffffffff
22950,30,1612,19,19,ffffffff
22951,30,1612,19,21,ffffffff
22951,30,1612,19,22,ffffffff
22951,28,1612,19,23,ffffffff
22951,30,1612,19,20,ffffffff
22952,30,1612,19,23,ffffffff
22959,38,1612,19,16,ffffffff
22959,38,1612,19,17,ffffffff
22959,38,1612,19,18,ffffffff
22960,38,1612,19,19,ffffffff
22961,38,1612,19,22,ffffffff
22961,38,1612,19,20,ffffffff
22961,38,1612,19,21,ffffffff
22962,38,1612,19,23,ffffffff
22965,40,1612,19,18,ffffffff
22965,40,1612,19,16,ffffffff
22965,40,1612,19,17,ffffffff
22966,40,1612,19,19,ffffffff
22967,40,1612,19,20,ffffffff
22967,40,1612,19,21,ffffffff
22967,40,1612,19,22,ffffffff
22968,40,1612,19,23,ffffffff
22972,50,1612,19,17,ffffffff
22972,50,1612,19,18,ffffffff
22972,50,1612,19,16,ffffffff
22973,50,1612,19,19,ffffffff
22976,50,1612,19,20,ffffffff
22976,50,1612,19,21,ffffffff
22976,50,1612,19,22,ffffffff
22977,58,1612,19,16,ffffffff
22977,58,1612,19,17,ffffffff
22977,58,1612,19,18,ffffffff
22977,50,1612,19,23,ffffffff
22978,58,1612,19,19,ffffffff
22980,58,1612,19,21,ffffffff
22980,58,1612,19,22,ffffffff
22980,58,1612,19,20,ffffffff
22981,58,1612,19,23,ffffffff
22985,68,1612,19,17,ffffffff
22985,68,1612,19,18,ffffffff
22985,68,1612,19,16,ffffffff
22986,60,1612,19,16,ffffffff
22986,60,1612,19,17,ffffffff
22986,60,1612,19,18,ffffffff
22986,68,1612,19,19,ffffffff
22987,60,1612,19,19,ffffffff
22988,68,1612,19,20,ffffffff
22988,68,1612,19,21,ffffffff
22988,68,1612,19,22,ffffffff
22989,60,1612,19,20,ffffffff
22989,60,1612,19,21,ffffffff
22989,60,1612,19,22,ffffffff
22989,68,1612,19,23,ffffffff
22990,60,1612,19,23,ffffffff
22994,70,1612,19,16,ffffffff
22994,70,1612,19,17,ffffffff
22994,70,1612,19,18,ffffffff
22995,70,1612,19,19,ffffffff
22997,70,1612,19,20,ffffffff
22997,70,1612,19,21,ffffffff
22997,70,1612,19,22,ffffffff
22998,70,1612,19,23,ffffffff
23022,0,1624,19,26,ffffffff
23023,0,1624,19,24,ffffffff
23024,0,1624,19,25,ffffffff
23025,0,1624,19,27,ffffffff
23026,0,1624,19,28,ffffffff
23027,0,1624,19,29,ffffffff
23028,0,1624,19,30,ffffffff
23029,8,1624,19,24,ffffffff
23030,8,1624,19,26,ffffffff
23031,0,1624,19,31,ffffffff
23032,8,1624,19,29,ffffffff
23033,10,1624,19,26,ffffffff
23034,8,1624,19,31,ffffffff
23035,10,1624,19,24,ffffffff
23036,10,1624,19,25,ffffffff
23037,10,1624,19,30,ffffffff
23038,10,1624,19,27,ffffffff
23039,10,1624,19,28,ffffffff
23040,10,1624,19,29,ffffffff
23041,18,1624,19,26,ffffffff
23042,10,1624,19,31,ffffffff
23043,18,1624,19,24,ffffffff
23044,20,1624,19,26,ffffffff
23044,18,1624,19,25,ffffffff
23045,18,1624,19,30,ffffffff
23046,20,1624,19,24,ffffffff
23046,8,1624,19,30,ffffffff
23047,20,1624,19,25,ffffffff
23047,18,1624,19,27,ffffffff
23048,18,1624,19,28,ffffffff
23049,8,1624,19,28,ffffffff
23050,20,1624,19,27,ffffffff
23050,28,1624,19,26,ffffffff
23050,28,1624,19,24,ffffffff
23050,28,1624,19,25,ffffffff
23050,18,1624,19,29,ffffffff
23051,20,1624,19,29,ffffffff
23051,20,1624,19,30,ffffffff
23051,28,1624,19,27,ffffffff
23051,20,1624,19,28,ffffffff
23051,8,1624,19,25,ffffffff
23052,30,1624,19,26,ffffffff
23052,20,1624,19,31,ffffffff
23052,30,1624,19,24,ffffffff
23052,30,1624,19,25,ffffffff
23052,18,1624,19,31,ffffffff
23053,30,1624,19,27,ffffffff
23053,28,1624,19,28,ffffffff
23053,28,1624,19,29,ffffffff
23053,28,1624,19,30,ffffffff
23053,8,1624,19,27,ffffffff
23054,30,1624,19,28,ffffffff
23054,30,1624,19,29,ffffffff
23054,30,1624,19,30,ffffffff
23054,28,1624,19,31,ffffffff
23055,30,1624,19,31,ffffffff
23062,38,1624,19,24,ffffffff
23062,38,1624,19,25,ffffffff
23062,38,1624,19,26,ffffffff
23063,38,1624,19,27,ffffffff
23064,38,1624,19,29,ffffffff
23064,38,1624,19,30,ffffffff
23064,38,1624,19,28,ffffffff
23065,38,1624,19,31,ffffffff
23068,40,1624,19,25,ffffffff
23068,40,1624,19,26,ffffffff
23068,40,1624,19,24,ffffffff
23069,40,1624,19,27,ffffffff
23070,40,1624,19,28,ffffffff
23070,40,1624,19,29,ffffffff
23070,40,1624,19,30,ffffffff
23071,40,1624,19,31,ffffffff
23075,50,1624,19,24,ffffffff
23075,50,1624,19,25,ffffffff
23075,50,1624,19,26,ffffffff
23076,50,1624,19,27,ffffffff
23079,50,1624,19,28,ffffffff
23079,50,1624,19,29,ffffffff
23079,50,1624,19,30,ffffffff
23080,58,1624,19,26,ffffffff
23080,58,1624,19,24,ffffffff
23080,58,1624,19,25,ffffffff
23080,50,1624,19,31,ffffffff
23081,58,1624,19,27,ffffffff
23083,58,1624,19,28,ffffffff
23083,58,1624,19,29,ffffffff
23083,58,1624,19,30,ffffffff
23084,58,1624,19,31,ffffffff
23088,68,1624,19,24,ffffffff
23088,68,1624,19,25,ffffffff
23088,68,1624,19,26,ffffffff
23089,60,1624,19,24,ffffffff
23089,60,1624,19,25,ffffffff
23089,60,1624,19,26,ffffffff
23089,68,1624,19,27,ffffffff
23090,60,1624,19,27,ffffffff
23091,68,1624,19,28,ffffffff
23091,68,1624,19,29,ffffffff
23091,68,1624,19,30,ffffffff
23092,60,1624,19,30,ffffffff
23092,60,1624,19,28,ffffffff
23092,60,1624,19,29,ffffffff
23092,68,1624,19,31,ffffffff
23093,60,1624,19,31,ffffffff
23097,70,1624,19,24,ffffffff
23097,70,1624,19,25,ffffffff
23097,70,1624,19,26,ffffffff
23098,70,1624,19,27,ffffffff
23100,70,1624,19,30,ffffffff
23100,70,1624,19,28,ffffffff
23100,70,1624,19,29,ffffffff
23101,70,1624,19,31,ffffffff
23109,0,1638,19,2,ffffffff
23110,0,1638,19,0,ffffffff
23111,0,1638,19,1,ffffffff
23112,0,1638,19,3,ffffffff
23113,0,1638,19,4,ffffffff
23114,0,1638,19,5,ffffffff
23115,8,1638,19,2,ffffffff
23116,8,1638,19,5,ffffffff
23117,8,1638,19,6,ffffffff
23118,8,1638,19,3,ffffffff
23119,8,1638,19,4,ffffffff
23120,10,1638,19,1,ffffffff
23121,10,1638,19,2,ffffffff
23122,8,1638,19,7,ffffffff
23123,10,1638,19,0,ffffffff
23124,10,1638,19,5,ffffffff
23125,10,1638,19,6,ffffffff
23126,10,1638,19,3,ffffffff
23127,10,1638,19,4,ffffffff
23128,18,1638,19,1,ffffffff
23129,18,1638,19,2,ffffffff
23130,10,1638,19,7,ffffffff
23131,20,1638,19,1,ffffffff
23131,18,1638,19,0,ffffffff
23132,20,1638,19,2,ffffffff
23132,18,1638,19,5,ffffffff
23133,8,1638,19,1,ffffffff
23134,20,1638,19,0,ffffffff
23134,18,1638,19,6,ffffffff
23135,0,1638,19,6,ffffffff
23136,18,1638,19,3,ffffffff
23137,18,1638,19,4,ffffffff
23138,8,1638,19,0,ffffffff
23139,20,1638,19,3,ffffffff
23139,28,1638,19,1,ffffffff
23139,28,1638,19,2,ffffffff
23139,28,1638,19,0,ffffffff
23139,18,1638,19,7,ffffffff
23140,20,1638,19,6,ffffffff
23140,28,1638,19,3,ffffffff
23140,20,1638,19,4,ffffffff
23140,20,1638,19,5,ffffffff
23140,0,1638,19,7,ffffffff
23141,20,1638,19,7,ffffffff
23141,30,1638,19,0,ffffffff
23141,30,1638,19,1,ffffffff
23141,30,1638,19,2,ffffffff
23142,28,1638,19,4,ffffffff
23142,28,1638,19,5,ffffffff
23142,28,1638,19,6,ffffffff
23142,30,1638,19,3,ffffffff
23143,30,1638,19,5,ffffffff
23143,30,1638,19,6,ffffffff
23143,28,1638,19,7,ffffffff
23143,30,1638,19,4,ffffffff
23144,30,1638,19,7,ffffffff
23151,38,1638,19,0,ffffffff
23151,38,1638,19,1,ffffffff
23151,38,1638,19,2,ffffffff
23152,38,1638,19,3,ffffffff
23153,38,1638,19,6,ffffffff
23153,38,1638,19,4,ffffffff
23153,38,1638,19,5,ffffffff
23154,38,1638,19,7,ffffffff
23157,40,1638,19,2,ffffffff
23157,40,1638,19,0,ffffffff
23157,40,1638,19,1,ffffffff
23158,40,1638,19,3,ffffffff
23159,40,1638,19,4,ffffffff
23159,40,1638,19,5,ffffffff
23159,40,1638,19,6,ffffffff
23160,40,1638,19,7,ffffffff
23164,50,1638,19,1,ffffffff
23164,50,1638,19,2,ffffffff
23164,50,1638,19,0,ffffffff
23165,50,1638,19,3,ffffffff
23168,50,1638,19,4,ffffffff
23168,50,1638,19,5,ffffffff
23168,50,1638,19,6,ffffffff
23169,58,1638,19,0,ffffffff
23169,58,1638,19,1,ffffffff
23169,58,1638,19,2,ffffffff
23169,50,1638,19,7,ffffffff
23170,58,1638,19,3,ffffffff
23172,58,1638,19,5,ffffffff
23172,58,1638,19,6,ffffffff
23172,58,1638,19,4,ffffffff
23173,58,1638,19,7,ffffffff
23177,68,1638,19,1,ffffffff
23177,68,1638,19,2,ffffffff
23177,68,1638,19,0,ffffffff
23178,60,1638,19,0,ffffffff
23178,60,1638,19,1,ffffffff
23178,60,1638,19,2,ffffffff
23178,68,1638,19,3,ffffffff
23179,60,1638,19,3,ffffffff
23180,68,1638,19,4,ffffffff
23180,68,1638,19,5,ffffffff
23180,68,1638,19,6,ffffffff
23181,60,1638,19,4,ffffffff
23181,60,1638,19,5,ffffffff
23181,60,1638,19,6,ffffffff
23181,68,1638,19,7,ffffffff
23182,60,1638,19,7,ffffffff
23186,70,1638,19,0,ffffffff
23186,70,1638,19,1,ffffffff
23186,70,1638,19,2,ffffffff
23187,70,1638,19,3,ffffffff
23189,70,1638,19,4,ffffffff
23189,70,1638,19,5,ffffffff
23189,70,1638,19,6,ffffffff
23190,70,1638,19,7,ffffffff
23225,78,1594,19,9,ffffffff
23229,78,1594,19,8,ffffffff
23231,80,1594,19,9,ffffffff
23235,80,1594,19,8,ffffffff
23241,78,1594,19,10,ffffffff
23242,78,1594,19,11,ffffffff
23247,80,1594,19,10,ffffffff
23248,80,1594,19,11,ffffffff
23378,78,1612,19,18,ffffffff
23384,80,1612,19,18,ffffffff
23392,78,1612,19,19,ffffffff
23398,80,1612,19,19,ffffffff
23453,78,1594,19,15,ffffffff
23454,78,1594,19,14,ffffffff
23459,80,1594,19,15,ffffffff
23460,80,1594,19,14,ffffffff
23466,78,1594,19,12,ffffffff
23470,78,1594,19,13,ffffffff
23472,80,1594,19,12,ffffffff
23476,80,1594,19,13,ffffffff
23566,78,1612,19,20,ffffffff
23572,80,1612,19,20,ffffffff
23586,78,1612,19,21,ffffffff
23592,80,1612,19,21,ffffffff
23592,78,1612,19,22,ffffffff
23598,80,1612,19,22,ffffffff
23616,78,1612,19,23,ffffffff
23622,80,1612,19,23,ffffffff
23648,78,1624,19,30,ffffffff
23654,80,1624,19,30,ffffffff
23656,78,1624,19,28,ffffffff
23662,80,1624,19,28,ffffffff
23667,78,1624,19,29,ffffffff
23673,80,1624,19,29,ffffffff
23699,78,1612,19,17,ffffffff
23705,80,1612,19,17,ffffffff
23724,78,1612,19,16,ffffffff
23730,80,1612,19,16,ffffffff
23743,78,1624,19,27,ffffffff
23749,80,1624,19,27,ffffffff
23758,78,1624,19,26,ffffffff
23764,80,1624,19,26,ffffffff
23767,88,1594,19,8,ffffffff
23769,88,1594,19,9,ffffffff
23774,98,1594,19,8,ffffffff
23776,98,1594,19,9,ffffffff
23783,a0,1594,19,8,ffffffff
23785,a0,1594,19,9,ffffffff
23805,78,1624,19,24,ffffffff
23806,78,1624,19,25,ffffffff
23811,90,1594,19,8,ffffffff
23811,80,1624,19,24,ffffffff
23812,80,1624,19,25,ffffffff
23813,90,1594,19,9,ffffffff
23815,a8,1594,19,8,ffffffff
23817,b0,1594,19,8,ffffffff
23817,a8,1594,19,9,ffffffff
23819,b0,1594,19,9,ffffffff
23830,78,1638,19,2,ffffffff
23831,78,1638,19,3,ffffffff
23836,80,1638,19,2,ffffffff
23837,80,1638,19,3,ffffffff
23841,78,1638,19,5,ffffffff
23847,80,1638,19,5,ffffffff
23851,88,1594,19,10,ffffffff
23855,78,1638,19,1,ffffffff
23858,98,1594,19,10,ffffffff
23860,78,1638,19,0,ffffffff
23861,80,1638,19,1,ffffffff
23866,80,1638,19,0,ffffffff
23867,a0,1594,19,10,ffffffff
23877,88,1594,19,11,ffffffff
23878,78,1638,19,4,ffffffff
23884,98,1594,19,11,ffffffff
23884,80,1638,19,4,ffffffff
23890,78,1638,19,6,ffffffff
23891,78,1638,19,7,ffffffff
23893,a0,1594,19,11,ffffffff
23895,90,1594,19,10,ffffffff
23896,80,1638,19,6,ffffffff
23897,80,1638,19,7,ffffffff
23899,a8,1594,19,10,ffffffff
23901,b0,1594,19,10,ffffffff
23915,88,1594,19,12,ffffffff
23921,90,1594,19,11,ffffffff
23922,98,1594,19,12,ffffffff
23923,88,1612,19,18,ffffffff
23925,a8,1594,19,11,ffffffff
23927,b0,1594,19,11,ffffffff
23928,88,1594,19,14,ffffffff
23929,88,1594,19,15,ffffffff
23930,98,1612,19,18,ffffffff
23931,a0,1594,19,12,ffffffff
23934,88,1594,19,13,ffffffff
23935,98,1594,19,14,ffffffff
23936,98,1594,19,15,ffffffff
23939,a0,1612,19,18,ffffffff
23941,98,1594,19,13,ffffffff
23944,a0,1594,19,14,ffffffff
23945,a0,1594,19,15,ffffffff
23950,a0,1594,19,13,ffffffff
23958,88,1612,19,19,ffffffff
23959,90,1594,19,12,ffffffff
23963,a8,1594,19,12,ffffffff
23965,98,1612,19,19,ffffffff
23965,b0,1594,19,12,ffffffff
23967,90,1612,19,18,ffffffff
23971,a8,1612,19,18,ffffffff
23972,90,1594,19,14,ffffffff
23973,90,1594,19,15,ffffffff
23973,b0,1612,19,18,ffffffff
23974,a0,1612,19,19,ffffffff
23976,a8,1594,19,14,ffffffff
23977,a8,1594,19,15,ffffffff
23978,90,1594,19,13,ffffffff
23978,b0,1594,19,14,ffffffff
23979,b0,1594,19,15,ffffffff
23982,a8,1594,19,13,ffffffff
23984,b0,1594,19,13,ffffffff
24002,90,1612,19,19,ffffffff
24006,a8,1612,19,19,ffffffff
24008,b0,1612,19,19,ffffffff
24034,88,1612,19,20,ffffffff
24040,78,1624,19,31,ffffffff
24041,98,1612,19,20,ffffffff
24041,88,1612,19,21,ffffffff
24046,80,1624,19,31,ffffffff
24048,98,1612,19,21,ffffffff
24050,a0,1612,19,20,ffffffff
24057,a0,1612,19,21,ffffffff
24063,88,1612,19,22,ffffffff
24064,88,1612,19,23,ffffffff
24070,98,1612,19,22,ffffffff
24071,98,1612,19,23,ffffffff
24078,90,1612,19,20,ffffffff
24079,a0,1612,19,22,ffffffff
24080,a0,1612,19,23,ffffffff
24082,a8,1612,19,20,ffffffff
24084,b0,1612,19,20,ffffffff
24085,90,1612,19,21,ffffffff
24089,a8,1612,19,21,ffffffff
24091,b0,1612,19,21,ffffffff
24107,90,1612,19,22,ffffffff
24108,90,1612,19,23,ffffffff
24111,a8,1612,19,22,ffffffff
24112,a8,1612,19,23,ffffffff
24113,b0,1612,19,22,ffffffff
24114,b0,1612,19,23,ffffffff
24114,88,1624,19,27,ffffffff
24118,88,1624,19,30,ffffffff
24119,88,1624,19,26,ffffffff
24121,98,1624,19,27,ffffffff
24126,98,1624,19,30,ffffffff
24127,98,1624,19,26,ffffffff
24128,88,1624,19,28,ffffffff
24130,a0,1624,19,27,ffffffff
24135,a0,1624,19,30,ffffffff
24135,98,1624,19,28,ffffffff
24136,88,1624,19,29,ffffffff
24137,a0,1624,19,26,ffffffff
24143,98,1624,19,29,ffffffff
24144,a0,1624,19,28,ffffffff
24152,a0,1624,19,29,ffffffff
24158,90,1624,19,27,ffffffff
24161,88,1612,19,16,ffffffff
24162,90,1624,19,30,ffffffff
24162,88,1612,19,17,ffffffff
24162,a8,1624,19,27,ffffffff
24164,b0,1624,19,27,ffffffff
24166,90,1624,19,26,ffffffff
24166,a8,1624,19,30,ffffffff
24168,98,1612,19,16,ffffffff
24168,b0,1624,19,30,ffffffff
24169,98,1612,19,17,ffffffff
24170,a8,1624,19,26,ffffffff
24172,90,1624,19,28,ffffffff
24172,b0,1624,19,26,ffffffff
24176,a8,1624,19,28,ffffffff
24177,a0,1612,19,16,ffffffff
24178,a0,1612,19,17,ffffffff
24178,b0,1624,19,28,ffffffff
24180,90,1624,19,29,ffffffff
24184,a8,1624,19,29,ffffffff
24186,b0,1624,19,29,ffffffff
24199,88,1638,19,2,ffffffff
24205,90,1612,19,16,ffffffff
24206,90,1612,19,17,ffffffff
24206,98,1638,19,2,ffffffff
24209,a8,1612,19,16,ffffffff
24210,88,1638,19,3,ffffffff
24210,a8,1612,19,17,ffffffff
24211,b0,1612,19,16,ffffffff
24212,b0,1612,19,17,ffffffff
24214,88,1638,19,1,ffffffff
24215,a0,1638,19,2,ffffffff
24217,98,1638,19,3,ffffffff
24221,98,1638,19,1,ffffffff
24226,a0,1638,19,3,ffffffff
24227,88,1638,19,0,ffffffff
24230,a0,1638,19,1,ffffffff
24233,0,1713,19,9,ffffffff
24234,98,1638,19,0,ffffffff
24234,0,1713,19,10,ffffffff
24235,0,1713,19,8,ffffffff
24236,0,1713,19,14,ffffffff
24237,0,1713,19,11,ffffffff
24238,0,1713,19,12,ffffffff
24239,0,1713,19,13,ffffffff
24240,0,1713,19,15,ffffffff
24241,8,1713,19,9,ffffffff
24242,8,1713,19,10,ffffffff
24243,90,1638,19,2,ffffffff
24243,8,1713,19,12,ffffffff
24244,10,1713,19,9,ffffffff
24245,a0,1638,19,0,ffffffff
24245,10,1713,19,10,ffffffff
24246,8,1713,19,15,ffffffff
24247,10,1713,19,8,ffffffff
24248,10,1713,19,13,ffffffff
24249,10,1713,19,14,ffffffff
24250,10,1713,19,11,ffffffff
24251,10,1713,19,12,ffffffff
24252,18,1713,19,9,ffffffff
24253,18,1713,19,10,ffffffff
24254,90,1638,19,3,ffffffff
24254,10,1713,19,15,ffffffff
24255,20,1713,19,9,ffffffff
24255,18,1713,19,8,ffffffff
24256,18,1713,19,13,ffffffff
24257,8,1713,19,13,ffffffff
24258,90,1638,19,1,ffffffff
24258,18,1713,19,14,ffffffff
24259,18,1713,19,11,ffffffff
24260,18,1713,19,12,ffffffff
24261,20,1713,19,10,ffffffff
24261,20,1713,19,8,ffffffff
24261,8,1713,19,8,ffffffff
24262,a8,1638,19,2,ffffffff
24263,88,1624,19,24,ffffffff
24263,8,1713,19,14,ffffffff
24264,18,1713,19,15,ffffffff
24265,88,1624,19,25,ffffffff
24265,a8,1638,19,3,ffffffff
24266,8,1713,19,11,ffffffff
24267,20,1713,19,11,ffffffff
24267,28,1713,19,9,ffffffff
24267,28,1713,19,8,ffffffff
24267,28,1713,19,10,ffffffff
24267,a8,1638,19,1,ffffffff
24268,20,1713,19,14,ffffffff
24268,28,1713,19,11,ffffffff
24268,20,1713,19,12,ffffffff
24268,30,1713,19,9,ffffffff
24269,20,1713,19,15,ffffffff
24269,20,1713,19,13,ffffffff
24269,b0,1638,19,2,ffffffff
24270,30,1713,19,8,ffffffff
24270,30,1713,19,10,ffffffff
24270,b0,1638,19,3,ffffffff
24271,90,1638,19,0,ffffffff
24271,b0,1638,19,1,ffffffff
24271,28,1713,19,14,ffffffff
24271,30,1713,19,11,ffffffff
24271,28,1713,19,12,ffffffff
24272,30,1713,19,14,ffffffff
24272,28,1713,19,15,ffffffff
24272,28,1713,19,13,ffffffff
24273,98,1624,19,24,ffffffff
24273,30,1713,19,15,ffffffff
24274,30,1713,19,12,ffffffff
24274,98,1624,19,25,ffffffff
24275,a8,1638,19,0,ffffffff
24277,30,1713,19,13,ffffffff
24278,38,1713,19,9,ffffffff
24278,b0,1638,19,0,ffffffff
24279,38,1713,19,8,ffffffff
24279,88,1638,19,6,ffffffff
24280,38,1713,19,10,ffffffff
24281,38,1713,19,11,ffffffff
24282,38,1713,19,14,ffffffff
24282,a0,1624,19,24,ffffffff
24283,38,1713,19,15,ffffffff
24283,a0,1624,19,25,ffffffff
24284,38,1713,19,12,ffffffff
24285,40,1713,19,9,ffffffff
24285,40,1713,19,8,ffffffff
24286,38,1713,19,13,ffffffff
24286,40,1713,19,10,ffffffff
24287,98,1638,19,6,ffffffff
24287,40,1713,19,11,ffffffff
24288,40,1713,19,14,ffffffff
24289,40,1713,19,15,ffffffff
24290,40,1713,19,12,ffffffff
24292,40,1713,19,13,ffffffff
24292,50,1713,19,8,ffffffff
24293,50,1713,19,9,ffffffff
24294,50,1713,19,11,ffffffff
24295,50,1713,19,10,ffffffff
24296,a0,1638,19,6,ffffffff
24296,58,1713,19,8,ffffffff
24297,58,1713,19,9,ffffffff
24297,50,1713,19,12,ffffffff
24298,50,1713,19,14,ffffffff
24298,50,1713,19,15,ffffffff
24299,58,1713,19,11,ffffffff
24299,50,1713,19,13,ffffffff
24301,58,1713,19,12,ffffffff
24302,58,1713,19,15,ffffffff
24302,58,1713,19,14,ffffffff
24303,58,1713,19,13,ffffffff
24304,58,1713,19,10,ffffffff
24304,68,1713,19,8,ffffffff
24305,60,1713,19,8,ffffffff
24305,68,1713,19,9,ffffffff
24305,88,1638,19,7,ffffffff
24306,60,1713,19,9,ffffffff
24307,68,1713,19,11,ffffffff
24308,90,1624,19,24,ffffffff
24308,60,1713,19,11,ffffffff
24309,90,1624,19,25,ffffffff
24309,68,1713,19,12,ffffffff
24310,60,1713,19,12,ffffffff
24310,68,1713,19,14,ffffffff
24310,68,1713,19,15,ffffffff
24311,60,1713,19,14,ffffffff
24311,60,1713,19,15,ffffffff
24311,68,1713,19,13,ffffffff
24312,60,1713,19,13,ffffffff
24312,98,1638,19,7,ffffffff
24312,a8,1624,19,24,ffffffff
24313,70,1713,19,8,ffffffff
24313,68,1713,19,10,ffffffff
24313,a8,1624,19,25,ffffffff
24314,60,1713,19,10,ffffffff
24315,70,1713,19,9,ffffffff
24316,70,1713,19,11,ffffffff
24316,b0,1624,19,25,ffffffff
24317,b0,1624,19,24,ffffffff
24318,70,1713,19,12,ffffffff
24319,70,1713,19,14,ffffffff
24320,70,1713,19,15,ffffffff
24320,70,1713,19,13,ffffffff
24322,a0,1638,19,7,ffffffff
24322,70,1713,19,10,ffffffff
24323,90,1638,19,6,ffffffff
24327,a8,1638,19,6,ffffffff
24329,b0,1638,19,6,ffffffff
24349,90,1638,19,7,ffffffff
24353,a8,1638,19,7,ffffffff
24355,b0,1638,19,7,ffffffff
24375,88,1638,19,5,ffffffff
24382,98,1638,19,5,ffffffff
24391,a0,1638,19,5,ffffffff
24415,88,1638,19,4,ffffffff
24419,90,1638,19,5,ffffffff
24422,98,1638,19,4,ffffffff
24423,a8,1638,19,5,ffffffff
24425,b0,1638,19,5,ffffffff
24431,a0,1638,19,4,ffffffff
24450,88,1624,19,31,ffffffff
24457,98,1624,19,31,ffffffff
24458,0,1733,19,18,ffffffff
24459,90,1638,19,4,ffffffff
24459,0,1733,19,16,ffffffff
24460,0,1733,19,17,ffffffff
24461,0,1733,19,19,ffffffff
24462,0,1733,19,20,ffffffff
24463,0,1733,19,21,ffffffff
24464,0,1733,19,22,ffffffff
24465,b0,1638,19,4,ffffffff
24465,8,1733,19,16,ffffffff
24466,8,1733,19,18,ffffffff
24467,a0,1624,19,31,ffffffff
24467,0,1733,19,23,ffffffff
24468,8,1733,19,21,ffffffff
24469,10,1733,19,18,ffffffff
24470,8,1733,19,19,ffffffff
24471,a8,1638,19,4,ffffffff
24472,20,1733,19,18,ffffffff
24472,10,1733,19,17,ffffffff
24473,10,1733,19,22,ffffffff
24474,8,1733,19,23,ffffffff
24475,10,1733,19,16,ffffffff
24476,10,1733,19,21,ffffffff
24477,10,1733,19,20,ffffffff
24478,18,1733,19,18,ffffffff
24479,10,1733,19,19,ffffffff
24480,18,1733,19,17,ffffffff
24481,18,1733,19,22,ffffffff
24482,8,1733,19,22,ffffffff
24483,20,1733,19,17,ffffffff
24483,28,1733,19,18,ffffffff
24483,18,1733,19,16,ffffffff
24484,18,1733,19,21,ffffffff
24485,8,1733,19,17,ffffffff
24486,20,1733,19,16,ffffffff
24486,18,1733,19,19,ffffffff
24487,18,1733,19,20,ffffffff
24488,8,1733,19,20,ffffffff
24489,20,1733,19,19,ffffffff
24489,30,1733,19,18,ffffffff
24489,28,1733,19,17,ffffffff
24489,28,1733,19,16,ffffffff
24489,18,1733,19,23,ffffffff
24490,20,1733,19,20,ffffffff
24490,20,1733,19,21,ffffffff
24490,20,1733,19,22,ffffffff
24490,28,1733,19,19,ffffffff
24490,10,1733,19,23,ffffffff
24491,30,1733,19,17,ffffffff
24491,28,1733,19,22,ffffffff
24491,20,1733,19,23,ffffffff
24491,30,1733,19,16,ffffffff
24492,30,1733,19,22,ffffffff
24492,30,1733,19,19,ffffffff
24492,28,1733,19,20,ffffffff
24492,28,1733,19,21,ffffffff
24493,28,1733,19,23,ffffffff
24493,30,1733,19,20,ffffffff
24493,30,1733,19,21,ffffffff
24494,90,1624,19,31,ffffffff
24494,30,1733,19,23,ffffffff
24498,38,1733,19,18,ffffffff
24499,a8,1624,19,31,ffffffff
24501,38,1733,19,16,ffffffff
24501,38,1733,19,17,ffffffff
24501,38,1733,19,22,ffffffff
24502,38,1733,19,19,ffffffff
24503,38,1733,19,20,ffffffff
24503,38,1733,19,21,ffffffff
24503,b0,1624,19,31,ffffffff
24504,38,1733,19,23,ffffffff
24504,40,1733,19,18,ffffffff
24507,40,1733,19,16,ffffffff
24507,40,1733,19,17,ffffffff
24507,40,1733,19,22,ffffffff
24508,40,1733,19,19,ffffffff
24509,40,1733,19,20,ffffffff
24509,40,1733,19,21,ffffffff
24510,40,1733,19,23,ffffffff
24511,50,1733,19,18,ffffffff
24514,50,1733,19,16,ffffffff
24514,50,1733,19,17,ffffffff
24515,58,1733,19,18,ffffffff
24515,50,1733,19,19,ffffffff
24516,50,1733,19,22,ffffffff
24518,50,1733,19,20,ffffffff
24518,50,1733,19,21,ffffffff
24519,58,1733,19,17,ffffffff
24519,58,1733,19,16,ffffffff
24519,50,1733,19,23,ffffffff
24520,58,1733,19,22,ffffffff
24520,58,1733,19,19,ffffffff
24522,58,1733,19,20,ffffffff
24522,58,1733,19,21,ffffffff
24523,58,1733,19,23,ffffffff
24523,68,1733,19,18,ffffffff
24524,60,1733,19,18,ffffffff
24527,68,1733,19,16,ffffffff
24527,68,1733,19,17,ffffffff
24528,60,1733,19,16,ffffffff
24528,60,1733,19,17,ffffffff
24528,68,1733,19,22,ffffffff
24528,68,1733,19,19,ffffffff
24529,60,1733,19,19,ffffffff
24529,60,1733,19,22,ffffffff
24530,68,1733,19,20,ffffffff
24530,68,1733,19,21,ffffffff
24531,60,1733,19,21,ffffffff
24531,60,1733,19,20,ffffffff
24531,68,1733,19,23,ffffffff
24532,70,1733,19,18,ffffffff
24532,60,1733,19,23,ffffffff
24536,70,1733,19,16,ffffffff
24536,70,1733,19,17,ffffffff
24537,70,1733,19,19,ffffffff
24537,70,1733,19,22,ffffffff
24539,70,1733,19,21,ffffffff
24539,70,1733,19,20,ffffffff
24540,70,1733,19,23,ffffffff
24686,78,1713,19,12,ffffffff
24692,80,1713,19,12,ffffffff
24709,78,1713,19,8,ffffffff
24715,80,1713,19,8,ffffffff
24716,0,1745,19,0,ffffffff
24717,0,1745,19,1,ffffffff
24718,0,1745,19,2,ffffffff
24719,0,1745,19,5,ffffffff
24720,0,1745,19,6,ffffffff
24721,0,1745,19,3,ffffffff
24722,0,1745,19,4,ffffffff
24723,0,1745,19,7,ffffffff
24724,8,1745,19,0,ffffffff
24725,78,1713,19,9,ffffffff
24725,8,1745,19,1,ffffffff
24726,8,1745,19,6,ffffffff
24727,10,1745,19,0,ffffffff
24728,10,1745,19,1,ffffffff
24729,10,1745,19,2,ffffffff
24730,8,1745,19,7,ffffffff
24731,10,1745,19,4,ffffffff
24732,10,1745,19,5,ffffffff
24733,10,1745,19,6,ffffffff
24734,10,1745,19,3,ffffffff
24735,18,1745,19,0,ffffffff
24736,18,1745,19,1,ffffffff
24737,18,1745,19,2,ffffffff
24738,20,1745,19,0,ffffffff
24738,10,1745,19,7,ffffffff
24739,18,1745,19,4,ffffffff
24740,8,1745,19,4,ffffffff
24741,18,1745,19,5,ffffffff
24742,18,1745,19,6,ffffffff
24743,8,1745,19,2,ffffffff
24744,20,1745,19,2,ffffffff
24744,78,1713,19,13,ffffffff
24744,18,1745,19,3,ffffffff
24745,80,1713,19,9,ffffffff
24746,8,1745,19,5,ffffffff
24747,20,1745,19,3,ffffffff
24747,28,1745,19,0,ffffffff
24747,20,1745,19,1,ffffffff
24747,28,1745,19,2,ffffffff
24747,18,1745,19,7,ffffffff
24748,20,1745,19,6,ffffffff
24748,28,1745,19,3,ffffffff
24748,20,1745,19,4,ffffffff
24748,20,1745,19,5,ffffffff
24748,8,1745,19,3,ffffffff
24749,20,1745,19,7,ffffffff
24749,30,1745,19,0,ffffffff
24749,30,1745,19,2,ffffffff
24750,80,1713,19,13,ffffffff
24750,28,1745,19,4,ffffffff
24750,28,1745,19,6,ffffffff
24750,30,1745,19,3,ffffffff
24750,0,1748,19,24,ffffffff
24751,28,1745,19,1,ffffffff
24751,30,1745,19,6,ffffffff
24751,28,1745,19,7,ffffffff
24751,30,1745,19,4,ffffffff
24752,28,1745,19,5,ffffffff
24752,30,1745,19,7,ffffffff
24752,0,1748,19,27,ffffffff
24753,0,1748,19,28,ffffffff
24754,0,1748,19,25,ffffffff
24755,30,1745,19,1,ffffffff
24755,0,1748,19,26,ffffffff
24756,0,1748,19,29,ffffffff
24757,30,1745,19,5,ffffffff
24757,0,1748,19,30,ffffffff
24758,0,1748,19,31,ffffffff
24759,38,1745,19,0,ffffffff
24759,38,1745,19,2,ffffffff
24759,8,1748,19,24,ffffffff
24760,38,1745,19,3,ffffffff
24760,8,1748,19,28,ffffffff
24761,38,1745,19,6,ffffffff
24761,38,1745,19,4,ffffffff
24761,8,1748,19,31,ffffffff
24762,8,1748,19,25,ffffffff
24763,8,1748,19,26,ffffffff
24764,10,1748,19,25,ffffffff
24765,10,1748,19,27,ffffffff
24766,10,1748,19,28,ffffffff
24767,10,1748,19,26,ffffffff
24768,38,1745,19,7,ffffffff
24768,10,1748,19,29,ffffffff
24769,10,1748,19,31,ffffffff
24770,10,1748,19,30,ffffffff
24771,18,1748,19,24,ffffffff
24772,18,1748,19,25,ffffffff
24773,18,1748,19,27,ffffffff
24774,18,1748,19,26,ffffffff
24775,18,1748,19,28,ffffffff
24776,10,1748,19,24,ffffffff
24777,18,1748,19,29,ffffffff
24778,40,1745,19,2,ffffffff
24778,40,1745,19,0,ffffffff
24778,40,1745,19,3,ffffffff
24778,8,1748,19,29,ffffffff
24779,38,1745,19,1,ffffffff
24779,40,1745,19,4,ffffffff
24779,40,1745,19,6,ffffffff
24779,40,1745,19,7,ffffffff
24779,18,1748,19,31,ffffffff
24780,20,1748,19,25,ffffffff
24780,20,1748,19,26,ffffffff
24780,20,1748,19,27,ffffffff
24780,20,1748,19,24,ffffffff
24780,8,1748,19,27,ffffffff
24781,38,1745,19,5,ffffffff
24781,20,1748,19,30,ffffffff
24781,20,1748,19,31,ffffffff
24781,20,1748,19,28,ffffffff
24781,18,1748,19,30,ffffffff
24782,20,1748,19,29,ffffffff
24782,28,1748,19,27,ffffffff
24782,28,1748,19,24,ffffffff
24782,28,1748,19,26,ffffffff
24782,8,1748,19,30,ffffffff
24783,28,1748,19,29,ffffffff
24783,28,1748,19,28,ffffffff
24783,28,1748,19,30,ffffffff
24783,28,1748,19,31,ffffffff
24784,30,1748,19,25,ffffffff
24785,30,1748,19,29,ffffffff
24785,78,1713,19,10,ffffffff
24786,30,1748,19,24,ffffffff
24786,40,1745,19,1,ffffffff
24786,30,1748,19,26,ffffffff
24786,30,1748,19,27,ffffffff
24787,30,1748,19,28,ffffffff
24787,40,1745,19,5,ffffffff
24787,30,1748,19,30,ffffffff
24787,30,1748,19,31,ffffffff
24788,28,1748,19,25,ffffffff
24788,50,1745,19,0,ffffffff
24789,50,1745,19,2,ffffffff
24789,50,1745,19,3,ffffffff
24789,50,1745,19,4,ffffffff
24790,50,1745,19,7,ffffffff
24790,50,1745,19,6,ffffffff
24791,80,1713,19,10,ffffffff
24793,58,1745,19,0,ffffffff
24794,58,1745,19,3,ffffffff
24795,58,1745,19,4,ffffffff
24795,38,1748,19,29,ffffffff
24795,38,1748,19,26,ffffffff
24796,58,1745,19,7,ffffffff
24797,38,1748,19,24,ffffffff
24797,38,1748,19,30,ffffffff
24797,50,1745,19,5,ffffffff
24798,38,1748,19,27,ffffffff
24798,38,1748,19,25,ffffffff
24799,38,1748,19,28,ffffffff
24799,58,1745,19,2,ffffffff
24800,38,1748,19,31,ffffffff
24801,58,1745,19,6,ffffffff
24801,58,1745,19,1,ffffffff
24801,68,1745,19,0,ffffffff
24802,60,1745,19,0,ffffffff
24802,40,1748,19,26,ffffffff
24802,68,1745,19,3,ffffffff
24802,40,1748,19,29,ffffffff
24803,58,1745,19,5,ffffffff
24803,60,1745,19,3,ffffffff
24803,40,1748,19,30,ffffffff
24804,50,1745,19,1,ffffffff
24804,40,1748,19,24,ffffffff
24805,60,1745,19,4,ffffffff
24805,40,1748,19,25,ffffffff
24805,40,1748,19,27,ffffffff
24806,60,1745,19,7,ffffffff
24806,40,1748,19,28,ffffffff
24807,68,1745,19,4,ffffffff
24807,40,1748,19,31,ffffffff
24807,68,1745,19,2,ffffffff
24808,68,1745,19,7,ffffffff
24808,60,1745,19,2,ffffffff
24811,70,1745,19,0,ffffffff
24811,60,1745,19,6,ffffffff
24811,50,1748,19,29,ffffffff
24812,70,1745,19,3,ffffffff
24812,60,1745,19,5,ffffffff
24812,68,1745,19,6,ffffffff
24812,50,1748,19,24,ffffffff
24813,50,1748,19,26,ffffffff
24814,68,1745,19,5,ffffffff
24814,50,1748,19,30,ffffffff
24815,60,1745,19,1,ffffffff
24817,70,1745,19,4,ffffffff
24817,68,1745,19,1,ffffffff
24817,50,1748,19,27,ffffffff
24818,70,1745,19,7,ffffffff
24818,50,1748,19,28,ffffffff
24818,50,1748,19,25,ffffffff
24819,58,1748,19,24,ffffffff
24819,70,1745,19,2,ffffffff
24819,50,1748,19,31,ffffffff
24820,78,1713,19,11,ffffffff
24821,58,1748,19,30,ffffffff
24822,58,1748,19,28,ffffffff
24822,58,1748,19,25,ffffffff
24823,70,1745,19,6,ffffffff
24823,58,1748,19,27,ffffffff
24824,58,1748,19,29,ffffffff
24825,58,1748,19,26,ffffffff
24825,58,1748,19,31,ffffffff
24826,70,1745,19,5,ffffffff
24826,80,1713,19,11,ffffffff
24827,68,1748,19,24,ffffffff
24828,70,1745,19,1,ffffffff
24828,60,1748,19,24,ffffffff
24829,68,1748,19,30,ffffffff
24830,60,1748,19,30,ffffffff
24830,68,1748,19,28,ffffffff
24830,68,1748,19,25,ffffffff
24831,60,1748,19,25,ffffffff
24831,60,1748,19,28,ffffffff
24831,68,1748,19,27,ffffffff
24832,60,1748,19,27,ffffffff
24833,68,1748,19,29,ffffffff
24833,68,1748,19,26,ffffffff
24834,60,1748,19,29,ffffffff
24834,60,1748,19,26,ffffffff
24834,68,1748,19,31,ffffffff
24835,60,1748,19,31,ffffffff
24836,70,1748,19,24,ffffffff
24838,70,1748,19,30,ffffffff
24839,70,1748,19,25,ffffffff
24839,70,1748,19,28,ffffffff
24840,70,1748,19,27,ffffffff
24842,70,1748,19,29,ffffffff
24842,70,1748,19,26,ffffffff
24843,70,1748,19,31,ffffffff
24849,78,1713,19,15,ffffffff
24855,80,1713,19,15,ffffffff
24874,78,1713,19,14,ffffffff
24880,80,1713,19,14,ffffffff
24935,78,1733,19,20,ffffffff
24941,80,1733,19,20,ffffffff
24944,78,1733,19,21,ffffffff
24950,80,1733,19,21,ffffffff
24952,78,1733,19,19,ffffffff
24953,78,1733,19,18,ffffffff
24958,80,1733,19,19,ffffffff
24959,80,1733,19,18,ffffffff
25042,78,1733,19,17,ffffffff
25048,80,1733,19,17,ffffffff
25059,78,1733,19,16,ffffffff
25065,80,1733,19,16,ffffffff
25091,88,1713,19,12,ffffffff
25098,98,1713,19,12,ffffffff
25107,a0,1713,19,12,ffffffff
25111,88,1713,19,13,ffffffff
25118,98,1713,19,13,ffffffff
25127,a0,1713,19,13,ffffffff
25135,90,1713,19,12,ffffffff
25139,a8,1713,19,12,ffffffff
25141,b0,1713,19,12,ffffffff
25155,90,1713,19,13,ffffffff
25159,a8,1713,19,13,ffffffff
25161,b0,1713,19,13,ffffffff
25183,78,1733,19,22,ffffffff
25189,80,1733,19,22,ffffffff
25205,78,1733,19,23,ffffffff
25211,80,1733,19,23,ffffffff
25232,78,1745,19,0,ffffffff
25234,78,1745,19,1,ffffffff
25238,80,1745,19,0,ffffffff
25240,80,1745,19,1,ffffffff
25260,78,1748,19,24,ffffffff
25262,78,1748,19,25,ffffffff
25266,80,1748,19,24,ffffffff
25268,80,1748,19,25,ffffffff
25297,88,1733,19,20,ffffffff
25304,98,1733,19,20,ffffffff
25313,a0,1733,19,20,ffffffff
25317,88,1733,19,21,ffffffff
25320,88,1713,19,11,ffffffff
25321,88,1713,19,10,ffffffff
25324,98,1733,19,21,ffffffff
25327,98,1713,19,11,ffffffff
25328,98,1713,19,10,ffffffff
25330,78,1745,19,6,ffffffff
25332,78,1745,19,7,ffffffff
25333,a0,1733,19,21,ffffffff
25336,a0,1713,19,11,ffffffff
25336,80,1745,19,6,ffffffff
25337,a0,1713,19,10,ffffffff
25338,80,1745,19,7,ffffffff
25341,90,1733,19,20,ffffffff
25345,a8,1733,19,20,ffffffff
25347,b0,1733,19,20,ffffffff
25352,88,1713,19,14,ffffffff
25354,88,1713,19,15,ffffffff
25358,78,1748,19,31,ffffffff
25359,98,1713,19,14,ffffffff
25361,90,1733,19,21,ffffffff
25361,98,1713,19,15,ffffffff
25364,90,1713,19,11,ffffffff
25364,80,1748,19,31,ffffffff
25365,90,1713,19,10,ffffffff
25365,a8,1733,19,21,ffffffff
25367,b0,1733,19,21,ffffffff
25368,a0,1713,19,14,ffffffff
25368,a8,1713,19,11,ffffffff
25369,a8,1713,19,10,ffffffff
25370,a0,1713,19,15,ffffffff
25371,b0,1713,19,11,ffffffff
25371,b0,1713,19,10,ffffffff
25385,78,1748,19,30,ffffffff
25391,80,1748,19,30,ffffffff
25396,90,1713,19,14,ffffffff
25398,90,1713,19,15,ffffffff
25400,a8,1713,19,14,ffffffff
25402,b0,1713,19,14,ffffffff
25402,a8,1713,19,15,ffffffff
25404,b0,1713,19,15,ffffffff
25421,78,1745,19,4,ffffffff
25422,78,1745,19,5,ffffffff
25424,88,1713,19,9,ffffffff
25427,80,1745,19,4,ffffffff
25427,88,1713,19,8,ffffffff
25428,80,1745,19,5,ffffffff
25431,98,1713,19,9,ffffffff
25434,98,1713,19,8,ffffffff
25437,78,1745,19,2,ffffffff
25439,78,1745,19,3,ffffffff
25440,a0,1713,19,9,ffffffff
25443,a0,1713,19,8,ffffffff
25443,80,1745,19,2,ffffffff
25445,80,1745,19,3,ffffffff
25463,78,1748,19,28,ffffffff
25464,78,1748,19,29,ffffffff
25466,78,1748,19,26,ffffffff
25467,78,1748,19,27,ffffffff
25468,90,1713,19,9,ffffffff
25469,80,1748,19,28,ffffffff
25470,80,1748,19,29,ffffffff
25471,90,1713,19,8,ffffffff
25472,80,1748,19,26,ffffffff
25473,80,1748,19,27,ffffffff
25473,a8,1713,19,9,ffffffff
25474,b0,1713,19,9,ffffffff
25475,a8,1713,19,8,ffffffff
25477,b0,1713,19,8,ffffffff
25511,88,1733,19,18,ffffffff
25513,88,1733,19,19,ffffffff
25518,98,1733,19,18,ffffffff
25520,98,1733,19,19,ffffffff
25524,88,1733,19,17,ffffffff
25527,a0,1733,19,18,ffffffff
25529,a0,1733,19,19,ffffffff
25531,98,1733,19,17,ffffffff
25538,88,1733,19,16,ffffffff
25540,a0,1733,19,17,ffffffff
25545,98,1733,19,16,ffffffff
25554,a0,1733,19,16,ffffffff
25555,90,1733,19,18,ffffffff
25557,90,1733,19,19,ffffffff
25559,a8,1733,19,18,ffffffff
25561,b0,1733,19,18,ffffffff
25561,a8,1733,19,19,ffffffff
25563,b0,1733,19,19,ffffffff
25568,90,1733,19,17,ffffffff
25572,a8,1733,19,17,ffffffff
25574,b0,1733,19,17,ffffffff
25582,90,1733,19,16,ffffffff
25586,a8,1733,19,16,ffffffff
25588,b0,1733,19,16,ffffffff
25685,88,1733,19,22,ffffffff
25692,98,1733,19,22,ffffffff
25701,a0,1733,19,22,ffffffff
25710,88,1745,19,0,ffffffff
25713,88,1733,19,23,ffffffff
25715,88,1745,19,1,ffffffff
25717,98,1745,19,0,ffffffff
25720,98,1733,19,23,ffffffff
25722,98,1745,19,1,ffffffff
25726,a0,1745,19,0,ffffffff
25729,90,1733,19,22,ffffffff
25729,a0,1733,19,23,ffffffff
25731,a0,1745,19,1,ffffffff
25733,a8,1733,19,22,ffffffff
25735,b0,1733,19,22,ffffffff
25735,88,1748,19,24,ffffffff
25737,88,1748,19,25,ffffffff
25742,98,1748,19,24,ffffffff
25744,98,1748,19,25,ffffffff
25751,a0,1748,19,24,ffffffff
25753,a0,1748,19,25,ffffffff
25754,90,1745,19,0,ffffffff
25757,90,1733,19,23,ffffffff
25758,a8,1745,19,0,ffffffff
25759,90,1745,19,1,ffffffff
25760,b0,1745,19,0,ffffffff
25761,a8,1733,19,23,ffffffff
25763,b0,1733,19,23,ffffffff
25763,a8,1745,19,1,ffffffff
25765,b0,1745,19,1,ffffffff
25779,90,1748,19,24,ffffffff
25781,90,1748,19,25,ffffffff
25783,a8,1748,19,24,ffffffff
25785,b0,1748,19,24,ffffffff
25785,a8,1748,19,25,ffffffff
25787,b0,1748,19,25,ffffffff
25801,88,1745,19,4,ffffffff
25805,88,1745,19,5,ffffffff
25808,98,1745,19,4,ffffffff
25812,98,1745,19,5,ffffffff
25817,a0,1745,19,4,ffffffff
25821,a0,1745,19,5,ffffffff
25825,88,1745,19,6,ffffffff
25826,88,1745,19,7,ffffffff
25832,98,1745,19,6,ffffffff
25833,98,1745,19,7,ffffffff
25841,a0,1745,19,6,ffffffff
25842,a0,1745,19,7,ffffffff
25845,90,1745,19,4,ffffffff
25845,88,1748,19,31,ffffffff
25848,88,1748,19,30,ffffffff
25849,90,1745,19,5,ffffffff
25849,a8,1745,19,4,ffffffff
25851,b0,1745,19,4,ffffffff
25852,98,1748,19,31,ffffffff
25853,a8,1745,19,5,ffffffff
25855,98,1748,19,30,ffffffff
25855,b0,1745,19,5,ffffffff
25861,a0,1748,19,31,ffffffff
25864,a0,1748,19,30,ffffffff
25869,90,1745,19,6,ffffffff
25870,90,1745,19,7,ffffffff
25873,a8,1745,19,6,ffffffff
25874,a8,1745,19,7,ffffffff
25875,b0,1745,19,6,ffffffff
25876,b0,1745,19,7,ffffffff
25889,90,1748,19,31,ffffffff
25892,90,1748,19,30,ffffffff
25893,a8,1748,19,31,ffffffff
25895,b0,1748,19,31,ffffffff
25896,a8,1748,19,30,ffffffff
25898,b0,1748,19,30,ffffffff
25953,88,1748,19,29,ffffffff
25955,88,1748,19,28,ffffffff
25956,88,1745,19,2,ffffffff
25957,88,1745,19,3,ffffffff
25960,98,1748,19,29,ffffffff
25962,98,1748,19,28,ffffffff
25963,98,1745,19,2,ffffffff
25964,98,1745,19,3,ffffffff
25967,88,1748,19,26,ffffffff
25969,a0,1748,19,29,ffffffff
25969,88,1748,19,27,ffffffff
25971,a0,1748,19,28,ffffffff
25972,a0,1745,19,2,ffffffff
25973,a0,1745,19,3,ffffffff
25974,98,1748,19,26,ffffffff
25976,98,1748,19,27,ffffffff
25983,a0,1748,19,26,ffffffff
25985,a0,1748,19,27,ffffffff
25997,90,1748,19,29,ffffffff
25999,90,1748,19,28,ffffffff
26000,90,1745,19,2,ffffffff
26001,90,1745,19,3,ffffffff
26001,a8,1748,19,29,ffffffff
26003,b0,1748,19,29,ffffffff
26003,a8,1748,19,28,ffffffff
26004,a8,1745,19,2,ffffffff
26005,b0,1748,19,28,ffffffff
26005,a8,1745,19,3,ffffffff
26006,b0,1745,19,2,ffffffff
26007,b0,1745,19,3,ffffffff
26011,90,1748,19,26,ffffffff
26013,90,1748,19,27,ffffffff
26015,a8,1748,19,26,ffffffff
26017,b0,1748,19,26,ffffffff
26017,a8,1748,19,27,ffffffff
26019,b0,1748,19,27,ffffffff
