Cycle,Area(mm^2),PeakPower(W),TotalLeakage(W),PeakDynamic(W),SubthresholdLeakage(W),GateLeakage(W),RunTimeDynamic(W)
1000000,40.6137,7.425191,0.693847,6.731343,0.599781,0.094066,8.634408
1000100,40.6137,7.425191,0.693847,6.731343,0.599781,0.094066,8.612877
1000200,40.6137,7.425191,0.693847,6.731343,0.599781,0.094066,8.577411
1000300,40.6137,7.425191,0.693847,6.731343,0.599781,0.094066,8.494454
1000400,40.6137,7.425191,0.693847,6.731343,0.599781,0.094066,8.524949
1000500,40.6137,7.425191,0.693847,6.731343,0.599781,0.094066,8.505485
1000600,40.6137,7.425191,0.693847,6.731343,0.599781,0.094066,8.573575
1000700,40.6137,7.425191,0.693847,6.731343,0.599781,0.094066,8.568914
1000800,40.6137,7.425191,0.693847,6.731343,0.599781,0.094066,8.538872
1000900,40.6137,7.425191,0.693847,6.731343,0.599781,0.094066,8.505774
1001000,40.6137,7.425191,0.693847,6.731343,0.599781,0.094066,8.567526
1001100,40.6137,7.425191,0.693847,6.731343,0.599781,0.094066,8.566890
1001200,40.6137,7.425191,0.693847,6.731343,0.599781,0.094066,8.543255
1001300,40.6137,7.425191,0.693847,6.731343,0.599781,0.094066,8.556201
1001400,40.6137,7.425191,0.693847,6.731343,0.599781,0.094066,8.515765
1001500,40.6137,7.425191,0.693847,6.731343,0.599781,0.094066,8.509233
1001600,40.6137,7.425191,0.693847,6.731343,0.599781,0.094066,8.682509
1001700,40.6137,7.425191,0.693847,6.731343,0.599781,0.094066,8.539204
1001800,40.6137,7.425191,0.693847,6.731343,0.599781,0.094066,8.560004
1001900,40.6137,7.425191,0.693847,6.731343,0.599781,0.094066,8.565818
1002000,40.6137,7.425191,0.693847,6.731343,0.599781,0.094066,8.567308
1002100,40.6137,7.425191,0.693847,6.731343,0.599781,0.094066,8.566179
1002200,40.6137,7.425191,0.693847,6.731343,0.599781,0.094066,8.581136
1002300,40.6137,7.425191,0.693847,6.731343,0.599781,0.094066,8.609212
1002400,40.6137,7.425191,0.693847,6.731343,0.599781,0.094066,8.523278
1002500,40.6137,7.425191,0.693847,6.731343,0.599781,0.094066,8.594395
1002600,40.6137,7.425191,0.693847,6.731343,0.599781,0.094066,8.595542
1002700,40.6137,7.425191,0.693847,6.731343,0.599781,0.094066,8.509290
1002800,40.6137,7.425191,0.693847,6.731343,0.599781,0.094066,8.611129
1002900,40.6137,7.425191,0.693847,6.731343,0.599781,0.094066,8.558409
1003000,40.6137,7.425191,0.693847,6.731343,0.599781,0.094066,8.537049
1003100,40.6137,7.425191,0.693847,6.731343,0.599781,0.094066,8.630892
1003200,40.6137,7.425191,0.693847,6.731343,0.599781,0.094066,8.486142
1003300,40.6137,7.425191,0.693847,6.731343,0.599781,0.094066,8.499349
1003400,40.6137,7.425191,0.693847,6.731343,0.599781,0.094066,8.642090
1003500,40.6137,7.425191,0.693847,6.731343,0.599781,0.094066,8.573822
1003600,40.6137,7.425191,0.693847,6.731343,0.599781,0.094066,8.551768
1003700,40.6137,7.425191,0.693847,6.731343,0.599781,0.094066,8.539778
1003800,40.6137,7.425191,0.693847,6.731343,0.599781,0.094066,8.468448
1003900,40.6137,7.425191,0.693847,6.731343,0.599781,0.094066,8.528143
1004000,40.6137,7.425191,0.693847,6.731343,0.599781,0.094066,8.681824
1004100,40.6137,7.425191,0.693847,6.731343,0.599781,0.094066,8.533479
1004200,40.6137,7.425191,0.693847,6.731343,0.599781,0.094066,8.516334
1004300,40.6137,7.425191,0.693847,6.731343,0.599781,0.094066,8.579537
1004400,40.6137,7.425191,0.693847,6.731343,0.599781,0.094066,8.535548
1004500,40.6137,7.425191,0.693847,6.731343,0.599781,0.094066,8.528408
1004600,40.6137,7.425191,0.693847,6.731343,0.599781,0.094066,8.548975
1004700,40.6137,7.425191,0.693847,6.731343,0.599781,0.094066,8.593875
1004800,40.6137,7.425191,0.693847,6.731343,0.599781,0.094066,8.621903
1004900,40.6137,7.425191,0.693847,6.731343,0.599781,0.094066,8.663291
1005000,40.6137,7.425191,0.693847,6.731343,0.599781,0.094066,8.559272
1005100,40.6137,7.425191,0.693847,6.731343,0.599781,0.094066,8.538790
1005200,40.6137,7.425191,0.693847,6.731343,0.599781,0.094066,8.568013
1005300,40.6137,7.425191,0.693847,6.731343,0.599781,0.094066,8.611016
1005400,40.6137,7.425191,0.693847,6.731343,0.599781,0.094066,8.560366
1005500,40.6137,7.425191,0.693847,6.731343,0.599781,0.094066,8.554157
1005600,40.6137,7.425191,0.693847,6.731343,0.599781,0.094066,8.611620
1005700,40.6137,7.425191,0.693847,6.731343,0.599781,0.094066,8.714433
1005800,40.6137,7.425191,0.693847,6.731343,0.599781,0.094066,8.564795
1005900,40.6137,7.425191,0.693847,6.731343,0.599781,0.094066,8.531462
1006000,40.6137,7.425191,0.693847,6.731343,0.599781,0.094066,8.585144
1006100,40.6137,7.425191,0.693847,6.731343,0.599781,0.094066,8.549273
1006200,40.6137,7.425191,0.693847,6.731343,0.599781,0.094066,8.579823
1006300,40.6137,7.425191,0.693847,6.731343,0.599781,0.094066,8.536769
1006400,40.6137,7.425191,0.693847,6.731343,0.599781,0.094066,8.473832
1006500,40.6137,7.425191,0.693847,6.731343,0.599781,0.094066,8.575365
1006600,40.6137,7.425191,0.693847,6.731343,0.599781,0.094066,8.517800
1006700,40.6137,7.425191,0.693847,6.731343,0.599781,0.094066,8.494705
1006800,40.6137,7.425191,0.693847,6.731343,0.599781,0.094066,8.548325
1006900,40.6137,7.425191,0.693847,6.731343,0.599781,0.094066,8.561705
1007000,40.6137,7.425191,0.693847,6.731343,0.599781,0.094066,8.602651
1007100,40.6137,7.425191,0.693847,6.731343,0.599781,0.094066,8.557668
1007200,40.6137,7.425191,0.693847,6.731343,0.599781,0.094066,8.475328
1007300,40.6137,7.425191,0.693847,6.731343,0.599781,0.094066,8.505695
1007400,40.6137,7.425191,0.693847,6.731343,0.599781,0.094066,8.656785
1007500,40.6137,7.425191,0.693847,6.731343,0.599781,0.094066,8.554184
1007600,40.6137,7.425191,0.693847,6.731343,0.599781,0.094066,8.547230
1007700,40.6137,7.425191,0.693847,6.731343,0.599781,0.094066,8.562249
1007800,40.6137,7.425191,0.693847,6.731343,0.599781,0.094066,8.610596
1007900,40.6137,7.425191,0.693847,6.731343,0.599781,0.094066,8.557694
1008000,40.6137,7.425191,0.693847,6.731343,0.599781,0.094066,8.557812
1008100,40.6137,7.425191,0.693847,6.731343,0.599781,0.094066,8.617281
1008200,40.6137,7.425191,0.693847,6.731343,0.599781,0.094066,8.598489
1008300,40.6137,7.425191,0.693847,6.731343,0.599781,0.094066,8.652877
1008400,40.6137,7.425191,0.693847,6.731343,0.599781,0.094066,8.533558
1008500,40.6137,7.425191,0.693847,6.731343,0.599781,0.094066,8.555964
1008600,40.6137,7.425191,0.693847,6.731343,0.599781,0.094066,8.629932
1008700,40.6137,7.425191,0.693847,6.731343,0.599781,0.094066,8.509290
1008800,40.6137,7.425191,0.693847,6.731343,0.599781,0.094066,8.570403
1008900,40.6137,7.425191,0.693847,6.731343,0.599781,0.094066,8.563193
1009000,40.6137,7.425191,0.693847,6.731343,0.599781,0.094066,8.468386
1009100,40.6137,7.425191,0.693847,6.731343,0.599781,0.094066,8.556107
1009200,40.6137,7.425191,0.693847,6.731343,0.599781,0.094066,8.512503
1009300,40.6137,7.425191,0.693847,6.731343,0.599781,0.094066,8.468448
1009400,40.6137,7.425191,0.693847,6.731343,0.599781,0.094066,8.609714
1009500,40.6137,7.425191,0.693847,6.731343,0.599781,0.094066,8.519618
1009600,40.6137,7.425191,0.693847,6.731343,0.599781,0.094066,8.468386
1009700,40.6137,7.425191,0.693847,6.731343,0.599781,0.094066,8.616898
1009800,40.6137,7.425191,0.693847,6.731343,0.599781,0.094066,8.608321
1009900,40.6137,7.425191,0.693847,6.731343,0.599781,0.094066,8.557996
1010000,40.6137,7.425191,0.693847,6.731343,0.599781,0.094066,8.514953
1010100,40.6137,7.425191,0.693847,6.731343,0.599781,0.094066,8.468448
1010200,40.6137,7.425191,0.693847,6.731343,0.599781,0.094066,8.565671
1010300,40.6137,7.425191,0.693847,6.731343,0.599781,0.094066,8.593818
1010400,40.6137,7.425191,0.693847,6.731343,0.599781,0.094066,8.541432
1010500,40.6137,7.425191,0.693847,6.731343,0.599781,0.094066,8.585249
1010600,40.6137,7.425191,0.693847,6.731343,0.599781,0.094066,8.553326
1010700,40.6137,7.425191,0.693847,6.731343,0.599781,0.094066,8.558927
1010800,40.6137,7.425191,0.693847,6.731343,0.599781,0.094066,8.568247
1010900,40.6137,7.425191,0.693847,6.731343,0.599781,0.094066,8.543255
1011000,40.6137,7.425191,0.693847,6.731343,0.599781,0.094066,8.597005
1011100,40.6137,7.425191,0.693847,6.731343,0.599781,0.094066,8.561085
1011200,40.6137,7.425191,0.693847,6.731343,0.599781,0.094066,8.587500
1011300,40.6137,7.425191,0.693847,6.731343,0.599781,0.094066,8.618961
1011400,40.6137,7.425191,0.693847,6.731343,0.599781,0.094066,8.643388
1011500,40.6137,7.425191,0.693847,6.731343,0.599781,0.094066,8.538533
1011600,40.6137,7.425191,0.693847,6.731343,0.599781,0.094066,8.546444
1011700,40.6137,7.425191,0.693847,6.731343,0.599781,0.094066,8.609328
1011800,40.6137,7.425191,0.693847,6.731343,0.599781,0.094066,8.510858
1011900,40.6137,7.425191,0.693847,6.731343,0.599781,0.094066,8.505225
1012000,40.6137,7.425191,0.693847,6.731343,0.599781,0.094066,8.539805
1012100,40.6137,7.425191,0.693847,6.731343,0.599781,0.094066,8.497870
1012200,40.6137,7.425191,0.693847,6.731343,0.599781,0.094066,8.594377
1012300,40.6137,7.425191,0.693847,6.731343,0.599781,0.094066,8.570074
1012400,40.6137,7.425191,0.693847,6.731343,0.599781,0.094066,8.475328
1012500,40.6137,7.425191,0.693847,6.731343,0.599781,0.094066,8.527045
1012600,40.6137,7.425191,0.693847,6.731343,0.599781,0.094066,8.657271
1012700,40.6137,7.425191,0.693847,6.731343,0.599781,0.094066,8.593365
1012800,40.6137,7.425191,0.693847,6.731343,0.599781,0.094066,8.565291
1012900,40.6137,7.425191,0.693847,6.731343,0.599781,0.094066,8.498648
1013000,40.6137,7.425191,0.693847,6.731343,0.599781,0.094066,8.523832
1013100,40.6137,7.425191,0.693847,6.731343,0.599781,0.094066,8.527787
1013200,40.6137,7.425191,0.693847,6.731343,0.599781,0.094066,8.588981
1013300,40.6137,7.425191,0.693847,6.731343,0.599781,0.094066,8.547334
1013400,40.6137,7.425191,0.693847,6.731343,0.599781,0.094066,8.575571
1013500,40.6137,7.425191,0.693847,6.731343,0.599781,0.094066,8.594027
1013600,40.6137,7.425191,0.693847,6.731343,0.599781,0.094066,8.560139
1013700,40.6137,7.425191,0.693847,6.731343,0.599781,0.094066,8.560727
1013800,40.6137,7.425191,0.693847,6.731343,0.599781,0.094066,8.582151
1013900,40.6137,7.425191,0.693847,6.731343,0.599781,0.094066,8.619042
1014000,40.6137,7.425191,0.693847,6.731343,0.599781,0.094066,8.515085
1014100,40.6137,7.425191,0.693847,6.731343,0.599781,0.094066,8.586954
1014200,40.6137,7.425191,0.693847,6.731343,0.599781,0.094066,8.523278
1014300,40.6137,7.425191,0.693847,6.731343,0.599781,0.094066,8.616530
1014400,40.6137,7.425191,0.693847,6.731343,0.599781,0.094066,8.559272
1014500,40.6137,7.425191,0.693847,6.731343,0.599781,0.094066,8.533520
1014600,40.6137,7.425191,0.693847,6.731343,0.599781,0.094066,8.575988
1014700,40.6137,7.425191,0.693847,6.731343,0.599781,0.094066,8.571706
1014800,40.6137,7.425191,0.693847,6.731343,0.599781,0.094066,8.501069
1014900,40.6137,7.425191,0.693847,6.731343,0.599781,0.094066,8.518479
1015000,40.6137,7.425191,0.693847,6.731343,0.599781,0.094066,8.544086
1015100,40.6137,7.425191,0.693847,6.731343,0.599781,0.094066,8.520603
1015200,40.6137,7.425191,0.693847,6.731343,0.599781,0.094066,8.585539
1015300,40.6137,7.425191,0.693847,6.731343,0.599781,0.094066,8.559382
1015400,40.6137,7.425191,0.693847,6.731343,0.599781,0.094066,8.521400
1015500,40.6137,7.425191,0.693847,6.731343,0.599781,0.094066,8.587849
1015600,40.6137,7.425191,0.693847,6.731343,0.599781,0.094066,8.608771
1015700,40.6137,7.425191,0.693847,6.731343,0.599781,0.094066,8.561154
1015800,40.6137,7.425191,0.693847,6.731343,0.599781,0.094066,8.488659
1015900,40.6137,7.425191,0.693847,6.731343,0.599781,0.094066,8.589279
1016000,40.6137,7.425191,0.693847,6.731343,0.599781,0.094066,8.571939
1016100,40.6137,7.425191,0.693847,6.731343,0.599781,0.094066,8.518412
1016200,40.6137,7.425191,0.693847,6.731343,0.599781,0.094066,8.587084
1016300,40.6137,7.425191,0.693847,6.731343,0.599781,0.094066,8.666126
1016400,40.6137,7.425191,0.693847,6.731343,0.599781,0.094066,8.551164
1016500,40.6137,7.425191,0.693847,6.731343,0.599781,0.094066,8.586145
1016600,40.6137,7.425191,0.693847,6.731343,0.599781,0.094066,8.564079
1016700,40.6137,7.425191,0.693847,6.731343,0.599781,0.094066,8.605668
1016800,40.6137,7.425191,0.693847,6.731343,0.599781,0.094066,8.606499
1016900,40.6137,7.425191,0.693847,6.731343,0.599781,0.094066,8.516202
1017000,40.6137,7.425191,0.693847,6.731343,0.599781,0.094066,8.572910
1017100,40.6137,7.425191,0.693847,6.731343,0.599781,0.094066,8.670699
1017200,40.6137,7.425191,0.693847,6.731343,0.599781,0.094066,8.603083
1017300,40.6137,7.425191,0.693847,6.731343,0.599781,0.094066,8.600323
1017400,40.6137,7.425191,0.693847,6.731343,0.599781,0.094066,8.573959
1017500,40.6137,7.425191,0.693847,6.731343,0.599781,0.094066,8.532799
1017600,40.6137,7.425191,0.693847,6.731343,0.599781,0.094066,8.533553
1017700,40.6137,7.425191,0.693847,6.731343,0.599781,0.094066,8.536439
1017800,40.6137,7.425191,0.693847,6.731343,0.599781,0.094066,8.505424
1017900,40.6137,7.425191,0.693847,6.731343,0.599781,0.094066,8.564710
1018000,40.6137,7.425191,0.693847,6.731343,0.599781,0.094066,8.575332
1018100,40.6137,7.425191,0.693847,6.731343,0.599781,0.094066,8.601463
1018200,40.6137,7.425191,0.693847,6.731343,0.599781,0.094066,8.524621
1018300,40.6137,7.425191,0.693847,6.731343,0.599781,0.094066,8.504541
1018400,40.6137,7.425191,0.693847,6.731343,0.599781,0.094066,8.578133
1018500,40.6137,7.425191,0.693847,6.731343,0.599781,0.094066,8.658354
1018600,40.6137,7.425191,0.693847,6.731343,0.599781,0.094066,8.606176
1018700,40.6137,7.425191,0.693847,6.731343,0.599781,0.094066,8.476990
1018800,40.6137,7.425191,0.693847,6.731343,0.599781,0.094066,8.542503
1018900,40.6137,7.425191,0.693847,6.731343,0.599781,0.094066,8.554273
1019000,40.6137,7.425191,0.693847,6.731343,0.599781,0.094066,8.528203
1019100,40.6137,7.425191,0.693847,6.731343,0.599781,0.094066,8.608682
1019200,40.6137,7.425191,0.693847,6.731343,0.599781,0.094066,8.548769
1019300,40.6137,7.425191,0.693847,6.731343,0.599781,0.094066,8.538152
1019400,40.6137,7.425191,0.693847,6.731343,0.599781,0.094066,8.643797
1019500,40.6137,7.425191,0.693847,6.731343,0.599781,0.094066,8.542946
1019600,40.6137,7.425191,0.693847,6.731343,0.599781,0.094066,8.585617
1019700,40.6137,7.425191,0.693847,6.731343,0.599781,0.094066,8.592880
1019800,40.6137,7.425191,0.693847,6.731343,0.599781,0.094066,8.542112
1019900,40.6137,7.425191,0.693847,6.731343,0.599781,0.094066,8.562440
1020000,40.6137,7.425191,0.693847,6.731343,0.599781,0.094066,8.576840
1020100,40.6137,7.425191,0.693847,6.731343,0.599781,0.094066,8.532609
1020200,40.6137,7.425191,0.693847,6.731343,0.599781,0.094066,8.585687
1020300,40.6137,7.425191,0.693847,6.731343,0.599781,0.094066,8.554217
1020400,40.6137,7.425191,0.693847,6.731343,0.599781,0.094066,8.541342
1020500,40.6137,7.425191,0.693847,6.731343,0.599781,0.094066,8.516107
1020600,40.6137,7.425191,0.693847,6.731343,0.599781,0.094066,8.555068
1020700,40.6137,7.425191,0.693847,6.731343,0.599781,0.094066,8.505485
1020800,40.6137,7.425191,0.693847,6.731343,0.599781,0.094066,8.551727
1020900,40.6137,7.425191,0.693847,6.731343,0.599781,0.094066,8.530745
1021000,40.6137,7.425191,0.693847,6.731343,0.599781,0.094066,8.508011
1021100,40.6137,7.425191,0.693847,6.731343,0.599781,0.094066,8.539002
1021200,40.6137,7.425191,0.693847,6.731343,0.599781,0.094066,8.533852
1021300,40.6137,7.425191,0.693847,6.731343,0.599781,0.094066,8.528773
1021400,40.6137,7.425191,0.693847,6.731343,0.599781,0.094066,8.659639
1021500,40.6137,7.425191,0.693847,6.731343,0.599781,0.094066,8.582906
1021600,40.6137,7.425191,0.693847,6.731343,0.599781,0.094066,8.585241
1021700,40.6137,7.425191,0.693847,6.731343,0.599781,0.094066,8.543521
1021800,40.6137,7.425191,0.693847,6.731343,0.599781,0.094066,8.519778
1021900,40.6137,7.425191,0.693847,6.731343,0.599781,0.094066,8.532269
1022000,40.6137,7.425191,0.693847,6.731343,0.599781,0.094066,8.621273
1022100,40.6137,7.425191,0.693847,6.731343,0.599781,0.094066,8.630433
1022200,40.6137,7.425191,0.693847,6.731343,0.599781,0.094066,8.628794
1022300,40.6137,7.425191,0.693847,6.731343,0.599781,0.094066,8.539680
1022400,40.6137,7.425191,0.693847,6.731343,0.599781,0.094066,8.509351
1022500,40.6137,7.425191,0.693847,6.731343,0.599781,0.094066,8.643283
1022600,40.6137,7.425191,0.693847,6.731343,0.599781,0.094066,8.587487
1022700,40.6137,7.425191,0.693847,6.731343,0.599781,0.094066,8.527684
1022800,40.6137,7.425191,0.693847,6.731343,0.599781,0.094066,8.584253
1022900,40.6137,7.425191,0.693847,6.731343,0.599781,0.094066,8.604169
1023000,40.6137,7.425191,0.693847,6.731343,0.599781,0.094066,8.578941
1023100,40.6137,7.425191,0.693847,6.731343,0.599781,0.094066,8.562841
1023200,40.6137,7.425191,0.693847,6.731343,0.599781,0.094066,8.527745
1023300,40.6137,7.425191,0.693847,6.731343,0.599781,0.094066,8.616667
1023400,40.6137,7.425191,0.693847,6.731343,0.599781,0.094066,8.585628
1023500,40.6137,7.425191,0.693847,6.731343,0.599781,0.094066,8.569954
1023600,40.6137,7.425191,0.693847,6.731343,0.599781,0.094066,8.622073
1023700,40.6137,7.425191,0.693847,6.731343,0.599781,0.094066,8.557404
1023800,40.6137,7.425191,0.693847,6.731343,0.599781,0.094066,8.556835
1023900,40.6137,7.425191,0.693847,6.731343,0.599781,0.094066,8.563995
1024000,40.6137,7.425191,0.693847,6.731343,0.599781,0.094066,8.475328
1024100,40.6137,7.425191,0.693847,6.731343,0.599781,0.094066,8.567526
1024200,40.6137,7.425191,0.693847,6.731343,0.599781,0.094066,8.612226
1024300,40.6137,7.425191,0.693847,6.731343,0.599781,0.094066,8.545439
1024400,40.6137,7.425191,0.693847,6.731343,0.599781,0.094066,8.556201
1024500,40.6137,7.425191,0.693847,6.731343,0.599781,0.094066,8.498088
1024600,40.6137,7.425191,0.693847,6.731343,0.599781,0.094066,8.504609
1024700,40.6137,7.425191,0.693847,6.731343,0.599781,0.094066,8.676851
1024800,40.6137,7.425191,0.693847,6.731343,0.599781,0.094066,8.548914
1024900,40.6137,7.425191,0.693847,6.731343,0.599781,0.094066,8.550134
1025000,40.6137,7.425191,0.693847,6.731343,0.599781,0.094066,8.588384
1025100,40.6137,7.425191,0.693847,6.731343,0.599781,0.094066,8.587730
1025200,40.6137,7.425191,0.693847,6.731343,0.599781,0.094066,8.627333
1025300,40.6137,7.425191,0.693847,6.731343,0.599781,0.094066,8.594409
1025400,40.6137,7.425191,0.693847,6.731343,0.599781,0.094066,8.567537
1025500,40.6137,7.425191,0.693847,6.731343,0.599781,0.094066,8.572780
1025600,40.6137,7.425191,0.693847,6.731343,0.599781,0.094066,8.564722
1025700,40.6137,7.425191,0.693847,6.731343,0.599781,0.094066,8.538594
1025800,40.6137,7.425191,0.693847,6.731343,0.599781,0.094066,8.566304
1025900,40.6137,7.425191,0.693847,6.731343,0.599781,0.094066,8.609446
1026000,40.6137,7.425191,0.693847,6.731343,0.599781,0.094066,8.528644
1026100,40.6137,7.425191,0.693847,6.731343,0.599781,0.094066,8.601421
1026200,40.6137,7.425191,0.693847,6.731343,0.599781,0.094066,8.591045
1026300,40.6137,7.425191,0.693847,6.731343,0.599781,0.094066,8.468386
1026400,40.6137,7.425191,0.693847,6.731343,0.599781,0.094066,8.538000
1026500,40.6137,7.425191,0.693847,6.731343,0.599781,0.094066,8.538784
1026600,40.6137,7.425191,0.693847,6.731343,0.599781,0.094066,8.491965
1026700,40.6137,7.425191,0.693847,6.731343,0.599781,0.094066,8.601759
1026800,40.6137,7.425191,0.693847,6.731343,0.599781,0.094066,8.595227
1026900,40.6137,7.425191,0.693847,6.731343,0.599781,0.094066,8.563801
1027000,40.6137,7.425191,0.693847,6.731343,0.599781,0.094066,8.557732
1027100,40.6137,7.425191,0.693847,6.731343,0.599781,0.094066,8.529073
1027200,40.6137,7.425191,0.693847,6.731343,0.599781,0.094066,8.555832
1027300,40.6137,7.425191,0.693847,6.731343,0.599781,0.094066,8.589717
1027400,40.6137,7.425191,0.693847,6.731343,0.599781,0.094066,8.506054
1027500,40.6137,7.425191,0.693847,6.731343,0.599781,0.094066,8.482925
1027600,40.6137,7.425191,0.693847,6.731343,0.599781,0.094066,8.601993
1027700,40.6137,7.425191,0.693847,6.731343,0.599781,0.094066,8.592043
1027800,40.6137,7.425191,0.693847,6.731343,0.599781,0.094066,8.532609
1027900,40.6137,7.425191,0.693847,6.731343,0.599781,0.094066,8.555960
1028000,40.6137,7.425191,0.693847,6.731343,0.599781,0.094066,8.605257
1028100,40.6137,7.425191,0.693847,6.731343,0.599781,0.094066,8.558125
1028200,40.6137,7.425191,0.693847,6.731343,0.599781,0.094066,8.589835
1028300,40.6137,7.425191,0.693847,6.731343,0.599781,0.094066,8.575360
1028400,40.6137,7.425191,0.693847,6.731343,0.599781,0.094066,8.602207
1028500,40.6137,7.425191,0.693847,6.731343,0.599781,0.094066,8.599315
1028600,40.6137,7.425191,0.693847,6.731343,0.599781,0.094066,8.537386
1028700,40.6137,7.425191,0.693847,6.731343,0.599781,0.094066,8.531863
1028800,40.6137,7.425191,0.693847,6.731343,0.599781,0.094066,8.660162
1028900,40.6137,7.425191,0.693847,6.731343,0.599781,0.094066,8.516412
1029000,40.6137,7.425191,0.693847,6.731343,0.599781,0.094066,8.569535
1029100,40.6137,7.425191,0.693847,6.731343,0.599781,0.094066,8.641754
1029200,40.6137,7.425191,0.693847,6.731343,0.599781,0.094066,8.584368
1029300,40.6137,7.425191,0.693847,6.731343,0.599781,0.094066,8.530619
1029400,40.6137,7.425191,0.693847,6.731343,0.599781,0.094066,8.525476
1029500,40.6137,7.425191,0.693847,6.731343,0.599781,0.094066,8.505613
1029600,40.6137,7.425191,0.693847,6.731343,0.599781,0.094066,8.597760
1029700,40.6137,7.425191,0.693847,6.731343,0.599781,0.094066,8.566560
1029800,40.6137,7.425191,0.693847,6.731343,0.599781,0.094066,8.468386
1029900,40.6137,7.425191,0.693847,6.731343,0.599781,0.094066,8.614640
1030000,40.6137,7.425191,0.693847,6.731343,0.599781,0.094066,8.576272
1030100,40.6137,7.425191,0.693847,6.731343,0.599781,0.094066,8.527824
1030200,40.6137,7.425191,0.693847,6.731343,0.599781,0.094066,8.556918
1030300,40.6137,7.425191,0.693847,6.731343,0.599781,0.094066,8.494949
1030400,40.6137,7.425191,0.693847,6.731343,0.599781,0.094066,8.468448
1030500,40.6137,7.425191,0.693847,6.731343,0.599781,0.094066,8.642599
1030600,40.6137,7.425191,0.693847,6.731343,0.599781,0.094066,8.555948
1030700,40.6137,7.425191,0.693847,6.731343,0.599781,0.094066,8.584347
1030800,40.6137,7.425191,0.693847,6.731343,0.599781,0.094066,8.614671
1030900,40.6137,7.425191,0.693847,6.731343,0.599781,0.094066,8.544170
1031000,40.6137,7.425191,0.693847,6.731343,0.599781,0.094066,8.534187
1031100,40.6137,7.425191,0.693847,6.731343,0.599781,0.094066,8.607989
1031200,40.6137,7.425191,0.693847,6.731343,0.599781,0.094066,8.542788
1031300,40.6137,7.425191,0.693847,6.731343,0.599781,0.094066,8.565825
1031400,40.6137,7.425191,0.693847,6.731343,0.599781,0.094066,8.575892
1031500,40.6137,7.425191,0.693847,6.731343,0.599781,0.094066,8.524363
1031600,40.6137,7.425191,0.693847,6.731343,0.599781,0.094066,8.579962
1031700,40.6137,7.425191,0.693847,6.731343,0.599781,0.094066,8.606922
1031800,40.6137,7.425191,0.693847,6.731343,0.599781,0.094066,8.534705
1031900,40.6137,7.425191,0.693847,6.731343,0.599781,0.094066,8.571525
1032000,40.6137,7.425191,0.693847,6.731343,0.599781,0.094066,8.580965
1032100,40.6137,7.425191,0.693847,6.731343,0.599781,0.094066,8.551182
1032200,40.6137,7.425191,0.693847,6.731343,0.599781,0.094066,8.607492
1032300,40.6137,7.425191,0.693847,6.731343,0.599781,0.094066,8.496931
1032400,40.6137,7.425191,0.693847,6.731343,0.599781,0.094066,8.498461
1032500,40.6137,7.425191,0.693847,6.731343,0.599781,0.094066,8.607169
1032600,40.6137,7.425191,0.693847,6.731343,0.599781,0.094066,8.475328
1032700,40.6137,7.425191,0.693847,6.731343,0.599781,0.094066,8.511787
1032800,40.6137,7.425191,0.693847,6.731343,0.599781,0.094066,8.596390
1032900,40.6137,7.425191,0.693847,6.731343,0.599781,0.094066,8.516412
1033000,40.6137,7.425191,0.693847,6.731343,0.599781,0.094066,8.609298
1033100,40.6137,7.425191,0.693847,6.731343,0.599781,0.094066,8.486680
1033200,40.6137,7.425191,0.693847,6.731343,0.599781,0.094066,8.468448
1033300,40.6137,7.425191,0.693847,6.731343,0.599781,0.094066,8.581930
1033400,40.6137,7.425191,0.693847,6.731343,0.599781,0.094066,8.635289
1033500,40.6137,7.425191,0.693847,6.731343,0.599781,0.094066,8.621033
1033600,40.6137,7.425191,0.693847,6.731343,0.599781,0.094066,8.596309
1033700,40.6137,7.425191,0.693847,6.731343,0.599781,0.094066,8.515085
1033800,40.6137,7.425191,0.693847,6.731343,0.599781,0.094066,8.532670
1033900,40.6137,7.425191,0.693847,6.731343,0.599781,0.094066,8.650640
1034000,40.6137,7.425191,0.693847,6.731343,0.599781,0.094066,8.527684
1034100,40.6137,7.425191,0.693847,6.731343,0.599781,0.094066,8.584823
1034200,40.6137,7.425191,0.693847,6.731343,0.599781,0.094066,8.632370
1034300,40.6137,7.425191,0.693847,6.731343,0.599781,0.094066,8.601010
1034400,40.6137,7.425191,0.693847,6.731343,0.599781,0.094066,8.523278
1034500,40.6137,7.425191,0.693847,6.731343,0.599781,0.094066,8.587766
1034600,40.6137,7.425191,0.693847,6.731343,0.599781,0.094066,8.592676
1034700,40.6137,7.425191,0.693847,6.731343,0.599781,0.094066,8.542946
1034800,40.6137,7.425191,0.693847,6.731343,0.599781,0.094066,8.569647
1034900,40.6137,7.425191,0.693847,6.731343,0.599781,0.094066,8.568073
1035000,40.6137,7.425191,0.693847,6.731343,0.599781,0.094066,8.562071
1035100,40.6137,7.425191,0.693847,6.731343,0.599781,0.094066,8.602987
1035200,40.6137,7.425191,0.693847,6.731343,0.599781,0.094066,8.523465
1035300,40.6137,7.425191,0.693847,6.731343,0.599781,0.094066,8.491049
1035400,40.6137,7.425191,0.693847,6.731343,0.599781,0.094066,8.605116
1035500,40.6137,7.425191,0.693847,6.731343,0.599781,0.094066,8.583624
1035600,40.6137,7.425191,0.693847,6.731343,0.599781,0.094066,8.521358
1035700,40.6137,7.425191,0.693847,6.731343,0.599781,0.094066,8.578281
1035800,40.6137,7.425191,0.693847,6.731343,0.599781,0.094066,8.536740
1035900,40.6137,7.425191,0.693847,6.731343,0.599781,0.094066,8.627169
1036000,40.6137,7.425191,0.693847,6.731343,0.599781,0.094066,8.577320
1036100,40.6137,7.425191,0.693847,6.731343,0.599781,0.094066,8.468386
1036200,40.6137,7.425191,0.693847,6.731343,0.599781,0.094066,8.533882
1036300,40.6137,7.425191,0.693847,6.731343,0.599781,0.094066,8.605269
1036400,40.6137,7.425191,0.693847,6.731343,0.599781,0.094066,8.527684
1036500,40.6137,7.425191,0.693847,6.731343,0.599781,0.094066,8.583215
1036600,40.6137,7.425191,0.693847,6.731343,0.599781,0.094066,8.550872
1036700,40.6137,7.425191,0.693847,6.731343,0.599781,0.094066,8.532609
1036800,40.6137,7.425191,0.693847,6.731343,0.599781,0.094066,8.615268
1036900,40.6137,7.425191,0.693847,6.731343,0.599781,0.094066,8.528830
1037000,40.6137,7.425191,0.693847,6.731343,0.599781,0.094066,8.576325
1037100,40.6137,7.425191,0.693847,6.731343,0.599781,0.094066,8.579910
1037200,40.6137,7.425191,0.693847,6.731343,0.599781,0.094066,8.591142
1037300,40.6137,7.425191,0.693847,6.731343,0.599781,0.094066,8.537505
1037400,40.6137,7.425191,0.693847,6.731343,0.599781,0.094066,8.574686
1037500,40.6137,7.425191,0.693847,6.731343,0.599781,0.094066,8.574406
1037600,40.6137,7.425191,0.693847,6.731343,0.599781,0.094066,8.569890
1037700,40.6137,7.425191,0.693847,6.731343,0.599781,0.094066,8.573121
1037800,40.6137,7.425191,0.693847,6.731343,0.599781,0.094066,8.496666
1037900,40.6137,7.425191,0.693847,6.731343,0.599781,0.094066,8.542613
1038000,40.6137,7.425191,0.693847,6.731343,0.599781,0.094066,8.618174
1038100,40.6137,7.425191,0.693847,6.731343,0.599781,0.094066,8.504966
1038200,40.6137,7.425191,0.693847,6.731343,0.599781,0.094066,8.505424
1038300,40.6137,7.425191,0.693847,6.731343,0.599781,0.094066,8.558176
1038400,40.6137,7.425191,0.693847,6.731343,0.599781,0.094066,8.547377
1038500,40.6137,7.425191,0.693847,6.731343,0.599781,0.094066,8.545086
1038600,40.6137,7.425191,0.693847,6.731343,0.599781,0.094066,8.539194
1038700,40.6137,7.425191,0.693847,6.731343,0.599781,0.094066,8.526041
1038800,40.6137,7.425191,0.693847,6.731343,0.599781,0.094066,8.755891
1038900,40.6137,7.425191,0.693847,6.731343,0.599781,0.094066,8.542712
1039000,40.6137,7.425191,0.693847,6.731343,0.599781,0.094066,8.541629
1039100,40.6137,7.425191,0.693847,6.731343,0.599781,0.094066,8.559098
1039200,40.6137,7.425191,0.693847,6.731343,0.599781,0.094066,8.534447
1039300,40.6137,7.425191,0.693847,6.731343,0.599781,0.094066,8.605177
1039400,40.6137,7.425191,0.693847,6.731343,0.599781,0.094066,8.623384
1039500,40.6137,7.425191,0.693847,6.731343,0.599781,0.094066,8.628978
1039600,40.6137,7.425191,0.693847,6.731343,0.599781,0.094066,8.596309
1039700,40.6137,7.425191,0.693847,6.731343,0.599781,0.094066,8.551156
1039800,40.6137,7.425191,0.693847,6.731343,0.599781,0.094066,8.853441
1039900,40.6137,7.425191,0.693847,6.731343,0.599781,0.094066,8.639829
1040000,40.6137,7.425191,0.693847,6.731343,0.599781,0.094066,8.654310
1040100,40.6137,7.425191,0.693847,6.731343,0.599781,0.094066,8.592699
1040200,40.6137,7.425191,0.693847,6.731343,0.599781,0.094066,8.599860
1040300,40.6137,7.425191,0.693847,6.731343,0.599781,0.094066,8.700613
1040400,40.6137,7.425191,0.693847,6.731343,0.599781,0.094066,8.865609
1040500,40.6137,7.425191,0.693847,6.731343,0.599781,0.094066,8.887833
1040600,40.6137,7.425191,0.693847,6.731343,0.599781,0.094066,8.851706
1040700,40.6137,7.425191,0.693847,6.731343,0.599781,0.094066,8.787535
1040800,40.6137,7.425191,0.693847,6.731343,0.599781,0.094066,8.784187
1040900,40.6137,7.425191,0.693847,6.731343,0.599781,0.094066,8.807081
1041000,40.6137,7.425191,0.693847,6.731343,0.599781,0.094066,8.779479
1041100,40.6137,7.425191,0.693847,6.731343,0.599781,0.094066,8.765791
1041200,40.6137,7.425191,0.693847,6.731343,0.599781,0.094066,8.796360
1041300,40.6137,7.425191,0.693847,6.731343,0.599781,0.094066,8.795851
1041400,40.6137,7.425191,0.693847,6.731343,0.599781,0.094066,8.779820
1041500,40.6137,7.425191,0.693847,6.731343,0.599781,0.094066,8.836371
1041600,40.6137,7.425191,0.693847,6.731343,0.599781,0.094066,8.779388
1041700,40.6137,7.425191,0.693847,6.731343,0.599781,0.094066,8.803323
1041800,40.6137,7.425191,0.693847,6.731343,0.599781,0.094066,8.807741
1041900,40.6137,7.425191,0.693847,6.731343,0.599781,0.094066,8.765466
1042000,40.6137,7.425191,0.693847,6.731343,0.599781,0.094066,8.813300
1042100,40.6137,7.425191,0.693847,6.731343,0.599781,0.094066,8.771946
1042200,40.6137,7.425191,0.693847,6.731343,0.599781,0.094066,8.783860
1042300,40.6137,7.425191,0.693847,6.731343,0.599781,0.094066,8.807684
1042400,40.6137,7.425191,0.693847,6.731343,0.599781,0.094066,8.751178
1042500,40.6137,7.425191,0.693847,6.731343,0.599781,0.094066,8.810579
1042600,40.6137,7.425191,0.693847,6.731343,0.599781,0.094066,8.818239
1042700,40.6137,7.425191,0.693847,6.731343,0.599781,0.094066,8.776594
1042800,40.6137,7.425191,0.693847,6.731343,0.599781,0.094066,8.788216
1042900,40.6137,7.425191,0.693847,6.731343,0.599781,0.094066,8.811440
1043000,40.6137,7.425191,0.693847,6.731343,0.599781,0.094066,8.770799
1043100,40.6137,7.425191,0.693847,6.731343,0.599781,0.094066,8.790802
1043200,40.6137,7.425191,0.693847,6.731343,0.599781,0.094066,8.805523
1043300,40.6137,7.425191,0.693847,6.731343,0.599781,0.094066,8.773841
1043400,40.6137,7.425191,0.693847,6.731343,0.599781,0.094066,8.832553
1043500,40.6137,7.425191,0.693847,6.731343,0.599781,0.094066,8.848286
1043600,40.6137,7.425191,0.693847,6.731343,0.599781,0.094066,8.855456
1043700,40.6137,7.425191,0.693847,6.731343,0.599781,0.094066,8.853681
1043800,40.6137,7.425191,0.693847,6.731343,0.599781,0.094066,8.751178
1043900,40.6137,7.425191,0.693847,6.731343,0.599781,0.094066,8.783922
1044000,40.6137,7.425191,0.693847,6.731343,0.599781,0.094066,8.807236
1044100,40.6137,7.425191,0.693847,6.731343,0.599781,0.094066,8.789861
1044200,40.6137,7.425191,0.693847,6.731343,0.599781,0.094066,8.810518
1044300,40.6137,7.425191,0.693847,6.731343,0.599781,0.094066,8.793074
1044400,40.6137,7.425191,0.693847,6.731343,0.599781,0.094066,8.826270
1044500,40.6137,7.425191,0.693847,6.731343,0.599781,0.094066,8.826918
1044600,40.6137,7.425191,0.693847,6.731343,0.599781,0.094066,8.756973
1044700,40.6137,7.425191,0.693847,6.731343,0.599781,0.094066,8.751239
1044800,40.6137,7.425191,0.693847,6.731343,0.599781,0.094066,8.852068
1044900,40.6137,7.425191,0.693847,6.731343,0.599781,0.094066,8.777712
1045000,40.6137,7.425191,0.693847,6.731343,0.599781,0.094066,8.791387
1045100,40.6137,7.425191,0.693847,6.731343,0.599781,0.094066,8.871578
1045200,40.6137,7.425191,0.693847,6.731343,0.599781,0.094066,8.848804
1045300,40.6137,7.425191,0.693847,6.731343,0.599781,0.094066,8.761002
1045400,40.6137,7.425191,0.693847,6.731343,0.599781,0.094066,8.784249
1045500,40.6137,7.425191,0.693847,6.731343,0.599781,0.094066,8.779327
1045600,40.6137,7.425191,0.693847,6.731343,0.599781,0.094066,8.850502
1045700,40.6137,7.425191,0.693847,6.731343,0.599781,0.094066,8.837789
1045800,40.6137,7.425191,0.693847,6.731343,0.599781,0.094066,8.867186
1045900,40.6137,7.425191,0.693847,6.731343,0.599781,0.094066,8.829928
1046000,40.6137,7.425191,0.693847,6.731343,0.599781,0.094066,8.764096
1046100,40.6137,7.425191,0.693847,6.731343,0.599781,0.094066,8.802597
1046200,40.6137,7.425191,0.693847,6.731343,0.599781,0.094066,8.881352
1046300,40.6137,7.425191,0.693847,6.731343,0.599781,0.094066,8.842167
1046400,40.6137,7.425191,0.693847,6.731343,0.599781,0.094066,8.751178
1046500,40.6137,7.425191,0.693847,6.731343,0.599781,0.094066,8.805279
1046600,40.6137,7.425191,0.693847,6.731343,0.599781,0.094066,8.793779
1046700,40.6137,7.425191,0.693847,6.731343,0.599781,0.094066,8.766776
1046800,40.6137,7.425191,0.693847,6.731343,0.599781,0.094066,8.834156
1046900,40.6137,7.425191,0.693847,6.731343,0.599781,0.094066,8.765033
1047000,40.6137,7.425191,0.693847,6.731343,0.599781,0.094066,8.761002
1047100,40.6137,7.425191,0.693847,6.731343,0.599781,0.094066,8.865694
1047200,40.6137,7.425191,0.693847,6.731343,0.599781,0.094066,8.776594
1047300,40.6137,7.425191,0.693847,6.731343,0.599781,0.094066,8.778304
1047400,40.6137,7.425191,0.693847,6.731343,0.599781,0.094066,8.803951
1047500,40.6137,7.425191,0.693847,6.731343,0.599781,0.094066,8.756973
1047600,40.6137,7.425191,0.693847,6.731343,0.599781,0.094066,8.803395
1047700,40.6137,7.425191,0.693847,6.731343,0.599781,0.094066,8.803720
1047800,40.6137,7.425191,0.693847,6.731343,0.599781,0.094066,8.751178
1047900,40.6137,7.425191,0.693847,6.731343,0.599781,0.094066,8.810879
1048000,40.6137,7.425191,0.693847,6.731343,0.599781,0.094066,8.783507
1048100,40.6137,7.425191,0.693847,6.731343,0.599781,0.094066,8.751178
1048200,40.6137,7.425191,0.693847,6.731343,0.599781,0.094066,8.790864
1048300,40.6137,7.425191,0.693847,6.731343,0.599781,0.094066,8.838978
1048400,40.6137,7.425191,0.693847,6.731343,0.599781,0.094066,8.766776
1048500,40.6137,7.425191,0.693847,6.731343,0.599781,0.094066,8.800312
1048600,40.6137,7.425191,0.693847,6.731343,0.599781,0.094066,8.825504
1048700,40.6137,7.425191,0.693847,6.731343,0.599781,0.094066,8.855098
1048800,40.6137,7.425191,0.693847,6.731343,0.599781,0.094066,8.849882
1048900,40.6137,7.425191,0.693847,6.731343,0.599781,0.094066,8.756973
1049000,40.6137,7.425191,0.693847,6.731343,0.599781,0.094066,8.782511
1049100,40.6137,7.425191,0.693847,6.731343,0.599781,0.094066,8.868075
1049200,40.6137,7.425191,0.693847,6.731343,0.599781,0.094066,8.795675
1049300,40.6137,7.425191,0.693847,6.731343,0.599781,0.094066,8.751178
1049400,40.6137,7.425191,0.693847,6.731343,0.599781,0.094066,8.790864
1049500,40.6137,7.425191,0.693847,6.731343,0.599781,0.094066,8.812444
1049600,40.6137,7.425191,0.693847,6.731343,0.599781,0.094066,8.800375
1049700,40.6137,7.425191,0.693847,6.731343,0.599781,0.094066,8.793650
1049800,40.6137,7.425191,0.693847,6.731343,0.599781,0.094066,8.821043
1049900,40.6137,7.425191,0.693847,6.731343,0.599781,0.094066,8.766642
1050000,40.6137,7.425191,0.693847,6.731343,0.599781,0.094066,8.781837
1050100,40.6137,7.425191,0.693847,6.731343,0.599781,0.094066,8.803409
1050200,40.6137,7.425191,0.693847,6.731343,0.599781,0.094066,8.783860
1050300,40.6137,7.425191,0.693847,6.731343,0.599781,0.094066,8.781150
1050400,40.6137,7.425191,0.693847,6.731343,0.599781,0.094066,8.777712
1050500,40.6137,7.425191,0.693847,6.731343,0.599781,0.094066,8.810518
1050600,40.6137,7.425191,0.693847,6.731343,0.599781,0.094066,8.757034
1050700,40.6137,7.425191,0.693847,6.731343,0.599781,0.094066,8.838978
1050800,40.6137,7.425191,0.693847,6.731343,0.599781,0.094066,8.788216
1050900,40.6137,7.425191,0.693847,6.731343,0.599781,0.094066,8.771450
1051000,40.6137,7.425191,0.693847,6.731343,0.599781,0.094066,8.825290
1051100,40.6137,7.425191,0.693847,6.731343,0.599781,0.094066,8.852107
1051200,40.6137,7.425191,0.693847,6.731343,0.599781,0.094066,8.751178
1051300,40.6137,7.425191,0.693847,6.731343,0.599781,0.094066,8.773902
1051400,40.6137,7.425191,0.693847,6.731343,0.599781,0.094066,8.854916
1051500,40.6137,7.425191,0.693847,6.731343,0.599781,0.094066,8.820152
1051600,40.6137,7.425191,0.693847,6.731343,0.599781,0.094066,8.867033
1051700,40.6137,7.425191,0.693847,6.731343,0.599781,0.094066,8.864916
1051800,40.6137,7.425191,0.693847,6.731343,0.599781,0.094066,8.751178
1051900,40.6137,7.425191,0.693847,6.731343,0.599781,0.094066,8.798124
1052000,40.6137,7.425191,0.693847,6.731343,0.599781,0.094066,8.846544
1052100,40.6137,7.425191,0.693847,6.731343,0.599781,0.094066,8.851706
1052200,40.6137,7.425191,0.693847,6.731343,0.599781,0.094066,8.850821
1052300,40.6137,7.425191,0.693847,6.731343,0.599781,0.094066,8.764096
1052400,40.6137,7.425191,0.693847,6.731343,0.599781,0.094066,8.805645
1052500,40.6137,7.425191,0.693847,6.731343,0.599781,0.094066,8.807837
1052600,40.6137,7.425191,0.693847,6.731343,0.599781,0.094066,8.756973
1052700,40.6137,7.425191,0.693847,6.731343,0.599781,0.094066,8.805523
1052800,40.6137,7.425191,0.693847,6.731343,0.599781,0.094066,8.790802
1052900,40.6137,7.425191,0.693847,6.731343,0.599781,0.094066,8.773061
1053000,40.6137,7.425191,0.693847,6.731343,0.599781,0.094066,8.853091
1053100,40.6137,7.425191,0.693847,6.731343,0.599781,0.094066,8.799623
1053200,40.6137,7.425191,0.693847,6.731343,0.599781,0.094066,8.768489
1053300,40.6137,7.425191,0.693847,6.731343,0.599781,0.094066,8.803816
1053400,40.6137,7.425191,0.693847,6.731343,0.599781,0.094066,8.784187
1053500,40.6137,7.425191,0.693847,6.731343,0.599781,0.094066,8.780368
1053600,40.6137,7.425191,0.693847,6.731343,0.599781,0.094066,8.796410
1053700,40.6137,7.425191,0.693847,6.731343,0.599781,0.094066,8.763677
1053800,40.6137,7.425191,0.693847,6.731343,0.599781,0.094066,8.800558
1053900,40.6137,7.425191,0.693847,6.731343,0.599781,0.094066,8.803395
1054000,40.6137,7.425191,0.693847,6.731343,0.599781,0.094066,8.764157
1054100,40.6137,7.425191,0.693847,6.731343,0.599781,0.094066,8.783868
1054200,40.6137,7.425191,0.693847,6.731343,0.599781,0.094066,8.847867
1054300,40.6137,7.425191,0.693847,6.731343,0.599781,0.094066,8.756973
1054400,40.6137,7.425191,0.693847,6.731343,0.599781,0.094066,8.765655
1054500,40.6137,7.425191,0.693847,6.731343,0.599781,0.094066,8.847365
1054600,40.6137,7.425191,0.693847,6.731343,0.599781,0.094066,8.751178
1054700,40.6137,7.425191,0.693847,6.731343,0.599781,0.094066,8.801445
1054800,40.6137,7.425191,0.693847,6.731343,0.599781,0.094066,8.820390
1054900,40.6137,7.425191,0.693847,6.731343,0.599781,0.094066,8.751178
1055000,40.6137,7.425191,0.693847,6.731343,0.599781,0.094066,8.858145
1055100,40.6137,7.425191,0.693847,6.731343,0.599781,0.094066,8.867333
1055200,40.6137,7.425191,0.693847,6.731343,0.599781,0.094066,8.844100
1055300,40.6137,7.425191,0.693847,6.731343,0.599781,0.094066,8.805051
1055400,40.6137,7.425191,0.693847,6.731343,0.599781,0.094066,8.763677
1055500,40.6137,7.425191,0.693847,6.731343,0.599781,0.094066,8.751239
1055600,40.6137,7.425191,0.693847,6.731343,0.599781,0.094066,8.883651
1055700,40.6137,7.425191,0.693847,6.731343,0.599781,0.094066,8.756973
1055800,40.6137,7.425191,0.693847,6.731343,0.599781,0.094066,8.756623
1055900,40.6137,7.425191,0.693847,6.731343,0.599781,0.094066,8.869507
1056000,40.6137,7.425191,0.693847,6.731343,0.599781,0.094066,8.864370
1056100,40.6137,7.425191,0.693847,6.731343,0.599781,0.094066,8.751178
1056200,40.6137,7.425191,0.693847,6.731343,0.599781,0.094066,8.765527
1056300,40.6137,7.425191,0.693847,6.731343,0.599781,0.094066,8.816170
1056400,40.6137,7.425191,0.693847,6.731343,0.599781,0.094066,8.802531
1056500,40.6137,7.425191,0.693847,6.731343,0.599781,0.094066,8.783860
1056600,40.6137,7.425191,0.693847,6.731343,0.599781,0.094066,8.789453
1056700,40.6137,7.425191,0.693847,6.731343,0.599781,0.094066,8.831037
1056800,40.6137,7.425191,0.693847,6.731343,0.599781,0.094066,8.849220
1056900,40.6137,7.425191,0.693847,6.731343,0.599781,0.094066,8.756973
1057000,40.6137,7.425191,0.693847,6.731343,0.599781,0.094066,8.751239
1057100,40.6137,7.425191,0.693847,6.731343,0.599781,0.094066,8.849482
1057200,40.6137,7.425191,0.693847,6.731343,0.599781,0.094066,8.828960
1057300,40.6137,7.425191,0.693847,6.731343,0.599781,0.094066,8.827821
1057400,40.6137,7.425191,0.693847,6.731343,0.599781,0.094066,8.875996
1057500,40.6137,7.425191,0.693847,6.731343,0.599781,0.094066,8.751178
1057600,40.6137,7.425191,0.693847,6.731343,0.599781,0.094066,8.788318
1057700,40.6137,7.425191,0.693847,6.731343,0.599781,0.094066,8.852947
1057800,40.6137,7.425191,0.693847,6.731343,0.599781,0.094066,8.837513
1057900,40.6137,7.425191,0.693847,6.731343,0.599781,0.094066,8.790882
1058000,40.6137,7.425191,0.693847,6.731343,0.599781,0.094066,8.779723
1058100,40.6137,7.425191,0.693847,6.731343,0.599781,0.094066,8.798596
1058200,40.6137,7.425191,0.693847,6.731343,0.599781,0.094066,8.796568
1058300,40.6137,7.425191,0.693847,6.731343,0.599781,0.094066,8.758120
1058400,40.6137,7.425191,0.693847,6.731343,0.599781,0.094066,8.798474
1058500,40.6137,7.425191,0.693847,6.731343,0.599781,0.094066,8.810518
1058600,40.6137,7.425191,0.693847,6.731343,0.599781,0.094066,8.779820
1058700,40.6137,7.425191,0.693847,6.731343,0.599781,0.094066,8.835254
1058800,40.6137,7.425191,0.693847,6.731343,0.599781,0.094066,8.788216
1058900,40.6137,7.425191,0.693847,6.731343,0.599781,0.094066,8.774498
1059000,40.6137,7.425191,0.693847,6.731343,0.599781,0.094066,8.807741
1059100,40.6137,7.425191,0.693847,6.731343,0.599781,0.094066,8.790802
1059200,40.6137,7.425191,0.693847,6.731343,0.599781,0.094066,8.784755
1059300,40.6137,7.425191,0.693847,6.731343,0.599781,0.094066,8.812154
1059400,40.6137,7.425191,0.693847,6.731343,0.599781,0.094066,8.798114
1059500,40.6137,7.425191,0.693847,6.731343,0.599781,0.094066,8.800742
1059600,40.6137,7.425191,0.693847,6.731343,0.599781,0.094066,8.761002
1059700,40.6137,7.425191,0.693847,6.731343,0.599781,0.094066,8.784249
1059800,40.6137,7.425191,0.693847,6.731343,0.599781,0.094066,8.812444
1059900,40.6137,7.425191,0.693847,6.731343,0.599781,0.094066,8.803720
1060000,40.6137,7.425191,0.693847,6.731343,0.599781,0.094066,8.763677
1060100,40.6137,7.425191,0.693847,6.731343,0.599781,0.094066,8.798596
1060200,40.6137,7.425191,0.693847,6.731343,0.599781,0.094066,8.895846
1060300,40.6137,7.425191,0.693847,6.731343,0.599781,0.094066,8.858406
1060400,40.6137,7.425191,0.693847,6.731343,0.599781,0.094066,8.751178
1060500,40.6137,7.425191,0.693847,6.731343,0.599781,0.094066,8.791263
1060600,40.6137,7.425191,0.693847,6.731343,0.599781,0.094066,8.835392
1060700,40.6137,7.425191,0.693847,6.731343,0.599781,0.094066,8.819606
1060800,40.6137,7.425191,0.693847,6.731343,0.599781,0.094066,8.790802
1060900,40.6137,7.425191,0.693847,6.731343,0.599781,0.094066,8.751239
1061000,40.6137,7.425191,0.693847,6.731343,0.599781,0.094066,8.863339
1061100,40.6137,7.425191,0.693847,6.731343,0.599781,0.094066,8.856319
1061200,40.6137,7.425191,0.693847,6.731343,0.599781,0.094066,8.751178
1061300,40.6137,7.425191,0.693847,6.731343,0.599781,0.094066,8.798156
1061400,40.6137,7.425191,0.693847,6.731343,0.599781,0.094066,8.818074
1061500,40.6137,7.425191,0.693847,6.731343,0.599781,0.094066,8.751178
1061600,40.6137,7.425191,0.693847,6.731343,0.599781,0.094066,8.831473
1061700,40.6137,7.425191,0.693847,6.731343,0.599781,0.094066,8.764852
1061800,40.6137,7.425191,0.693847,6.731343,0.599781,0.094066,8.753292
1061900,40.6137,7.425191,0.693847,6.731343,0.599781,0.094066,8.850844
1062000,40.6137,7.425191,0.693847,6.731343,0.599781,0.094066,8.764096
1062100,40.6137,7.425191,0.693847,6.731343,0.599781,0.094066,8.751239
1062200,40.6137,7.425191,0.693847,6.731343,0.599781,0.094066,8.913849
1062300,40.6137,7.425191,0.693847,6.731343,0.599781,0.094066,8.783507
1062400,40.6137,7.425191,0.693847,6.731343,0.599781,0.094066,8.751178
1062500,40.6137,7.425191,0.693847,6.731343,0.599781,0.094066,8.835173
1062600,40.6137,7.425191,0.693847,6.731343,0.599781,0.094066,8.830168
1062700,40.6137,7.425191,0.693847,6.731343,0.599781,0.094066,8.793310
1062800,40.6137,7.425191,0.693847,6.731343,0.599781,0.094066,8.786048
1062900,40.6137,7.425191,0.693847,6.731343,0.599781,0.094066,8.751239
1063000,40.6137,7.425191,0.693847,6.731343,0.599781,0.094066,8.851586
1063100,40.6137,7.425191,0.693847,6.731343,0.599781,0.094066,8.885312
1063200,40.6137,7.425191,0.693847,6.731343,0.599781,0.094066,8.872981
1063300,40.6137,7.425191,0.693847,6.731343,0.599781,0.094066,8.777712
1063400,40.6137,7.425191,0.693847,6.731343,0.599781,0.094066,8.788216
1063500,40.6137,7.425191,0.693847,6.731343,0.599781,0.094066,8.808393
1063600,40.6137,7.425191,0.693847,6.731343,0.599781,0.094066,8.844314
1063700,40.6137,7.425191,0.693847,6.731343,0.599781,0.094066,8.874878
1063800,40.6137,7.425191,0.693847,6.731343,0.599781,0.094066,8.751178
1063900,40.6137,7.425191,0.693847,6.731343,0.599781,0.094066,8.791366
1064000,40.6137,7.425191,0.693847,6.731343,0.599781,0.094066,8.850213
1064100,40.6137,7.425191,0.693847,6.731343,0.599781,0.094066,8.751178
1064200,40.6137,7.425191,0.693847,6.731343,0.599781,0.094066,8.799044
1064300,40.6137,7.425191,0.693847,6.731343,0.599781,0.094066,8.800490
1064400,40.6137,7.425191,0.693847,6.731343,0.599781,0.094066,8.751178
1064500,40.6137,7.425191,0.693847,6.731343,0.599781,0.094066,8.865550
1064600,40.6137,7.425191,0.693847,6.731343,0.599781,0.094066,8.783536
1064700,40.6137,7.425191,0.693847,6.731343,0.599781,0.094066,8.751178
1064800,40.6137,7.425191,0.693847,6.731343,0.599781,0.094066,8.857936
1064900,40.6137,7.425191,0.693847,6.731343,0.599781,0.094066,8.769681
1065000,40.6137,7.425191,0.693847,6.731343,0.599781,0.094066,8.751178
1065100,40.6137,7.425191,0.693847,6.731343,0.599781,0.094066,8.835512
1065200,40.6137,7.425191,0.693847,6.731343,0.599781,0.094066,8.756973
1065300,40.6137,7.425191,0.693847,6.731343,0.599781,0.094066,8.772878
1065400,40.6137,7.425191,0.693847,6.731343,0.599781,0.094066,8.818483
1065500,40.6137,7.425191,0.693847,6.731343,0.599781,0.094066,8.751178
1065600,40.6137,7.425191,0.693847,6.731343,0.599781,0.094066,8.773902
1065700,40.6137,7.425191,0.693847,6.731343,0.599781,0.094066,8.880332
1065800,40.6137,7.425191,0.693847,6.731343,0.599781,0.094066,8.751178
1065900,40.6137,7.425191,0.693847,6.731343,0.599781,0.094066,8.770628
1066000,40.6137,7.425191,0.693847,6.731343,0.599781,0.094066,8.859075
1066100,40.6137,7.425191,0.693847,6.731343,0.599781,0.094066,8.815649
1066200,40.6137,7.425191,0.693847,6.731343,0.599781,0.094066,8.869054
1066300,40.6137,7.425191,0.693847,6.731343,0.599781,0.094066,8.758120
1066400,40.6137,7.425191,0.693847,6.731343,0.599781,0.094066,8.765655
1066500,40.6137,7.425191,0.693847,6.731343,0.599781,0.094066,8.881968
1066600,40.6137,7.425191,0.693847,6.731343,0.599781,0.094066,8.764096
1066700,40.6137,7.425191,0.693847,6.731343,0.599781,0.094066,8.784755
1066800,40.6137,7.425191,0.693847,6.731343,0.599781,0.094066,8.808983
1066900,40.6137,7.425191,0.693847,6.731343,0.599781,0.094066,8.756973
1067000,40.6137,7.425191,0.693847,6.731343,0.599781,0.094066,8.800742
1067100,40.6137,7.425191,0.693847,6.731343,0.599781,0.094066,8.790802
1067200,40.6137,7.425191,0.693847,6.731343,0.599781,0.094066,8.751239
1067300,40.6137,7.425191,0.693847,6.731343,0.599781,0.094066,8.829134
1067400,40.6137,7.425191,0.693847,6.731343,0.599781,0.094066,8.838301
1067500,40.6137,7.425191,0.693847,6.731343,0.599781,0.094066,8.810689
1067600,40.6137,7.425191,0.693847,6.731343,0.599781,0.094066,8.866949
1067700,40.6137,7.425191,0.693847,6.731343,0.599781,0.094066,8.850109
1067800,40.6137,7.425191,0.693847,6.731343,0.599781,0.094066,8.777712
1067900,40.6137,7.425191,0.693847,6.731343,0.599781,0.094066,8.788216
1068000,40.6137,7.425191,0.693847,6.731343,0.599781,0.094066,8.757034
1068100,40.6137,7.425191,0.693847,6.731343,0.599781,0.094066,8.838978
1068200,40.6137,7.425191,0.693847,6.731343,0.599781,0.094066,8.790802
1068300,40.6137,7.425191,0.693847,6.731343,0.599781,0.094066,8.765655
1068400,40.6137,7.425191,0.693847,6.731343,0.599781,0.094066,8.862051
1068500,40.6137,7.425191,0.693847,6.731343,0.599781,0.094066,8.874409
1068600,40.6137,7.425191,0.693847,6.731343,0.599781,0.094066,8.810475
1068700,40.6137,7.425191,0.693847,6.731343,0.599781,0.094066,8.806719
1068800,40.6137,7.425191,0.693847,6.731343,0.599781,0.094066,8.805321
1068900,40.6137,7.425191,0.693847,6.731343,0.599781,0.094066,8.784896
1069000,40.6137,7.425191,0.693847,6.731343,0.599781,0.094066,8.783374
1069100,40.6137,7.425191,0.693847,6.731343,0.599781,0.094066,8.836218
1069200,40.6137,7.425191,0.693847,6.731343,0.599781,0.094066,8.844863
1069300,40.6137,7.425191,0.693847,6.731343,0.599781,0.094066,8.855005
1069400,40.6137,7.425191,0.693847,6.731343,0.599781,0.094066,8.797405
1069500,40.6137,7.425191,0.693847,6.731343,0.599781,0.094066,8.752117
1069600,40.6137,7.425191,0.693847,6.731343,0.599781,0.094066,8.851830
1069700,40.6137,7.425191,0.693847,6.731343,0.599781,0.094066,8.859083
1069800,40.6137,7.425191,0.693847,6.731343,0.599781,0.094066,8.790858
1069900,40.6137,7.425191,0.693847,6.731343,0.599781,0.094066,8.808403
1070000,40.6137,7.425191,0.693847,6.731343,0.599781,0.094066,8.804104
1070100,40.6137,7.425191,0.693847,6.731343,0.599781,0.094066,8.778135
1070200,40.6137,7.425191,0.693847,6.731343,0.599781,0.094066,8.794011
1070300,40.6137,7.425191,0.693847,6.731343,0.599781,0.094066,8.805523
1070400,40.6137,7.425191,0.693847,6.731343,0.599781,0.094066,8.755531
1070500,40.6137,7.425191,0.693847,6.731343,0.599781,0.094066,8.789497
1070600,40.6137,7.425191,0.693847,6.731343,0.599781,0.094066,8.829820
1070700,40.6137,7.425191,0.693847,6.731343,0.599781,0.094066,8.809226
1070800,40.6137,7.425191,0.693847,6.731343,0.599781,0.094066,8.785738
1070900,40.6137,7.425191,0.693847,6.731343,0.599781,0.094066,8.821279
1071000,40.6137,7.425191,0.693847,6.731343,0.599781,0.094066,8.774318
1071100,40.6137,7.425191,0.693847,6.731343,0.599781,0.094066,8.777435
1071200,40.6137,7.425191,0.693847,6.731343,0.599781,0.094066,8.798959
1071300,40.6137,7.425191,0.693847,6.731343,0.599781,0.094066,8.789627
1071400,40.6137,7.425191,0.693847,6.731343,0.599781,0.094066,8.801917
1071500,40.6137,7.425191,0.693847,6.731343,0.599781,0.094066,8.753292
1071600,40.6137,7.425191,0.693847,6.731343,0.599781,0.094066,8.808465
1071700,40.6137,7.425191,0.693847,6.731343,0.599781,0.094066,8.785122
1071800,40.6137,7.425191,0.693847,6.731343,0.599781,0.094066,8.810829
1071900,40.6137,7.425191,0.693847,6.731343,0.599781,0.094066,8.794011
1072000,40.6137,7.425191,0.693847,6.731343,0.599781,0.094066,8.765655
1072100,40.6137,7.425191,0.693847,6.731343,0.599781,0.094066,8.812094
1072200,40.6137,7.425191,0.693847,6.731343,0.599781,0.094066,8.786449
1072300,40.6137,7.425191,0.693847,6.731343,0.599781,0.094066,8.784755
1072400,40.6137,7.425191,0.693847,6.731343,0.599781,0.094066,8.816619
1072500,40.6137,7.425191,0.693847,6.731343,0.599781,0.094066,8.793650
1072600,40.6137,7.425191,0.693847,6.731343,0.599781,0.094066,8.851194
1072700,40.6137,7.425191,0.693847,6.731343,0.599781,0.094066,8.796251
1072800,40.6137,7.425191,0.693847,6.731343,0.599781,0.094066,8.779723
1072900,40.6137,7.425191,0.693847,6.731343,0.599781,0.094066,8.795548
1073000,40.6137,7.425191,0.693847,6.731343,0.599781,0.094066,8.862851
1073100,40.6137,7.425191,0.693847,6.731343,0.599781,0.094066,8.784654
1073200,40.6137,7.425191,0.693847,6.731343,0.599781,0.094066,8.751178
1073300,40.6137,7.425191,0.693847,6.731343,0.599781,0.094066,8.810579
1073400,40.6137,7.425191,0.693847,6.731343,0.599781,0.094066,8.844773
1073500,40.6137,7.425191,0.693847,6.731343,0.599781,0.094066,8.751178
1073600,40.6137,7.425191,0.693847,6.731343,0.599781,0.094066,8.795357
1073700,40.6137,7.425191,0.693847,6.731343,0.599781,0.094066,8.832865
1073800,40.6137,7.425191,0.693847,6.731343,0.599781,0.094066,8.818039
1073900,40.6137,7.425191,0.693847,6.731343,0.599781,0.094066,8.790802
1074000,40.6137,7.425191,0.693847,6.731343,0.599781,0.094066,8.751239
1074100,40.6137,7.425191,0.693847,6.731343,0.599781,0.094066,8.822957
1074200,40.6137,7.425191,0.693847,6.731343,0.599781,0.094066,8.832333
1074300,40.6137,7.425191,0.693847,6.731343,0.599781,0.094066,8.751178
1074400,40.6137,7.425191,0.693847,6.731343,0.599781,0.094066,8.808616
1074500,40.6137,7.425191,0.693847,6.731343,0.599781,0.094066,8.868913
1074600,40.6137,7.425191,0.693847,6.731343,0.599781,0.094066,8.789927
1074700,40.6137,7.425191,0.693847,6.731343,0.599781,0.094066,8.783860
1074800,40.6137,7.425191,0.693847,6.731343,0.599781,0.094066,8.758181
1074900,40.6137,7.425191,0.693847,6.731343,0.599781,0.094066,8.812444
1075000,40.6137,7.425191,0.693847,6.731343,0.599781,0.094066,8.837051
1075100,40.6137,7.425191,0.693847,6.731343,0.599781,0.094066,8.756973
1075200,40.6137,7.425191,0.693847,6.731343,0.599781,0.094066,8.810680
1075300,40.6137,7.425191,0.693847,6.731343,0.599781,0.094066,8.874652
1075400,40.6137,7.425191,0.693847,6.731343,0.599781,0.094066,8.842167
1075500,40.6137,7.425191,0.693847,6.731343,0.599781,0.094066,8.751178
1075600,40.6137,7.425191,0.693847,6.731343,0.599781,0.094066,8.805279
1075700,40.6137,7.425191,0.693847,6.731343,0.599781,0.094066,8.839388
1075800,40.6137,7.425191,0.693847,6.731343,0.599781,0.094066,8.889675
1075900,40.6137,7.425191,0.693847,6.731343,0.599781,0.094066,8.789093
1076000,40.6137,7.425191,0.693847,6.731343,0.599781,0.094066,8.751178
1076100,40.6137,7.425191,0.693847,6.731343,0.599781,0.094066,8.798657
1076200,40.6137,7.425191,0.693847,6.731343,0.599781,0.094066,8.823907
1076300,40.6137,7.425191,0.693847,6.731343,0.599781,0.094066,8.756973
1076400,40.6137,7.425191,0.693847,6.731343,0.599781,0.094066,8.798474
1076500,40.6137,7.425191,0.693847,6.731343,0.599781,0.094066,8.794011
1076600,40.6137,7.425191,0.693847,6.731343,0.599781,0.094066,8.774025
1076700,40.6137,7.425191,0.693847,6.731343,0.599781,0.094066,8.839607
1076800,40.6137,7.425191,0.693847,6.731343,0.599781,0.094066,8.786449
1076900,40.6137,7.425191,0.693847,6.731343,0.599781,0.094066,8.768703
1077000,40.6137,7.425191,0.693847,6.731343,0.599781,0.094066,8.839255
1077100,40.6137,7.425191,0.693847,6.731343,0.599781,0.094066,8.784799
1077200,40.6137,7.425191,0.693847,6.731343,0.599781,0.094066,8.784755
1077300,40.6137,7.425191,0.693847,6.731343,0.599781,0.094066,8.795085
1077400,40.6137,7.425191,0.693847,6.731343,0.599781,0.094066,8.770872
1077500,40.6137,7.425191,0.693847,6.731343,0.599781,0.094066,8.800742
1077600,40.6137,7.425191,0.693847,6.731343,0.599781,0.094066,8.789627
1077700,40.6137,7.425191,0.693847,6.731343,0.599781,0.094066,8.752415
1077800,40.6137,7.425191,0.693847,6.731343,0.599781,0.094066,8.794280
1077900,40.6137,7.425191,0.693847,6.731343,0.599781,0.094066,8.858638
1078000,40.6137,7.425191,0.693847,6.731343,0.599781,0.094066,8.756973
1078100,40.6137,7.425191,0.693847,6.731343,0.599781,0.094066,8.790074
1078200,40.6137,7.425191,0.693847,6.731343,0.599781,0.094066,8.829203
1078300,40.6137,7.425191,0.693847,6.731343,0.599781,0.094066,8.751178
1078400,40.6137,7.425191,0.693847,6.731343,0.599781,0.094066,8.790255
1078500,40.6137,7.425191,0.693847,6.731343,0.599781,0.094066,8.806070
1078600,40.6137,7.425191,0.693847,6.731343,0.599781,0.094066,8.752117
1078700,40.6137,7.425191,0.693847,6.731343,0.599781,0.094066,8.886020
1078800,40.6137,7.425191,0.693847,6.731343,0.599781,0.094066,8.811332
1078900,40.6137,7.425191,0.693847,6.731343,0.599781,0.094066,8.751178
1079000,40.6137,7.425191,0.693847,6.731343,0.599781,0.094066,8.818688
1079100,40.6137,7.425191,0.693847,6.731343,0.599781,0.094066,8.849862
1079200,40.6137,7.425191,0.693847,6.731343,0.599781,0.094066,8.777712
1079300,40.6137,7.425191,0.693847,6.731343,0.599781,0.094066,8.789627
1079400,40.6137,7.425191,0.693847,6.731343,0.599781,0.094066,8.752415
1079500,40.6137,7.425191,0.693847,6.731343,0.599781,0.094066,8.841092
1079600,40.6137,7.425191,0.693847,6.731343,0.599781,0.094066,8.830414
1079700,40.6137,7.425191,0.693847,6.731343,0.599781,0.094066,8.771450
1079800,40.6137,7.425191,0.693847,6.731343,0.599781,0.094066,8.810475
1079900,40.6137,7.425191,0.693847,6.731343,0.599781,0.094066,8.842424
1080000,40.6137,7.425191,0.693847,6.731343,0.599781,0.094066,8.756973
1080100,40.6137,7.425191,0.693847,6.731343,0.599781,0.094066,8.751239
1080200,40.6137,7.425191,0.693847,6.731343,0.599781,0.094066,8.844945
1080300,40.6137,7.425191,0.693847,6.731343,0.599781,0.094066,8.784835
1080400,40.6137,7.425191,0.693847,6.731343,0.599781,0.094066,8.773841
1080500,40.6137,7.425191,0.693847,6.731343,0.599781,0.094066,8.850379
1080600,40.6137,7.425191,0.693847,6.731343,0.599781,0.094066,8.889466
1080700,40.6137,7.425191,0.693847,6.731343,0.599781,0.094066,8.842063
1080800,40.6137,7.425191,0.693847,6.731343,0.599781,0.094066,8.756973
1080900,40.6137,7.425191,0.693847,6.731343,0.599781,0.094066,8.751239
1081000,40.6137,7.425191,0.693847,6.731343,0.599781,0.094066,8.876015
1081100,40.6137,7.425191,0.693847,6.731343,0.599781,0.094066,8.756973
1081200,40.6137,7.425191,0.693847,6.731343,0.599781,0.094066,8.758319
1081300,40.6137,7.425191,0.693847,6.731343,0.599781,0.094066,8.865128
1081400,40.6137,7.425191,0.693847,6.731343,0.599781,0.094066,8.815649
1081500,40.6137,7.425191,0.693847,6.731343,0.599781,0.094066,8.871582
1081600,40.6137,7.425191,0.693847,6.731343,0.599781,0.094066,8.884040
1081700,40.6137,7.425191,0.693847,6.731343,0.599781,0.094066,8.842157
1081800,40.6137,7.425191,0.693847,6.731343,0.599781,0.094066,8.778174
1081900,40.6137,7.425191,0.693847,6.731343,0.599781,0.094066,8.780662
1082000,40.6137,7.425191,0.693847,6.731343,0.599781,0.094066,8.821279
1082100,40.6137,7.425191,0.693847,6.731343,0.599781,0.094066,8.783860
1082200,40.6137,7.425191,0.693847,6.731343,0.599781,0.094066,8.764683
1082300,40.6137,7.425191,0.693847,6.731343,0.599781,0.094066,8.798959
1082400,40.6137,7.425191,0.693847,6.731343,0.599781,0.094066,8.801646
1082500,40.6137,7.425191,0.693847,6.731343,0.599781,0.094066,8.802492
1082600,40.6137,7.425191,0.693847,6.731343,0.599781,0.094066,8.807031
1082700,40.6137,7.425191,0.693847,6.731343,0.599781,0.094066,8.802570
1082800,40.6137,7.425191,0.693847,6.731343,0.599781,0.094066,8.783128
1082900,40.6137,7.425191,0.693847,6.731343,0.599781,0.094066,8.807741
1083000,40.6137,7.425191,0.693847,6.731343,0.599781,0.094066,8.782659
1083100,40.6137,7.425191,0.693847,6.731343,0.599781,0.094066,8.797040
1083200,40.6137,7.425191,0.693847,6.731343,0.599781,0.094066,8.771012
1083300,40.6137,7.425191,0.693847,6.731343,0.599781,0.094066,8.791741
1083400,40.6137,7.425191,0.693847,6.731343,0.599781,0.094066,8.799803
1083500,40.6137,7.425191,0.693847,6.731343,0.599781,0.094066,8.761720
1083600,40.6137,7.425191,0.693847,6.731343,0.599781,0.094066,8.805832
1083700,40.6137,7.425191,0.693847,6.731343,0.599781,0.094066,8.812444
1083800,40.6137,7.425191,0.693847,6.731343,0.599781,0.094066,8.783546
1083900,40.6137,7.425191,0.693847,6.731343,0.599781,0.094066,8.787059
1084000,40.6137,7.425191,0.693847,6.731343,0.599781,0.094066,8.798596
1084100,40.6137,7.425191,0.693847,6.731343,0.599781,0.094066,8.878305
1084200,40.6137,7.425191,0.693847,6.731343,0.599781,0.094066,8.850436
1084300,40.6137,7.425191,0.693847,6.731343,0.599781,0.094066,8.751178
1084400,40.6137,7.425191,0.693847,6.731343,0.599781,0.094066,8.816365
1084500,40.6137,7.425191,0.693847,6.731343,0.599781,0.094066,8.839715
1084600,40.6137,7.425191,0.693847,6.731343,0.599781,0.094066,8.812483
1084700,40.6137,7.425191,0.693847,6.731343,0.599781,0.094066,8.782659
1084800,40.6137,7.425191,0.693847,6.731343,0.599781,0.094066,8.762591
1084900,40.6137,7.425191,0.693847,6.731343,0.599781,0.094066,8.805321
1085000,40.6137,7.425191,0.693847,6.731343,0.599781,0.094066,8.866899
1085100,40.6137,7.425191,0.693847,6.731343,0.599781,0.094066,8.829955
1085200,40.6137,7.425191,0.693847,6.731343,0.599781,0.094066,8.788467
1085300,40.6137,7.425191,0.693847,6.731343,0.599781,0.094066,8.805771
1085400,40.6137,7.425191,0.693847,6.731343,0.599781,0.094066,8.751239
1085500,40.6137,7.425191,0.693847,6.731343,0.599781,0.094066,8.914838
1085600,40.6137,7.425191,0.693847,6.731343,0.599781,0.094066,8.787059
1085700,40.6137,7.425191,0.693847,6.731343,0.599781,0.094066,8.756623
1085800,40.6137,7.425191,0.693847,6.731343,0.599781,0.094066,8.842333
1085900,40.6137,7.425191,0.693847,6.731343,0.599781,0.094066,8.765243
1086000,40.6137,7.425191,0.693847,6.731343,0.599781,0.094066,8.777632
1086100,40.6137,7.425191,0.693847,6.731343,0.599781,0.094066,8.823742
1086200,40.6137,7.425191,0.693847,6.731343,0.599781,0.094066,8.793650
1086300,40.6137,7.425191,0.693847,6.731343,0.599781,0.094066,8.800742
1086400,40.6137,7.425191,0.693847,6.731343,0.599781,0.094066,8.765466
1086500,40.6137,7.425191,0.693847,6.731343,0.599781,0.094066,8.779784
1086600,40.6137,7.425191,0.693847,6.731343,0.599781,0.094066,8.780502
1086700,40.6137,7.425191,0.693847,6.731343,0.599781,0.094066,8.842336
1086800,40.6137,7.425191,0.693847,6.731343,0.599781,0.094066,8.758120
1086900,40.6137,7.425191,0.693847,6.731343,0.599781,0.094066,8.765655
1087000,40.6137,7.425191,0.693847,6.731343,0.599781,0.094066,8.885777
1087100,40.6137,7.425191,0.693847,6.731343,0.599781,0.094066,8.871834
1087200,40.6137,7.425191,0.693847,6.731343,0.599781,0.094066,8.827201
1087300,40.6137,7.425191,0.693847,6.731343,0.599781,0.094066,8.881352
1087400,40.6137,7.425191,0.693847,6.731343,0.599781,0.094066,8.841049
1087500,40.6137,7.425191,0.693847,6.731343,0.599781,0.094066,8.751178
1087600,40.6137,7.425191,0.693847,6.731343,0.599781,0.094066,8.808327
1087700,40.6137,7.425191,0.693847,6.731343,0.599781,0.094066,8.810475
1087800,40.6137,7.425191,0.693847,6.731343,0.599781,0.094066,8.860176
1087900,40.6137,7.425191,0.693847,6.731343,0.599781,0.094066,8.831424
1088000,40.6137,7.425191,0.693847,6.731343,0.599781,0.094066,8.810475
1088100,40.6137,7.425191,0.693847,6.731343,0.599781,0.094066,8.869997
1088200,40.6137,7.425191,0.693847,6.731343,0.599781,0.094066,8.775476
1088300,40.6137,7.425191,0.693847,6.731343,0.599781,0.094066,8.751178
1088400,40.6137,7.425191,0.693847,6.731343,0.599781,0.094066,8.850286
1088500,40.6137,7.425191,0.693847,6.731343,0.599781,0.094066,8.751178
1088600,40.6137,7.425191,0.693847,6.731343,0.599781,0.094066,8.780303
1088700,40.6137,7.425191,0.693847,6.731343,0.599781,0.094066,8.814288
1088800,40.6137,7.425191,0.693847,6.731343,0.599781,0.094066,8.751178
1088900,40.6137,7.425191,0.693847,6.731343,0.599781,0.094066,8.795912
1089000,40.6137,7.425191,0.693847,6.731343,0.599781,0.094066,8.843655
1089100,40.6137,7.425191,0.693847,6.731343,0.599781,0.094066,8.751178
1089200,40.6137,7.425191,0.693847,6.731343,0.599781,0.094066,8.768764
1089300,40.6137,7.425191,0.693847,6.731343,0.599781,0.094066,8.940659
1089400,40.6137,7.425191,0.693847,6.731343,0.599781,0.094066,8.852967
1089500,40.6137,7.425191,0.693847,6.731343,0.599781,0.094066,8.798909
1089600,40.6137,7.425191,0.693847,6.731343,0.599781,0.094066,8.779936
1089700,40.6137,7.425191,0.693847,6.731343,0.599781,0.094066,8.795548
1089800,40.6137,7.425191,0.693847,6.731343,0.599781,0.094066,8.861704
1089900,40.6137,7.425191,0.693847,6.731343,0.599781,0.094066,8.785800
1090000,40.6137,7.425191,0.693847,6.731343,0.599781,0.094066,8.751178
1090100,40.6137,7.425191,0.693847,6.731343,0.599781,0.094066,8.805022
1090200,40.6137,7.425191,0.693847,6.731343,0.599781,0.094066,8.850329
1090300,40.6137,7.425191,0.693847,6.731343,0.599781,0.094066,8.751178
1090400,40.6137,7.425191,0.693847,6.731343,0.599781,0.094066,8.790330
1090500,40.6137,7.425191,0.693847,6.731343,0.599781,0.094066,8.825899
1090600,40.6137,7.425191,0.693847,6.731343,0.599781,0.094066,8.751178
1090700,40.6137,7.425191,0.693847,6.731343,0.599781,0.094066,8.798932
1090800,40.6137,7.425191,0.693847,6.731343,0.599781,0.094066,8.797393
1090900,40.6137,7.425191,0.693847,6.731343,0.599781,0.094066,8.772694
1091000,40.6137,7.425191,0.693847,6.731343,0.599781,0.094066,8.844360
1091100,40.6137,7.425191,0.693847,6.731343,0.599781,0.094066,8.751178
1091200,40.6137,7.425191,0.693847,6.731343,0.599781,0.094066,8.765314
1091300,40.6137,7.425191,0.693847,6.731343,0.599781,0.094066,8.808085
1091400,40.6137,7.425191,0.693847,6.731343,0.599781,0.094066,8.810829
1091500,40.6137,7.425191,0.693847,6.731343,0.599781,0.094066,8.783860
1091600,40.6137,7.425191,0.693847,6.731343,0.599781,0.094066,8.772597
1091700,40.6137,7.425191,0.693847,6.731343,0.599781,0.094066,8.839388
1091800,40.6137,7.425191,0.693847,6.731343,0.599781,0.094066,8.873362
1091900,40.6137,7.425191,0.693847,6.731343,0.599781,0.094066,8.762530
1092000,40.6137,7.425191,0.693847,6.731343,0.599781,0.094066,8.751239
1092100,40.6137,7.425191,0.693847,6.731343,0.599781,0.094066,8.918390
1092200,40.6137,7.425191,0.693847,6.731343,0.599781,0.094066,8.825947
1092300,40.6137,7.425191,0.693847,6.731343,0.599781,0.094066,8.852745
1092400,40.6137,7.425191,0.693847,6.731343,0.599781,0.094066,8.875996
1092500,40.6137,7.425191,0.693847,6.731343,0.599781,0.094066,8.751178
1092600,40.6137,7.425191,0.693847,6.731343,0.599781,0.094066,8.788678
1092700,40.6137,7.425191,0.693847,6.731343,0.599781,0.094066,8.883617
1092800,40.6137,7.425191,0.693847,6.731343,0.599781,0.094066,8.850404
1092900,40.6137,7.425191,0.693847,6.731343,0.599781,0.094066,8.776594
1093000,40.6137,7.425191,0.693847,6.731343,0.599781,0.094066,8.794011
1093100,40.6137,7.425191,0.693847,6.731343,0.599781,0.094066,8.805645
1093200,40.6137,7.425191,0.693847,6.731343,0.599781,0.094066,8.773846
1093300,40.6137,7.425191,0.693847,6.731343,0.599781,0.094066,8.787755
1093400,40.6137,7.425191,0.693847,6.731343,0.599781,0.094066,8.805523
1093500,40.6137,7.425191,0.693847,6.731343,0.599781,0.094066,8.773841
1093600,40.6137,7.425191,0.693847,6.731343,0.599781,0.094066,8.816680
1093700,40.6137,7.425191,0.693847,6.731343,0.599781,0.094066,8.835254
1093800,40.6137,7.425191,0.693847,6.731343,0.599781,0.094066,8.765466
1093900,40.6137,7.425191,0.693847,6.731343,0.599781,0.094066,8.797248
1094000,40.6137,7.425191,0.693847,6.731343,0.599781,0.094066,8.793779
1094100,40.6137,7.425191,0.693847,6.731343,0.599781,0.094066,8.784794
1094200,40.6137,7.425191,0.693847,6.731343,0.599781,0.094066,8.790628
1094300,40.6137,7.425191,0.693847,6.731343,0.599781,0.094066,8.765972
1094400,40.6137,7.425191,0.693847,6.731343,0.599781,0.094066,8.809579
1094500,40.6137,7.425191,0.693847,6.731343,0.599781,0.094066,8.806353
1094600,40.6137,7.425191,0.693847,6.731343,0.599781,0.094066,8.751178
1094700,40.6137,7.425191,0.693847,6.731343,0.599781,0.094066,8.794072
1094800,40.6137,7.425191,0.693847,6.731343,0.599781,0.094066,8.803625
1094900,40.6137,7.425191,0.693847,6.731343,0.599781,0.094066,8.788460
1095000,40.6137,7.425191,0.693847,6.731343,0.599781,0.094066,8.787755
1095100,40.6137,7.425191,0.693847,6.731343,0.599781,0.094066,8.798522
1095200,40.6137,7.425191,0.693847,6.731343,0.599781,0.094066,8.800585
1095300,40.6137,7.425191,0.693847,6.731343,0.599781,0.094066,8.793650
1095400,40.6137,7.425191,0.693847,6.731343,0.599781,0.094066,8.805523
1095500,40.6137,7.425191,0.693847,6.731343,0.599781,0.094066,8.765466
1095600,40.6137,7.425191,0.693847,6.731343,0.599781,0.094066,8.790537
1095700,40.6137,7.425191,0.693847,6.731343,0.599781,0.094066,8.844630
1095800,40.6137,7.425191,0.693847,6.731343,0.599781,0.094066,8.811327
1095900,40.6137,7.425191,0.693847,6.731343,0.599781,0.094066,8.757187
1096000,40.6137,7.425191,0.693847,6.731343,0.599781,0.094066,8.789344
1096100,40.6137,7.425191,0.693847,6.731343,0.599781,0.094066,8.864930
1096200,40.6137,7.425191,0.693847,6.731343,0.599781,0.094066,8.777712
1096300,40.6137,7.425191,0.693847,6.731343,0.599781,0.094066,8.751239
1096400,40.6137,7.425191,0.693847,6.731343,0.599781,0.094066,8.805704
1096500,40.6137,7.425191,0.693847,6.731343,0.599781,0.094066,8.850329
1096600,40.6137,7.425191,0.693847,6.731343,0.599781,0.094066,8.751178
1096700,40.6137,7.425191,0.693847,6.731343,0.599781,0.094066,8.802693
1096800,40.6137,7.425191,0.693847,6.731343,0.599781,0.094066,8.845184
1096900,40.6137,7.425191,0.693847,6.731343,0.599781,0.094066,8.819579
1097000,40.6137,7.425191,0.693847,6.731343,0.599781,0.094066,8.790802
1097100,40.6137,7.425191,0.693847,6.731343,0.599781,0.094066,8.751239
1097200,40.6137,7.425191,0.693847,6.731343,0.599781,0.094066,8.833960
1097300,40.6137,7.425191,0.693847,6.731343,0.599781,0.094066,8.821330
1097400,40.6137,7.425191,0.693847,6.731343,0.599781,0.094066,8.751178
1097500,40.6137,7.425191,0.693847,6.731343,0.599781,0.094066,8.809623
1097600,40.6137,7.425191,0.693847,6.731343,0.599781,0.094066,8.858927
1097700,40.6137,7.425191,0.693847,6.731343,0.599781,0.094066,8.777712
1097800,40.6137,7.425191,0.693847,6.731343,0.599781,0.094066,8.783860
1097900,40.6137,7.425191,0.693847,6.731343,0.599781,0.094066,8.758181
1098000,40.6137,7.425191,0.693847,6.731343,0.599781,0.094066,8.838978
1098100,40.6137,7.425191,0.693847,6.731343,0.599781,0.094066,8.804961
1098200,40.6137,7.425191,0.693847,6.731343,0.599781,0.094066,8.777007
1098300,40.6137,7.425191,0.693847,6.731343,0.599781,0.094066,8.839388
1098400,40.6137,7.425191,0.693847,6.731343,0.599781,0.094066,8.899171
1098500,40.6137,7.425191,0.693847,6.731343,0.599781,0.094066,8.830974
1098600,40.6137,7.425191,0.693847,6.731343,0.599781,0.094066,8.826689
1098700,40.6137,7.425191,0.693847,6.731343,0.599781,0.094066,8.885480
1098800,40.6137,7.425191,0.693847,6.731343,0.599781,0.094066,8.751178
1098900,40.6137,7.425191,0.693847,6.731343,0.599781,0.094066,8.782883
1099000,40.6137,7.425191,0.693847,6.731343,0.599781,0.094066,8.844734
1099100,40.6137,7.425191,0.693847,6.731343,0.599781,0.094066,8.751178
1099200,40.6137,7.425191,0.693847,6.731343,0.599781,0.094066,8.791571
1099300,40.6137,7.425191,0.693847,6.731343,0.599781,0.094066,8.871672
1099400,40.6137,7.425191,0.693847,6.731343,0.599781,0.094066,8.786530
1099500,40.6137,7.425191,0.693847,6.731343,0.599781,0.094066,8.779609
1099600,40.6137,7.425191,0.693847,6.731343,0.599781,0.094066,8.808234
1099700,40.6137,7.425191,0.693847,6.731343,0.599781,0.094066,8.776355
1099800,40.6137,7.425191,0.693847,6.731343,0.599781,0.094066,8.795851
1099900,40.6137,7.425191,0.693847,6.731343,0.599781,0.094066,8.847995
1100000,40.6137,7.425191,0.693847,6.731343,0.599781,0.094066,8.751178
1100100,40.6137,7.425191,0.693847,6.731343,0.599781,0.094066,8.776281
1100200,40.6137,7.425191,0.693847,6.731343,0.599781,0.094066,8.818472
1100300,40.6137,7.425191,0.693847,6.731343,0.599781,0.094066,8.751178
1100400,40.6137,7.425191,0.693847,6.731343,0.599781,0.094066,8.783922
1100500,40.6137,7.425191,0.693847,6.731343,0.599781,0.094066,8.823927
1100600,40.6137,7.425191,0.693847,6.731343,0.599781,0.094066,8.776594
1100700,40.6137,7.425191,0.693847,6.731343,0.599781,0.094066,8.810518
1100800,40.6137,7.425191,0.693847,6.731343,0.599781,0.094066,8.811440
1100900,40.6137,7.425191,0.693847,6.731343,0.599781,0.094066,8.770799
1101000,40.6137,7.425191,0.693847,6.731343,0.599781,0.094066,8.794011
1101100,40.6137,7.425191,0.693847,6.731343,0.599781,0.094066,8.805523
1101200,40.6137,7.425191,0.693847,6.731343,0.599781,0.094066,8.753292
1101300,40.6137,7.425191,0.693847,6.731343,0.599781,0.094066,8.823483
1101400,40.6137,7.425191,0.693847,6.731343,0.599781,0.094066,8.850698
1101500,40.6137,7.425191,0.693847,6.731343,0.599781,0.094066,8.849862
1101600,40.6137,7.425191,0.693847,6.731343,0.599781,0.094066,8.862078
1101700,40.6137,7.425191,0.693847,6.731343,0.599781,0.094066,8.751178
1101800,40.6137,7.425191,0.693847,6.731343,0.599781,0.094066,8.765527
1101900,40.6137,7.425191,0.693847,6.731343,0.599781,0.094066,8.816170
1102000,40.6137,7.425191,0.693847,6.731343,0.599781,0.094066,8.836701
1102100,40.6137,7.425191,0.693847,6.731343,0.599781,0.094066,8.858952
1102200,40.6137,7.425191,0.693847,6.731343,0.599781,0.094066,8.796822
1102300,40.6137,7.425191,0.693847,6.731343,0.599781,0.094066,8.751178
1102400,40.6137,7.425191,0.693847,6.731343,0.599781,0.094066,8.810579
1102500,40.6137,7.425191,0.693847,6.731343,0.599781,0.094066,8.818239
1102600,40.6137,7.425191,0.693847,6.731343,0.599781,0.094066,8.777712
1102700,40.6137,7.425191,0.693847,6.731343,0.599781,0.094066,8.794011
1102800,40.6137,7.425191,0.693847,6.731343,0.599781,0.094066,8.810680
1102900,40.6137,7.425191,0.693847,6.731343,0.599781,0.094066,8.843685
1103000,40.6137,7.425191,0.693847,6.731343,0.599781,0.094066,8.788688
1103100,40.6137,7.425191,0.693847,6.731343,0.599781,0.094066,8.751239
1103200,40.6137,7.425191,0.693847,6.731343,0.599781,0.094066,8.824000
1103300,40.6137,7.425191,0.693847,6.731343,0.599781,0.094066,8.829171
1103400,40.6137,7.425191,0.693847,6.731343,0.599781,0.094066,8.839388
1103500,40.6137,7.425191,0.693847,6.731343,0.599781,0.094066,8.874343
1103600,40.6137,7.425191,0.693847,6.731343,0.599781,0.094066,8.885968
1103700,40.6137,7.425191,0.693847,6.731343,0.599781,0.094066,8.830168
1103800,40.6137,7.425191,0.693847,6.731343,0.599781,0.094066,8.850446
1103900,40.6137,7.425191,0.693847,6.731343,0.599781,0.094066,8.779936
1104000,40.6137,7.425191,0.693847,6.731343,0.599781,0.094066,8.765655
1104100,40.6137,7.425191,0.693847,6.731343,0.599781,0.094066,8.853722
1104200,40.6137,7.425191,0.693847,6.731343,0.599781,0.094066,8.855802
1104300,40.6137,7.425191,0.693847,6.731343,0.599781,0.094066,8.776594
1104400,40.6137,7.425191,0.693847,6.731343,0.599781,0.094066,8.803395
1104500,40.6137,7.425191,0.693847,6.731343,0.599781,0.094066,8.811514
1104600,40.6137,7.425191,0.693847,6.731343,0.599781,0.094066,8.762768
1104700,40.6137,7.425191,0.693847,6.731343,0.599781,0.094066,8.788216
1104800,40.6137,7.425191,0.693847,6.731343,0.599781,0.094066,8.806199
1104900,40.6137,7.425191,0.693847,6.731343,0.599781,0.094066,8.751178
1105000,40.6137,7.425191,0.693847,6.731343,0.599781,0.094066,8.816696
1105100,40.6137,7.425191,0.693847,6.731343,0.599781,0.094066,8.777712
1105200,40.6137,7.425191,0.693847,6.731343,0.599781,0.094066,8.772119
1105300,40.6137,7.425191,0.693847,6.731343,0.599781,0.094066,8.795433
1105400,40.6137,7.425191,0.693847,6.731343,0.599781,0.094066,8.838978
1105500,40.6137,7.425191,0.693847,6.731343,0.599781,0.094066,8.765253
1105600,40.6137,7.425191,0.693847,6.731343,0.599781,0.094066,8.794413
1105700,40.6137,7.425191,0.693847,6.731343,0.599781,0.094066,8.810475
1105800,40.6137,7.425191,0.693847,6.731343,0.599781,0.094066,8.881398
1105900,40.6137,7.425191,0.693847,6.731343,0.599781,0.094066,8.845517
1106000,40.6137,7.425191,0.693847,6.731343,0.599781,0.094066,8.770799
1106100,40.6137,7.425191,0.693847,6.731343,0.599781,0.094066,8.803395
1106200,40.6137,7.425191,0.693847,6.731343,0.599781,0.094066,8.818441
1106300,40.6137,7.425191,0.693847,6.731343,0.599781,0.094066,8.751178
1106400,40.6137,7.425191,0.693847,6.731343,0.599781,0.094066,8.805179
1106500,40.6137,7.425191,0.693847,6.731343,0.599781,0.094066,8.789574
1106600,40.6137,7.425191,0.693847,6.731343,0.599781,0.094066,8.751178
1106700,40.6137,7.425191,0.693847,6.731343,0.599781,0.094066,8.790864
1106800,40.6137,7.425191,0.693847,6.731343,0.599781,0.094066,8.876811
1106900,40.6137,7.425191,0.693847,6.731343,0.599781,0.094066,8.798653
1107000,40.6137,7.425191,0.693847,6.731343,0.599781,0.094066,8.812526
1107100,40.6137,7.425191,0.693847,6.731343,0.599781,0.094066,8.821574
1107200,40.6137,7.425191,0.693847,6.731343,0.599781,0.094066,8.835533
1107300,40.6137,7.425191,0.693847,6.731343,0.599781,0.094066,8.794011
1107400,40.6137,7.425191,0.693847,6.731343,0.599781,0.094066,8.751239
1107500,40.6137,7.425191,0.693847,6.731343,0.599781,0.094066,8.813625
1107600,40.6137,7.425191,0.693847,6.731343,0.599781,0.094066,8.893070
1107700,40.6137,7.425191,0.693847,6.731343,0.599781,0.094066,8.861274
1107800,40.6137,7.425191,0.693847,6.731343,0.599781,0.094066,8.820357
1107900,40.6137,7.425191,0.693847,6.731343,0.599781,0.094066,8.793650
1108000,40.6137,7.425191,0.693847,6.731343,0.599781,0.094066,8.751239
1108100,40.6137,7.425191,0.693847,6.731343,0.599781,0.094066,8.826732
1108200,40.6137,7.425191,0.693847,6.731343,0.599781,0.094066,8.848697
1108300,40.6137,7.425191,0.693847,6.731343,0.599781,0.094066,8.852745
1108400,40.6137,7.425191,0.693847,6.731343,0.599781,0.094066,8.881601
1108500,40.6137,7.425191,0.693847,6.731343,0.599781,0.094066,8.846330
1108600,40.6137,7.425191,0.693847,6.731343,0.599781,0.094066,8.851706
1108700,40.6137,7.425191,0.693847,6.731343,0.599781,0.094066,8.835934
1108800,40.6137,7.425191,0.693847,6.731343,0.599781,0.094066,8.756973
1108900,40.6137,7.425191,0.693847,6.731343,0.599781,0.094066,8.791452
1109000,40.6137,7.425191,0.693847,6.731343,0.599781,0.094066,8.858234
1109100,40.6137,7.425191,0.693847,6.731343,0.599781,0.094066,8.836371
1109200,40.6137,7.425191,0.693847,6.731343,0.599781,0.094066,8.753292
1109300,40.6137,7.425191,0.693847,6.731343,0.599781,0.094066,8.803165
1109400,40.6137,7.425191,0.693847,6.731343,0.599781,0.094066,8.792662
1109500,40.6137,7.425191,0.693847,6.731343,0.599781,0.094066,8.773841
1109600,40.6137,7.425191,0.693847,6.731343,0.599781,0.094066,8.830139
1109700,40.6137,7.425191,0.693847,6.731343,0.599781,0.094066,8.765033
1109800,40.6137,7.425191,0.693847,6.731343,0.599781,0.094066,8.765466
1109900,40.6137,7.425191,0.693847,6.731343,0.599781,0.094066,8.829103
1110000,40.6137,7.425191,0.693847,6.731343,0.599781,0.094066,8.751178
1110100,40.6137,7.425191,0.693847,6.731343,0.599781,0.094066,8.783922
1110200,40.6137,7.425191,0.693847,6.731343,0.599781,0.094066,8.819386
1110300,40.6137,7.425191,0.693847,6.731343,0.599781,0.094066,8.777712
1110400,40.6137,7.425191,0.693847,6.731343,0.599781,0.094066,8.801646
1110500,40.6137,7.425191,0.693847,6.731343,0.599781,0.094066,8.795548
1110600,40.6137,7.425191,0.693847,6.731343,0.599781,0.094066,8.763947
1110700,40.6137,7.425191,0.693847,6.731343,0.599781,0.094066,8.804076
1110800,40.6137,7.425191,0.693847,6.731343,0.599781,0.094066,8.811392
1110900,40.6137,7.425191,0.693847,6.731343,0.599781,0.094066,8.751178
1111000,40.6137,7.425191,0.693847,6.731343,0.599781,0.094066,8.816881
1111100,40.6137,7.425191,0.693847,6.731343,0.599781,0.094066,8.857750
1111200,40.6137,7.425191,0.693847,6.731343,0.599781,0.094066,8.752353
1111300,40.6137,7.425191,0.693847,6.731343,0.599781,0.094066,8.792917
1111400,40.6137,7.425191,0.693847,6.731343,0.599781,0.094066,8.816787
1111500,40.6137,7.425191,0.693847,6.731343,0.599781,0.094066,8.854865
1111600,40.6137,7.425191,0.693847,6.731343,0.599781,0.094066,8.794797
1111700,40.6137,7.425191,0.693847,6.731343,0.599781,0.094066,8.751239
1111800,40.6137,7.425191,0.693847,6.731343,0.599781,0.094066,8.794577
1111900,40.6137,7.425191,0.693847,6.731343,0.599781,0.094066,8.838412
1112000,40.6137,7.425191,0.693847,6.731343,0.599781,0.094066,8.751178
1112100,40.6137,7.425191,0.693847,6.731343,0.599781,0.094066,8.794086
1112200,40.6137,7.425191,0.693847,6.731343,0.599781,0.094066,8.872467
1112300,40.6137,7.425191,0.693847,6.731343,0.599781,0.094066,8.797694
1112400,40.6137,7.425191,0.693847,6.731343,0.599781,0.094066,8.803395
1112500,40.6137,7.425191,0.693847,6.731343,0.599781,0.094066,8.764157
1112600,40.6137,7.425191,0.693847,6.731343,0.599781,0.094066,8.812444
1112700,40.6137,7.425191,0.693847,6.731343,0.599781,0.094066,8.814750
1112800,40.6137,7.425191,0.693847,6.731343,0.599781,0.094066,8.756973
1112900,40.6137,7.425191,0.693847,6.731343,0.599781,0.094066,8.795548
1113000,40.6137,7.425191,0.693847,6.731343,0.599781,0.094066,8.869793
1113100,40.6137,7.425191,0.693847,6.731343,0.599781,0.094066,8.777712
1113200,40.6137,7.425191,0.693847,6.731343,0.599781,0.094066,8.772694
1113300,40.6137,7.425191,0.693847,6.731343,0.599781,0.094066,8.823007
1113400,40.6137,7.425191,0.693847,6.731343,0.599781,0.094066,8.879737
1113500,40.6137,7.425191,0.693847,6.731343,0.599781,0.094066,8.765253
1113600,40.6137,7.425191,0.693847,6.731343,0.599781,0.094066,8.794413
1113700,40.6137,7.425191,0.693847,6.731343,0.599781,0.094066,8.825290
1113800,40.6137,7.425191,0.693847,6.731343,0.599781,0.094066,8.895617
1113900,40.6137,7.425191,0.693847,6.731343,0.599781,0.094066,8.788905
1114000,40.6137,7.425191,0.693847,6.731343,0.599781,0.094066,8.751178
1114100,40.6137,7.425191,0.693847,6.731343,0.599781,0.094066,8.840221
1114200,40.6137,7.425191,0.693847,6.731343,0.599781,0.094066,8.872640
1114300,40.6137,7.425191,0.693847,6.731343,0.599781,0.094066,8.836371
1114400,40.6137,7.425191,0.693847,6.731343,0.599781,0.094066,8.765466
1114500,40.6137,7.425191,0.693847,6.731343,0.599781,0.094066,8.794200
1114600,40.6137,7.425191,0.693847,6.731343,0.599781,0.094066,8.825290
1114700,40.6137,7.425191,0.693847,6.731343,0.599781,0.094066,8.877291
1114800,40.6137,7.425191,0.693847,6.731343,0.599781,0.094066,8.783536
1114900,40.6137,7.425191,0.693847,6.731343,0.599781,0.094066,8.751178
1115000,40.6137,7.425191,0.693847,6.731343,0.599781,0.094066,8.857936
1115100,40.6137,7.425191,0.693847,6.731343,0.599781,0.094066,8.768564
1115200,40.6137,7.425191,0.693847,6.731343,0.599781,0.094066,8.751178
1115300,40.6137,7.425191,0.693847,6.731343,0.599781,0.094066,8.844354
1115400,40.6137,7.425191,0.693847,6.731343,0.599781,0.094066,8.751178
1115500,40.6137,7.425191,0.693847,6.731343,0.599781,0.094066,8.776139
1115600,40.6137,7.425191,0.693847,6.731343,0.599781,0.094066,8.815222
1115700,40.6137,7.425191,0.693847,6.731343,0.599781,0.094066,8.751178
1115800,40.6137,7.425191,0.693847,6.731343,0.599781,0.094066,8.773902
1115900,40.6137,7.425191,0.693847,6.731343,0.599781,0.094066,8.880332
1116000,40.6137,7.425191,0.693847,6.731343,0.599781,0.094066,8.751178
1116100,40.6137,7.425191,0.693847,6.731343,0.599781,0.094066,8.775655
1116200,40.6137,7.425191,0.693847,6.731343,0.599781,0.094066,8.855615
1116300,40.6137,7.425191,0.693847,6.731343,0.599781,0.094066,8.814083
1116400,40.6137,7.425191,0.693847,6.731343,0.599781,0.094066,8.904278
1116500,40.6137,7.425191,0.693847,6.731343,0.599781,0.094066,8.792006
1116600,40.6137,7.425191,0.693847,6.731343,0.599781,0.094066,8.751178
1116700,40.6137,7.425191,0.693847,6.731343,0.599781,0.094066,8.863687
1116800,40.6137,7.425191,0.693847,6.731343,0.599781,0.094066,8.758149
1116900,40.6137,7.425191,0.693847,6.731343,0.599781,0.094066,8.753292
1117000,40.6137,7.425191,0.693847,6.731343,0.599781,0.094066,8.841461
1117100,40.6137,7.425191,0.693847,6.731343,0.599781,0.094066,8.751178
1117200,40.6137,7.425191,0.693847,6.731343,0.599781,0.094066,8.753353
1117300,40.6137,7.425191,0.693847,6.731343,0.599781,0.094066,8.849954
1117400,40.6137,7.425191,0.693847,6.731343,0.599781,0.094066,8.820152
1117500,40.6137,7.425191,0.693847,6.731343,0.599781,0.094066,8.874841
1117600,40.6137,7.425191,0.693847,6.731343,0.599781,0.094066,8.783507
1117700,40.6137,7.425191,0.693847,6.731343,0.599781,0.094066,8.751178
1117800,40.6137,7.425191,0.693847,6.731343,0.599781,0.094066,8.779449
1117900,40.6137,7.425191,0.693847,6.731343,0.599781,0.094066,8.941012
1118000,40.6137,7.425191,0.693847,6.731343,0.599781,0.094066,8.751178
1118100,40.6137,7.425191,0.693847,6.731343,0.599781,0.094066,8.779730
1118200,40.6137,7.425191,0.693847,6.731343,0.599781,0.094066,8.854049
1118300,40.6137,7.425191,0.693847,6.731343,0.599781,0.094066,8.812483
1118400,40.6137,7.425191,0.693847,6.731343,0.599781,0.094066,8.779609
1118500,40.6137,7.425191,0.693847,6.731343,0.599781,0.094066,8.762432
1118600,40.6137,7.425191,0.693847,6.731343,0.599781,0.094066,8.812444
1118700,40.6137,7.425191,0.693847,6.731343,0.599781,0.094066,8.829928
1118800,40.6137,7.425191,0.693847,6.731343,0.599781,0.094066,8.764096
1118900,40.6137,7.425191,0.693847,6.731343,0.599781,0.094066,8.802597
1119000,40.6137,7.425191,0.693847,6.731343,0.599781,0.094066,8.903928
1119100,40.6137,7.425191,0.693847,6.731343,0.599781,0.094066,8.854500
1119200,40.6137,7.425191,0.693847,6.731343,0.599781,0.094066,8.825504
1119300,40.6137,7.425191,0.693847,6.731343,0.599781,0.094066,8.884233
1119400,40.6137,7.425191,0.693847,6.731343,0.599781,0.094066,8.776594
1119500,40.6137,7.425191,0.693847,6.731343,0.599781,0.094066,8.772119
1119600,40.6137,7.425191,0.693847,6.731343,0.599781,0.094066,8.842790
1119700,40.6137,7.425191,0.693847,6.731343,0.599781,0.094066,8.763886
1119800,40.6137,7.425191,0.693847,6.731343,0.599781,0.094066,8.765253
1119900,40.6137,7.425191,0.693847,6.731343,0.599781,0.094066,8.827232
1120000,40.6137,7.425191,0.693847,6.731343,0.599781,0.094066,8.751178
1120100,40.6137,7.425191,0.693847,6.731343,0.599781,0.094066,8.801309
1120200,40.6137,7.425191,0.693847,6.731343,0.599781,0.094066,8.848711
1120300,40.6137,7.425191,0.693847,6.731343,0.599781,0.094066,8.751178
1120400,40.6137,7.425191,0.693847,6.731343,0.599781,0.094066,8.817658
1120500,40.6137,7.425191,0.693847,6.731343,0.599781,0.094066,8.806911
1120600,40.6137,7.425191,0.693847,6.731343,0.599781,0.094066,8.751178
1120700,40.6137,7.425191,0.693847,6.731343,0.599781,0.094066,8.821657
1120800,40.6137,7.425191,0.693847,6.731343,0.599781,0.094066,8.770828
1120900,40.6137,7.425191,0.693847,6.731343,0.599781,0.094066,8.751178
1121000,40.6137,7.425191,0.693847,6.731343,0.599781,0.094066,8.840182
1121100,40.6137,7.425191,0.693847,6.731343,0.599781,0.094066,8.751178
1121200,40.6137,7.425191,0.693847,6.731343,0.599781,0.094066,8.772180
1121300,40.6137,7.425191,0.693847,6.731343,0.599781,0.094066,8.844277
1121400,40.6137,7.425191,0.693847,6.731343,0.599781,0.094066,8.815506
1121500,40.6137,7.425191,0.693847,6.731343,0.599781,0.094066,8.751178
1121600,40.6137,7.425191,0.693847,6.731343,0.599781,0.094066,8.811536
1121700,40.6137,7.425191,0.693847,6.731343,0.599781,0.094066,8.807741
1121800,40.6137,7.425191,0.693847,6.731343,0.599781,0.094066,8.753292
1121900,40.6137,7.425191,0.693847,6.731343,0.599781,0.094066,8.822265
1122000,40.6137,7.425191,0.693847,6.731343,0.599781,0.094066,8.771946
1122100,40.6137,7.425191,0.693847,6.731343,0.599781,0.094066,8.773841
1122200,40.6137,7.425191,0.693847,6.731343,0.599781,0.094066,8.890794
1122300,40.6137,7.425191,0.693847,6.731343,0.599781,0.094066,8.784835
1122400,40.6137,7.425191,0.693847,6.731343,0.599781,0.094066,8.765466
1122500,40.6137,7.425191,0.693847,6.731343,0.599781,0.094066,8.831142
1122600,40.6137,7.425191,0.693847,6.731343,0.599781,0.094066,8.844100
1122700,40.6137,7.425191,0.693847,6.731343,0.599781,0.094066,8.810607
1122800,40.6137,7.425191,0.693847,6.731343,0.599781,0.094066,8.758120
1122900,40.6137,7.425191,0.693847,6.731343,0.599781,0.094066,8.751239
1123000,40.6137,7.425191,0.693847,6.731343,0.599781,0.094066,8.903528
1123100,40.6137,7.425191,0.693847,6.731343,0.599781,0.094066,8.832865
1123200,40.6137,7.425191,0.693847,6.731343,0.599781,0.094066,8.818039
1123300,40.6137,7.425191,0.693847,6.731343,0.599781,0.094066,8.794011
1123400,40.6137,7.425191,0.693847,6.731343,0.599781,0.094066,8.751239
1123500,40.6137,7.425191,0.693847,6.731343,0.599781,0.094066,8.802409
1123600,40.6137,7.425191,0.693847,6.731343,0.599781,0.094066,8.827371
1123700,40.6137,7.425191,0.693847,6.731343,0.599781,0.094066,8.751178
1123800,40.6137,7.425191,0.693847,6.731343,0.599781,0.094066,8.802798
1123900,40.6137,7.425191,0.693847,6.731343,0.599781,0.094066,8.854021
1124000,40.6137,7.425191,0.693847,6.731343,0.599781,0.094066,8.789833
1124100,40.6137,7.425191,0.693847,6.731343,0.599781,0.094066,8.765466
1124200,40.6137,7.425191,0.693847,6.731343,0.599781,0.094066,8.779784
1124300,40.6137,7.425191,0.693847,6.731343,0.599781,0.094066,8.812444
1124400,40.6137,7.425191,0.693847,6.731343,0.599781,0.094066,8.810394
1124500,40.6137,7.425191,0.693847,6.731343,0.599781,0.094066,8.758120
1124600,40.6137,7.425191,0.693847,6.731343,0.599781,0.094066,8.812754
1124700,40.6137,7.425191,0.693847,6.731343,0.599781,0.094066,8.886008
1124800,40.6137,7.425191,0.693847,6.731343,0.599781,0.094066,8.836371
1124900,40.6137,7.425191,0.693847,6.731343,0.599781,0.094066,8.751239
1125000,40.6137,7.425191,0.693847,6.731343,0.599781,0.094066,8.818553
1125100,40.6137,7.425191,0.693847,6.731343,0.599781,0.094066,8.838209
1125200,40.6137,7.425191,0.693847,6.731343,0.599781,0.094066,8.844609
1125300,40.6137,7.425191,0.693847,6.731343,0.599781,0.094066,8.814750
1125400,40.6137,7.425191,0.693847,6.731343,0.599781,0.094066,8.756973
1125500,40.6137,7.425191,0.693847,6.731343,0.599781,0.094066,8.795548
1125600,40.6137,7.425191,0.693847,6.731343,0.599781,0.094066,8.803510
1125700,40.6137,7.425191,0.693847,6.731343,0.599781,0.094066,8.751178
1125800,40.6137,7.425191,0.693847,6.731343,0.599781,0.094066,8.819990
1125900,40.6137,7.425191,0.693847,6.731343,0.599781,0.094066,8.794797
1126000,40.6137,7.425191,0.693847,6.731343,0.599781,0.094066,8.774025
1126100,40.6137,7.425191,0.693847,6.731343,0.599781,0.094066,8.849329
1126200,40.6137,7.425191,0.693847,6.731343,0.599781,0.094066,8.779936
1126300,40.6137,7.425191,0.693847,6.731343,0.599781,0.094066,8.768703
1126400,40.6137,7.425191,0.693847,6.731343,0.599781,0.094066,8.822211
1126500,40.6137,7.425191,0.693847,6.731343,0.599781,0.094066,8.762371
1126600,40.6137,7.425191,0.693847,6.731343,0.599781,0.094066,8.784619
1126700,40.6137,7.425191,0.693847,6.731343,0.599781,0.094066,8.817250
1126800,40.6137,7.425191,0.693847,6.731343,0.599781,0.094066,8.764096
1126900,40.6137,7.425191,0.693847,6.731343,0.599781,0.094066,8.800558
1127000,40.6137,7.425191,0.693847,6.731343,0.599781,0.094066,8.788216
1127100,40.6137,7.425191,0.693847,6.731343,0.599781,0.094066,8.757034
1127200,40.6137,7.425191,0.693847,6.731343,0.599781,0.094066,8.812444
1127300,40.6137,7.425191,0.693847,6.731343,0.599781,0.094066,8.817336
1127400,40.6137,7.425191,0.693847,6.731343,0.599781,0.094066,8.751178
1127500,40.6137,7.425191,0.693847,6.731343,0.599781,0.094066,8.824114
1127600,40.6137,7.425191,0.693847,6.731343,0.599781,0.094066,8.814418
1127700,40.6137,7.425191,0.693847,6.731343,0.599781,0.094066,8.751178
1127800,40.6137,7.425191,0.693847,6.731343,0.599781,0.094066,8.819598
1127900,40.6137,7.425191,0.693847,6.731343,0.599781,0.094066,8.779936
1128000,40.6137,7.425191,0.693847,6.731343,0.599781,0.094066,8.774757
1128100,40.6137,7.425191,0.693847,6.731343,0.599781,0.094066,8.860297
1128200,40.6137,7.425191,0.693847,6.731343,0.599781,0.094066,8.848550
1128300,40.6137,7.425191,0.693847,6.731343,0.599781,0.094066,8.839497
1128400,40.6137,7.425191,0.693847,6.731343,0.599781,0.094066,8.795851
1128500,40.6137,7.425191,0.693847,6.731343,0.599781,0.094066,8.793711
1128600,40.6137,7.425191,0.693847,6.731343,0.599781,0.094066,8.811510
1128700,40.6137,7.425191,0.693847,6.731343,0.599781,0.094066,8.857301
1128800,40.6137,7.425191,0.693847,6.731343,0.599781,0.094066,8.779723
1128900,40.6137,7.425191,0.693847,6.731343,0.599781,0.094066,8.765655
1129000,40.6137,7.425191,0.693847,6.731343,0.599781,0.094066,8.872071
1129100,40.6137,7.425191,0.693847,6.731343,0.599781,0.094066,8.826521
1129200,40.6137,7.425191,0.693847,6.731343,0.599781,0.094066,8.751178
1129300,40.6137,7.425191,0.693847,6.731343,0.599781,0.094066,8.810579
1129400,40.6137,7.425191,0.693847,6.731343,0.599781,0.094066,8.818239
1129500,40.6137,7.425191,0.693847,6.731343,0.599781,0.094066,8.777712
1129600,40.6137,7.425191,0.693847,6.731343,0.599781,0.094066,8.794011
1129700,40.6137,7.425191,0.693847,6.731343,0.599781,0.094066,8.795548
1129800,40.6137,7.425191,0.693847,6.731343,0.599781,0.094066,8.832283
1129900,40.6137,7.425191,0.693847,6.731343,0.599781,0.094066,8.815222
1130000,40.6137,7.425191,0.693847,6.731343,0.599781,0.094066,8.751178
1130100,40.6137,7.425191,0.693847,6.731343,0.599781,0.094066,8.773902
1130200,40.6137,7.425191,0.693847,6.731343,0.599781,0.094066,8.893997
1130300,40.6137,7.425191,0.693847,6.731343,0.599781,0.094066,8.825290
1130400,40.6137,7.425191,0.693847,6.731343,0.599781,0.094066,8.881474
1130500,40.6137,7.425191,0.693847,6.731343,0.599781,0.094066,8.806257
1130600,40.6137,7.425191,0.693847,6.731343,0.599781,0.094066,8.751178
1130700,40.6137,7.425191,0.693847,6.731343,0.599781,0.094066,8.828231
1130800,40.6137,7.425191,0.693847,6.731343,0.599781,0.094066,8.837110
1130900,40.6137,7.425191,0.693847,6.731343,0.599781,0.094066,8.835254
1131000,40.6137,7.425191,0.693847,6.731343,0.599781,0.094066,8.810518
1131100,40.6137,7.425191,0.693847,6.731343,0.599781,0.094066,8.774498
1131200,40.6137,7.425191,0.693847,6.731343,0.599781,0.094066,8.793779
1131300,40.6137,7.425191,0.693847,6.731343,0.599781,0.094066,8.794011
1131400,40.6137,7.425191,0.693847,6.731343,0.599781,0.094066,8.784619
1131500,40.6137,7.425191,0.693847,6.731343,0.599781,0.094066,8.767147
1131600,40.6137,7.425191,0.693847,6.731343,0.599781,0.094066,8.788688
1131700,40.6137,7.425191,0.693847,6.731343,0.599781,0.094066,8.832684
1131800,40.6137,7.425191,0.693847,6.731343,0.599781,0.094066,8.822385
1131900,40.6137,7.425191,0.693847,6.731343,0.599781,0.094066,8.756973
1132000,40.6137,7.425191,0.693847,6.731343,0.599781,0.094066,8.795548
1132100,40.6137,7.425191,0.693847,6.731343,0.599781,0.094066,8.763947
1132200,40.6137,7.425191,0.693847,6.731343,0.599781,0.094066,8.816994
1132300,40.6137,7.425191,0.693847,6.731343,0.599781,0.094066,8.798474
1132400,40.6137,7.425191,0.693847,6.731343,0.599781,0.094066,8.765253
1132500,40.6137,7.425191,0.693847,6.731343,0.599781,0.094066,8.801636
1132600,40.6137,7.425191,0.693847,6.731343,0.599781,0.094066,8.778858
1132700,40.6137,7.425191,0.693847,6.731343,0.599781,0.094066,8.779609
1132800,40.6137,7.425191,0.693847,6.731343,0.599781,0.094066,8.762432
1132900,40.6137,7.425191,0.693847,6.731343,0.599781,0.094066,8.837860
1133000,40.6137,7.425191,0.693847,6.731343,0.599781,0.094066,8.803395
1133100,40.6137,7.425191,0.693847,6.731343,0.599781,0.094066,8.768325
1133200,40.6137,7.425191,0.693847,6.731343,0.599781,0.094066,8.821037
1133300,40.6137,7.425191,0.693847,6.731343,0.599781,0.094066,8.788216
1133400,40.6137,7.425191,0.693847,6.731343,0.599781,0.094066,8.765103
1133500,40.6137,7.425191,0.693847,6.731343,0.599781,0.094066,8.797393
1133600,40.6137,7.425191,0.693847,6.731343,0.599781,0.094066,8.790802
1133700,40.6137,7.425191,0.693847,6.731343,0.599781,0.094066,8.796785
1133800,40.6137,7.425191,0.693847,6.731343,0.599781,0.094066,8.869860
1133900,40.6137,7.425191,0.693847,6.731343,0.599781,0.094066,8.869484
1134000,40.6137,7.425191,0.693847,6.731343,0.599781,0.094066,8.812483
1134100,40.6137,7.425191,0.693847,6.731343,0.599781,0.094066,8.765253
1134200,40.6137,7.425191,0.693847,6.731343,0.599781,0.094066,8.779998
1134300,40.6137,7.425191,0.693847,6.731343,0.599781,0.094066,8.812444
1134400,40.6137,7.425191,0.693847,6.731343,0.599781,0.094066,8.855632
1134500,40.6137,7.425191,0.693847,6.731343,0.599781,0.094066,8.855507
1134600,40.6137,7.425191,0.693847,6.731343,0.599781,0.094066,8.777712
1134700,40.6137,7.425191,0.693847,6.731343,0.599781,0.094066,8.803395
1134800,40.6137,7.425191,0.693847,6.731343,0.599781,0.094066,8.764157
1134900,40.6137,7.425191,0.693847,6.731343,0.599781,0.094066,8.838978
1135000,40.6137,7.425191,0.693847,6.731343,0.599781,0.094066,8.788216
1135100,40.6137,7.425191,0.693847,6.731343,0.599781,0.094066,8.771450
1135200,40.6137,7.425191,0.693847,6.731343,0.599781,0.094066,8.839388
1135300,40.6137,7.425191,0.693847,6.731343,0.599781,0.094066,8.859204
1135400,40.6137,7.425191,0.693847,6.731343,0.599781,0.094066,8.751178
1135500,40.6137,7.425191,0.693847,6.731343,0.599781,0.094066,8.772180
1135600,40.6137,7.425191,0.693847,6.731343,0.599781,0.094066,8.941761
1135700,40.6137,7.425191,0.693847,6.731343,0.599781,0.094066,8.828771
1135800,40.6137,7.425191,0.693847,6.731343,0.599781,0.094066,8.829961
1135900,40.6137,7.425191,0.693847,6.731343,0.599781,0.094066,8.813304
1136000,40.6137,7.425191,0.693847,6.731343,0.599781,0.094066,8.841933
1136100,40.6137,7.425191,0.693847,6.731343,0.599781,0.094066,8.880400
1136200,40.6137,7.425191,0.693847,6.731343,0.599781,0.094066,8.840331
1136300,40.6137,7.425191,0.693847,6.731343,0.599781,0.094066,8.844609
1136400,40.6137,7.425191,0.693847,6.731343,0.599781,0.094066,8.823341
1136500,40.6137,7.425191,0.693847,6.731343,0.599781,0.094066,8.751178
1136600,40.6137,7.425191,0.693847,6.731343,0.599781,0.094066,8.807200
1136700,40.6137,7.425191,0.693847,6.731343,0.599781,0.094066,8.820417
1136800,40.6137,7.425191,0.693847,6.731343,0.599781,0.094066,8.751178
1136900,40.6137,7.425191,0.693847,6.731343,0.599781,0.094066,8.800588
1137000,40.6137,7.425191,0.693847,6.731343,0.599781,0.094066,8.791897
1137100,40.6137,7.425191,0.693847,6.731343,0.599781,0.094066,8.761856
1137200,40.6137,7.425191,0.693847,6.731343,0.599781,0.094066,8.857677
1137300,40.6137,7.425191,0.693847,6.731343,0.599781,0.094066,8.780548
1137400,40.6137,7.425191,0.693847,6.731343,0.599781,0.094066,8.759671
1137500,40.6137,7.425191,0.693847,6.731343,0.599781,0.094066,8.850190
1137600,40.6137,7.425191,0.693847,6.731343,0.599781,0.094066,8.796919
1137700,40.6137,7.425191,0.693847,6.731343,0.599781,0.094066,8.840175
1137800,40.6137,7.425191,0.693847,6.731343,0.599781,0.094066,8.808627
1137900,40.6137,7.425191,0.693847,6.731343,0.599781,0.094066,8.751178
1138000,40.6137,7.425191,0.693847,6.731343,0.599781,0.094066,8.800619
1138100,40.6137,7.425191,0.693847,6.731343,0.599781,0.094066,8.811199
1138200,40.6137,7.425191,0.693847,6.731343,0.599781,0.094066,8.757034
1138300,40.6137,7.425191,0.693847,6.731343,0.599781,0.094066,8.779327
1138400,40.6137,7.425191,0.693847,6.731343,0.599781,0.094066,8.846749
1138500,40.6137,7.425191,0.693847,6.731343,0.599781,0.094066,8.756973
1138600,40.6137,7.425191,0.693847,6.731343,0.599781,0.094066,8.768703
1138700,40.6137,7.425191,0.693847,6.731343,0.599781,0.094066,8.847365
1138800,40.6137,7.425191,0.693847,6.731343,0.599781,0.094066,8.751178
1138900,40.6137,7.425191,0.693847,6.731343,0.599781,0.094066,8.807418
1139000,40.6137,7.425191,0.693847,6.731343,0.599781,0.094066,8.826776
1139100,40.6137,7.425191,0.693847,6.731343,0.599781,0.094066,8.810475
1139200,40.6137,7.425191,0.693847,6.731343,0.599781,0.094066,8.919796
1139300,40.6137,7.425191,0.693847,6.731343,0.599781,0.094066,8.783507
1139400,40.6137,7.425191,0.693847,6.731343,0.599781,0.094066,8.751178
1139500,40.6137,7.425191,0.693847,6.731343,0.599781,0.094066,8.832586
1139600,40.6137,7.425191,0.693847,6.731343,0.599781,0.094066,8.835964
1139700,40.6137,7.425191,0.693847,6.731343,0.599781,0.094066,8.777712
1139800,40.6137,7.425191,0.693847,6.731343,0.599781,0.094066,8.790802
1139900,40.6137,7.425191,0.693847,6.731343,0.599781,0.094066,8.751239
1140000,40.6137,7.425191,0.693847,6.731343,0.599781,0.094066,8.861640
1140100,40.6137,7.425191,0.693847,6.731343,0.599781,0.094066,8.793650
1140200,40.6137,7.425191,0.693847,6.731343,0.599781,0.094066,8.765442
1140300,40.6137,7.425191,0.693847,6.731343,0.599781,0.094066,8.839792
1140400,40.6137,7.425191,0.693847,6.731343,0.599781,0.094066,8.841028
1140500,40.6137,7.425191,0.693847,6.731343,0.599781,0.094066,8.751178
1140600,40.6137,7.425191,0.693847,6.731343,0.599781,0.094066,8.783922
1140700,40.6137,7.425191,0.693847,6.731343,0.599781,0.094066,8.810567
1140800,40.6137,7.425191,0.693847,6.731343,0.599781,0.094066,8.786530
1140900,40.6137,7.425191,0.693847,6.731343,0.599781,0.094066,8.832528
1141000,40.6137,7.425191,0.693847,6.731343,0.599781,0.094066,8.795787
1141100,40.6137,7.425191,0.693847,6.731343,0.599781,0.094066,8.834578
1141200,40.6137,7.425191,0.693847,6.731343,0.599781,0.094066,8.815896
1141300,40.6137,7.425191,0.693847,6.731343,0.599781,0.094066,8.756973
1141400,40.6137,7.425191,0.693847,6.731343,0.599781,0.094066,8.751239
1141500,40.6137,7.425191,0.693847,6.731343,0.599781,0.094066,8.879719
1141600,40.6137,7.425191,0.693847,6.731343,0.599781,0.094066,8.843695
1141700,40.6137,7.425191,0.693847,6.731343,0.599781,0.094066,8.845408
1141800,40.6137,7.425191,0.693847,6.731343,0.599781,0.094066,8.878843
1141900,40.6137,7.425191,0.693847,6.731343,0.599781,0.094066,8.751178
1142000,40.6137,7.425191,0.693847,6.731343,0.599781,0.094066,8.779943
1142100,40.6137,7.425191,0.693847,6.731343,0.599781,0.094066,8.867933
1142200,40.6137,7.425191,0.693847,6.731343,0.599781,0.094066,8.851706
1142300,40.6137,7.425191,0.693847,6.731343,0.599781,0.094066,8.809276
1142400,40.6137,7.425191,0.693847,6.731343,0.599781,0.094066,8.758120
1142500,40.6137,7.425191,0.693847,6.731343,0.599781,0.094066,8.810129
1142600,40.6137,7.425191,0.693847,6.731343,0.599781,0.094066,8.811693
1142700,40.6137,7.425191,0.693847,6.731343,0.599781,0.094066,8.759087
1142800,40.6137,7.425191,0.693847,6.731343,0.599781,0.094066,8.796360
1142900,40.6137,7.425191,0.693847,6.731343,0.599781,0.094066,8.788216
1143000,40.6137,7.425191,0.693847,6.731343,0.599781,0.094066,8.779820
1143100,40.6137,7.425191,0.693847,6.731343,0.599781,0.094066,8.835254
1143200,40.6137,7.425191,0.693847,6.731343,0.599781,0.094066,8.790802
1143300,40.6137,7.425191,0.693847,6.731343,0.599781,0.094066,8.768703
1143400,40.6137,7.425191,0.693847,6.731343,0.599781,0.094066,8.816442
1143500,40.6137,7.425191,0.693847,6.731343,0.599781,0.094066,8.793650
1143600,40.6137,7.425191,0.693847,6.731343,0.599781,0.094066,8.784619
1143700,40.6137,7.425191,0.693847,6.731343,0.599781,0.094066,8.779321
1143800,40.6137,7.425191,0.693847,6.731343,0.599781,0.094066,8.779723
1143900,40.6137,7.425191,0.693847,6.731343,0.599781,0.094066,8.800558
1144000,40.6137,7.425191,0.693847,6.731343,0.599781,0.094066,8.783860
1144100,40.6137,7.425191,0.693847,6.731343,0.599781,0.094066,8.758181
1144200,40.6137,7.425191,0.693847,6.731343,0.599781,0.094066,8.877075
1144300,40.6137,7.425191,0.693847,6.731343,0.599781,0.094066,8.836998
1144400,40.6137,7.425191,0.693847,6.731343,0.599781,0.094066,8.751178
1144500,40.6137,7.425191,0.693847,6.731343,0.599781,0.094066,8.790053
1144600,40.6137,7.425191,0.693847,6.731343,0.599781,0.094066,8.862104
1144700,40.6137,7.425191,0.693847,6.731343,0.599781,0.094066,8.884210
1144800,40.6137,7.425191,0.693847,6.731343,0.599781,0.094066,8.837942
1144900,40.6137,7.425191,0.693847,6.731343,0.599781,0.094066,8.814596
1145000,40.6137,7.425191,0.693847,6.731343,0.599781,0.094066,8.815169
1145100,40.6137,7.425191,0.693847,6.731343,0.599781,0.094066,8.843815
1145200,40.6137,7.425191,0.693847,6.731343,0.599781,0.094066,8.793072
1145300,40.6137,7.425191,0.693847,6.731343,0.599781,0.094066,8.751239
1145400,40.6137,7.425191,0.693847,6.731343,0.599781,0.094066,8.785618
1145500,40.6137,7.425191,0.693847,6.731343,0.599781,0.094066,8.844162
1145600,40.6137,7.425191,0.693847,6.731343,0.599781,0.094066,8.751178
1145700,40.6137,7.425191,0.693847,6.731343,0.599781,0.094066,8.801420
1145800,40.6137,7.425191,0.693847,6.731343,0.599781,0.094066,8.854660
1145900,40.6137,7.425191,0.693847,6.731343,0.599781,0.094066,8.812483
1146000,40.6137,7.425191,0.693847,6.731343,0.599781,0.094066,8.775410
1146100,40.6137,7.425191,0.693847,6.731343,0.599781,0.094066,8.769841
1146200,40.6137,7.425191,0.693847,6.731343,0.599781,0.094066,8.812444
1146300,40.6137,7.425191,0.693847,6.731343,0.599781,0.094066,8.866825
1146400,40.6137,7.425191,0.693847,6.731343,0.599781,0.094066,8.770799
1146500,40.6137,7.425191,0.693847,6.731343,0.599781,0.094066,8.753292
1146600,40.6137,7.425191,0.693847,6.731343,0.599781,0.094066,8.862748
1146700,40.6137,7.425191,0.693847,6.731343,0.599781,0.094066,8.756973
1146800,40.6137,7.425191,0.693847,6.731343,0.599781,0.094066,8.775147
1146900,40.6137,7.425191,0.693847,6.731343,0.599781,0.094066,8.819606
1147000,40.6137,7.425191,0.693847,6.731343,0.599781,0.094066,8.751178
1147100,40.6137,7.425191,0.693847,6.731343,0.599781,0.094066,8.757530
1147200,40.6137,7.425191,0.693847,6.731343,0.599781,0.094066,8.872311
1147300,40.6137,7.425191,0.693847,6.731343,0.599781,0.094066,8.751178
1147400,40.6137,7.425191,0.693847,6.731343,0.599781,0.094066,8.810328
1147500,40.6137,7.425191,0.693847,6.731343,0.599781,0.094066,8.867762
1147600,40.6137,7.425191,0.693847,6.731343,0.599781,0.094066,8.855970
1147700,40.6137,7.425191,0.693847,6.731343,0.599781,0.094066,8.803216
1147800,40.6137,7.425191,0.693847,6.731343,0.599781,0.094066,8.779723
1147900,40.6137,7.425191,0.693847,6.731343,0.599781,0.094066,8.795475
1148000,40.6137,7.425191,0.693847,6.731343,0.599781,0.094066,8.875867
1148100,40.6137,7.425191,0.693847,6.731343,0.599781,0.094066,8.850447
1148200,40.6137,7.425191,0.693847,6.731343,0.599781,0.094066,8.751178
1148300,40.6137,7.425191,0.693847,6.731343,0.599781,0.094066,8.820706
1148400,40.6137,7.425191,0.693847,6.731343,0.599781,0.094066,8.832865
1148500,40.6137,7.425191,0.693847,6.731343,0.599781,0.094066,8.843043
1148600,40.6137,7.425191,0.693847,6.731343,0.599781,0.094066,8.820755
1148700,40.6137,7.425191,0.693847,6.731343,0.599781,0.094066,8.756973
1148800,40.6137,7.425191,0.693847,6.731343,0.599781,0.094066,8.805645
1148900,40.6137,7.425191,0.693847,6.731343,0.599781,0.094066,8.809306
1149000,40.6137,7.425191,0.693847,6.731343,0.599781,0.094066,8.751178
1149100,40.6137,7.425191,0.693847,6.731343,0.599781,0.094066,8.830116
1149200,40.6137,7.425191,0.693847,6.731343,0.599781,0.094066,8.793650
1149300,40.6137,7.425191,0.693847,6.731343,0.599781,0.094066,8.769004
1149400,40.6137,7.425191,0.693847,6.731343,0.599781,0.094066,8.800251
1149500,40.6137,7.425191,0.693847,6.731343,0.599781,0.094066,8.779723
1149600,40.6137,7.425191,0.693847,6.731343,0.599781,0.094066,8.751239
1149700,40.6137,7.425191,0.693847,6.731343,0.599781,0.094066,8.845126
1149800,40.6137,7.425191,0.693847,6.731343,0.599781,0.094066,8.783536
1149900,40.6137,7.425191,0.693847,6.731343,0.599781,0.094066,8.751178
1150000,40.6137,7.425191,0.693847,6.731343,0.599781,0.094066,8.875141
1150100,40.6137,7.425191,0.693847,6.731343,0.599781,0.094066,8.841335
1150200,40.6137,7.425191,0.693847,6.731343,0.599781,0.094066,8.836371
1150300,40.6137,7.425191,0.693847,6.731343,0.599781,0.094066,8.788216
1150400,40.6137,7.425191,0.693847,6.731343,0.599781,0.094066,8.771450
1150500,40.6137,7.425191,0.693847,6.731343,0.599781,0.094066,8.807741
1150600,40.6137,7.425191,0.693847,6.731343,0.599781,0.094066,8.790802
1150700,40.6137,7.425191,0.693847,6.731343,0.599781,0.094066,8.784755
1150800,40.6137,7.425191,0.693847,6.731343,0.599781,0.094066,8.810849
1150900,40.6137,7.425191,0.693847,6.731343,0.599781,0.094066,8.762743
1151000,40.6137,7.425191,0.693847,6.731343,0.599781,0.094066,8.800742
1151100,40.6137,7.425191,0.693847,6.731343,0.599781,0.094066,8.751239
1151200,40.6137,7.425191,0.693847,6.731343,0.599781,0.094066,8.811260
1151300,40.6137,7.425191,0.693847,6.731343,0.599781,0.094066,8.945632
1151400,40.6137,7.425191,0.693847,6.731343,0.599781,0.094066,8.842063
1151500,40.6137,7.425191,0.693847,6.731343,0.599781,0.094066,8.765603
1151600,40.6137,7.425191,0.693847,6.731343,0.599781,0.094066,8.788405
1151700,40.6137,7.425191,0.693847,6.731343,0.599781,0.094066,8.848187
1151800,40.6137,7.425191,0.693847,6.731343,0.599781,0.094066,8.787758
1151900,40.6137,7.425191,0.693847,6.731343,0.599781,0.094066,8.751178
1152000,40.6137,7.425191,0.693847,6.731343,0.599781,0.094066,8.790864
1152100,40.6137,7.425191,0.693847,6.731343,0.599781,0.094066,8.838978
1152200,40.6137,7.425191,0.693847,6.731343,0.599781,0.094066,8.761720
1152300,40.6137,7.425191,0.693847,6.731343,0.599781,0.094066,8.814692
1152400,40.6137,7.425191,0.693847,6.731343,0.599781,0.094066,8.844945
1152500,40.6137,7.425191,0.693847,6.731343,0.599781,0.094066,8.826531
1152600,40.6137,7.425191,0.693847,6.731343,0.599781,0.094066,8.787059
1152700,40.6137,7.425191,0.693847,6.731343,0.599781,0.094066,8.751239
1152800,40.6137,7.425191,0.693847,6.731343,0.599781,0.094066,8.825854
1152900,40.6137,7.425191,0.693847,6.731343,0.599781,0.094066,8.803926
1153000,40.6137,7.425191,0.693847,6.731343,0.599781,0.094066,8.751178
1153100,40.6137,7.425191,0.693847,6.731343,0.599781,0.094066,8.831992
1153200,40.6137,7.425191,0.693847,6.731343,0.599781,0.094066,8.827699
1153300,40.6137,7.425191,0.693847,6.731343,0.599781,0.094066,8.841664
1153400,40.6137,7.425191,0.693847,6.731343,0.599781,0.094066,8.810498
1153500,40.6137,7.425191,0.693847,6.731343,0.599781,0.094066,8.761224
1153600,40.6137,7.425191,0.693847,6.731343,0.599781,0.094066,8.795548
1153700,40.6137,7.425191,0.693847,6.731343,0.599781,0.094066,8.869793
1153800,40.6137,7.425191,0.693847,6.731343,0.599781,0.094066,8.835254
1153900,40.6137,7.425191,0.693847,6.731343,0.599781,0.094066,8.761720
1154000,40.6137,7.425191,0.693847,6.731343,0.599781,0.094066,8.839511
1154100,40.6137,7.425191,0.693847,6.731343,0.599781,0.094066,8.817417
1154200,40.6137,7.425191,0.693847,6.731343,0.599781,0.094066,8.836366
1154300,40.6137,7.425191,0.693847,6.731343,0.599781,0.094066,8.813632
1154400,40.6137,7.425191,0.693847,6.731343,0.599781,0.094066,8.757912
1154500,40.6137,7.425191,0.693847,6.731343,0.599781,0.094066,8.823209
1154600,40.6137,7.425191,0.693847,6.731343,0.599781,0.094066,8.790802
1154700,40.6137,7.425191,0.693847,6.731343,0.599781,0.094066,8.758579
1154800,40.6137,7.425191,0.693847,6.731343,0.599781,0.094066,8.822715
1154900,40.6137,7.425191,0.693847,6.731343,0.599781,0.094066,8.793650
1155000,40.6137,7.425191,0.693847,6.731343,0.599781,0.094066,8.777256
1155100,40.6137,7.425191,0.693847,6.731343,0.599781,0.094066,8.792000
1155200,40.6137,7.425191,0.693847,6.731343,0.599781,0.094066,8.779784
1155300,40.6137,7.425191,0.693847,6.731343,0.599781,0.094066,8.779327
1155400,40.6137,7.425191,0.693847,6.731343,0.599781,0.094066,8.842394
1155500,40.6137,7.425191,0.693847,6.731343,0.599781,0.094066,8.758120
1155600,40.6137,7.425191,0.693847,6.731343,0.599781,0.094066,8.768703
1155700,40.6137,7.425191,0.693847,6.731343,0.599781,0.094066,8.853119
1155800,40.6137,7.425191,0.693847,6.731343,0.599781,0.094066,8.756973
1155900,40.6137,7.425191,0.693847,6.731343,0.599781,0.094066,8.784619
1156000,40.6137,7.425191,0.693847,6.731343,0.599781,0.094066,8.802071
1156100,40.6137,7.425191,0.693847,6.731343,0.599781,0.094066,8.756973
1156200,40.6137,7.425191,0.693847,6.731343,0.599781,0.094066,8.848138
1156300,40.6137,7.425191,0.693847,6.731343,0.599781,0.094066,8.824459
1156400,40.6137,7.425191,0.693847,6.731343,0.599781,0.094066,8.751178
1156500,40.6137,7.425191,0.693847,6.731343,0.599781,0.094066,8.825260
1156600,40.6137,7.425191,0.693847,6.731343,0.599781,0.094066,8.885639
1156700,40.6137,7.425191,0.693847,6.731343,0.599781,0.094066,8.778858
1156800,40.6137,7.425191,0.693847,6.731343,0.599781,0.094066,8.765466
1156900,40.6137,7.425191,0.693847,6.731343,0.599781,0.094066,8.779784
1157000,40.6137,7.425191,0.693847,6.731343,0.599781,0.094066,8.838978
1157100,40.6137,7.425191,0.693847,6.731343,0.599781,0.094066,8.783860
1157200,40.6137,7.425191,0.693847,6.731343,0.599781,0.094066,8.763565
1157300,40.6137,7.425191,0.693847,6.731343,0.599781,0.094066,8.841298
1157400,40.6137,7.425191,0.693847,6.731343,0.599781,0.094066,8.877170
1157500,40.6137,7.425191,0.693847,6.731343,0.599781,0.094066,8.751178
1157600,40.6137,7.425191,0.693847,6.731343,0.599781,0.094066,8.751300
1157700,40.6137,7.425191,0.693847,6.731343,0.599781,0.094066,8.839016
1157800,40.6137,7.425191,0.693847,6.731343,0.599781,0.094066,8.816956
1157900,40.6137,7.425191,0.693847,6.731343,0.599781,0.094066,8.751178
1158000,40.6137,7.425191,0.693847,6.731343,0.599781,0.094066,8.815298
1158100,40.6137,7.425191,0.693847,6.731343,0.599781,0.094066,8.841083
1158200,40.6137,7.425191,0.693847,6.731343,0.599781,0.094066,8.789880
1158300,40.6137,7.425191,0.693847,6.731343,0.599781,0.094066,8.790802
1158400,40.6137,7.425191,0.693847,6.731343,0.599781,0.094066,8.751239
1158500,40.6137,7.425191,0.693847,6.731343,0.599781,0.094066,8.827527
1158600,40.6137,7.425191,0.693847,6.731343,0.599781,0.094066,8.832305
1158700,40.6137,7.425191,0.693847,6.731343,0.599781,0.094066,8.751178
1158800,40.6137,7.425191,0.693847,6.731343,0.599781,0.094066,8.802500
1158900,40.6137,7.425191,0.693847,6.731343,0.599781,0.094066,8.881923
1159000,40.6137,7.425191,0.693847,6.731343,0.599781,0.094066,8.843075
1159100,40.6137,7.425191,0.693847,6.731343,0.599781,0.094066,8.776737
1159200,40.6137,7.425191,0.693847,6.731343,0.599781,0.094066,8.772384
1159300,40.6137,7.425191,0.693847,6.731343,0.599781,0.094066,8.812255
1159400,40.6137,7.425191,0.693847,6.731343,0.599781,0.094066,8.886656
1159500,40.6137,7.425191,0.693847,6.731343,0.599781,0.094066,8.798142
1159600,40.6137,7.425191,0.693847,6.731343,0.599781,0.094066,8.751178
1159700,40.6137,7.425191,0.693847,6.731343,0.599781,0.094066,8.838432
1159800,40.6137,7.425191,0.693847,6.731343,0.599781,0.094066,8.780845
1159900,40.6137,7.425191,0.693847,6.731343,0.599781,0.094066,8.751178
1160000,40.6137,7.425191,0.693847,6.731343,0.599781,0.094066,8.845147
1160100,40.6137,7.425191,0.693847,6.731343,0.599781,0.094066,8.751178
1160200,40.6137,7.425191,0.693847,6.731343,0.599781,0.094066,8.775406
1160300,40.6137,7.425191,0.693847,6.731343,0.599781,0.094066,8.907110
1160400,40.6137,7.425191,0.693847,6.731343,0.599781,0.094066,8.816032
1160500,40.6137,7.425191,0.693847,6.731343,0.599781,0.094066,8.818422
1160600,40.6137,7.425191,0.693847,6.731343,0.599781,0.094066,8.833170
1160700,40.6137,7.425191,0.693847,6.731343,0.599781,0.094066,8.751178
1160800,40.6137,7.425191,0.693847,6.731343,0.599781,0.094066,8.800636
1160900,40.6137,7.425191,0.693847,6.731343,0.599781,0.094066,8.791849
1161000,40.6137,7.425191,0.693847,6.731343,0.599781,0.094066,8.751178
1161100,40.6137,7.425191,0.693847,6.731343,0.599781,0.094066,8.839007
1161200,40.6137,7.425191,0.693847,6.731343,0.599781,0.094066,8.752353
1161300,40.6137,7.425191,0.693847,6.731343,0.599781,0.094066,8.753353
1161400,40.6137,7.425191,0.693847,6.731343,0.599781,0.094066,8.839294
1161500,40.6137,7.425191,0.693847,6.731343,0.599781,0.094066,8.812765
1161600,40.6137,7.425191,0.693847,6.731343,0.599781,0.094066,8.751178
1161700,40.6137,7.425191,0.693847,6.731343,0.599781,0.094066,8.811536
1161800,40.6137,7.425191,0.693847,6.731343,0.599781,0.094066,8.819840
1161900,40.6137,7.425191,0.693847,6.731343,0.599781,0.094066,8.855078
1162000,40.6137,7.425191,0.693847,6.731343,0.599781,0.094066,8.812983
1162100,40.6137,7.425191,0.693847,6.731343,0.599781,0.094066,8.751178
1162200,40.6137,7.425191,0.693847,6.731343,0.599781,0.094066,8.819919
1162300,40.6137,7.425191,0.693847,6.731343,0.599781,0.094066,8.849021
1162400,40.6137,7.425191,0.693847,6.731343,0.599781,0.094066,8.777712
1162500,40.6137,7.425191,0.693847,6.731343,0.599781,0.094066,8.774318
1162600,40.6137,7.425191,0.693847,6.731343,0.599781,0.094066,8.770933
1162700,40.6137,7.425191,0.693847,6.731343,0.599781,0.094066,8.838978
1162800,40.6137,7.425191,0.693847,6.731343,0.599781,0.094066,8.789627
1162900,40.6137,7.425191,0.693847,6.731343,0.599781,0.094066,8.766830
1163000,40.6137,7.425191,0.693847,6.731343,0.599781,0.094066,8.809855
1163100,40.6137,7.425191,0.693847,6.731343,0.599781,0.094066,8.808403
1163200,40.6137,7.425191,0.693847,6.731343,0.599781,0.094066,8.790551
1163300,40.6137,7.425191,0.693847,6.731343,0.599781,0.094066,8.771946
1163400,40.6137,7.425191,0.693847,6.731343,0.599781,0.094066,8.794011
1163500,40.6137,7.425191,0.693847,6.731343,0.599781,0.094066,8.800742
1163600,40.6137,7.425191,0.693847,6.731343,0.599781,0.094066,8.755531
1163700,40.6137,7.425191,0.693847,6.731343,0.599781,0.094066,8.786510
1163800,40.6137,7.425191,0.693847,6.731343,0.599781,0.094066,8.805321
1163900,40.6137,7.425191,0.693847,6.731343,0.599781,0.094066,8.829508
1164000,40.6137,7.425191,0.693847,6.731343,0.599781,0.094066,8.756973
1164100,40.6137,7.425191,0.693847,6.731343,0.599781,0.094066,8.795548
1164200,40.6137,7.425191,0.693847,6.731343,0.599781,0.094066,8.830016
1164300,40.6137,7.425191,0.693847,6.731343,0.599781,0.094066,8.843741
1164400,40.6137,7.425191,0.693847,6.731343,0.599781,0.094066,8.751178
1164500,40.6137,7.425191,0.693847,6.731343,0.599781,0.094066,8.765527
1164600,40.6137,7.425191,0.693847,6.731343,0.599781,0.094066,8.867522
1164700,40.6137,7.425191,0.693847,6.731343,0.599781,0.094066,8.751178
1164800,40.6137,7.425191,0.693847,6.731343,0.599781,0.094066,8.791001
1164900,40.6137,7.425191,0.693847,6.731343,0.599781,0.094066,8.832446
1165000,40.6137,7.425191,0.693847,6.731343,0.599781,0.094066,8.815649
1165100,40.6137,7.425191,0.693847,6.731343,0.599781,0.094066,8.895711
1165200,40.6137,7.425191,0.693847,6.731343,0.599781,0.094066,8.756973
1165300,40.6137,7.425191,0.693847,6.731343,0.599781,0.094066,8.765655
1165400,40.6137,7.425191,0.693847,6.731343,0.599781,0.094066,8.877360
1165500,40.6137,7.425191,0.693847,6.731343,0.599781,0.094066,8.856567
1165600,40.6137,7.425191,0.693847,6.731343,0.599781,0.094066,8.776594
1165700,40.6137,7.425191,0.693847,6.731343,0.599781,0.094066,8.790802
1165800,40.6137,7.425191,0.693847,6.731343,0.599781,0.094066,8.825266
1165900,40.6137,7.425191,0.693847,6.731343,0.599781,0.094066,8.772694
1166000,40.6137,7.425191,0.693847,6.731343,0.599781,0.094066,8.796911
1166100,40.6137,7.425191,0.693847,6.731343,0.599781,0.094066,8.803409
1166200,40.6137,7.425191,0.693847,6.731343,0.599781,0.094066,8.765466
1166300,40.6137,7.425191,0.693847,6.731343,0.599781,0.094066,8.802753
1166400,40.6137,7.425191,0.693847,6.731343,0.599781,0.094066,8.835254
1166500,40.6137,7.425191,0.693847,6.731343,0.599781,0.094066,8.783860
1166600,40.6137,7.425191,0.693847,6.731343,0.599781,0.094066,8.775645
1166700,40.6137,7.425191,0.693847,6.731343,0.599781,0.094066,8.793779
1166800,40.6137,7.425191,0.693847,6.731343,0.599781,0.094066,8.810518
1166900,40.6137,7.425191,0.693847,6.731343,0.599781,0.094066,8.790414
1167000,40.6137,7.425191,0.693847,6.731343,0.599781,0.094066,8.765033
1167100,40.6137,7.425191,0.693847,6.731343,0.599781,0.094066,8.788216
1167200,40.6137,7.425191,0.693847,6.731343,0.599781,0.094066,8.806353
1167300,40.6137,7.425191,0.693847,6.731343,0.599781,0.094066,8.751178
1167400,40.6137,7.425191,0.693847,6.731343,0.599781,0.094066,8.790864
1167500,40.6137,7.425191,0.693847,6.731343,0.599781,0.094066,8.809862
1167600,40.6137,7.425191,0.693847,6.731343,0.599781,0.094066,8.806740
1167700,40.6137,7.425191,0.693847,6.731343,0.599781,0.094066,8.809505
1167800,40.6137,7.425191,0.693847,6.731343,0.599781,0.094066,8.811440
1167900,40.6137,7.425191,0.693847,6.731343,0.599781,0.094066,8.770799
1168000,40.6137,7.425191,0.693847,6.731343,0.599781,0.094066,8.794011
1168100,40.6137,7.425191,0.693847,6.731343,0.599781,0.094066,8.805523
1168200,40.6137,7.425191,0.693847,6.731343,0.599781,0.094066,8.755531
1168300,40.6137,7.425191,0.693847,6.731343,0.599781,0.094066,8.797264
1168400,40.6137,7.425191,0.693847,6.731343,0.599781,0.094066,8.844630
1168500,40.6137,7.425191,0.693847,6.731343,0.599781,0.094066,8.809226
1168600,40.6137,7.425191,0.693847,6.731343,0.599781,0.094066,8.811637
1168700,40.6137,7.425191,0.693847,6.731343,0.599781,0.094066,8.862969
1168800,40.6137,7.425191,0.693847,6.731343,0.599781,0.094066,8.898907
1168900,40.6137,7.425191,0.693847,6.731343,0.599781,0.094066,8.777712
1169000,40.6137,7.425191,0.693847,6.731343,0.599781,0.094066,8.758191
1169100,40.6137,7.425191,0.693847,6.731343,0.599781,0.094066,8.815208
1169200,40.6137,7.425191,0.693847,6.731343,0.599781,0.094066,8.823376
1169300,40.6137,7.425191,0.693847,6.731343,0.599781,0.094066,8.864948
1169400,40.6137,7.425191,0.693847,6.731343,0.599781,0.094066,8.833644
1169500,40.6137,7.425191,0.693847,6.731343,0.599781,0.094066,8.751178
1169600,40.6137,7.425191,0.693847,6.731343,0.599781,0.094066,8.800857
1169700,40.6137,7.425191,0.693847,6.731343,0.599781,0.094066,8.863069
1169800,40.6137,7.425191,0.693847,6.731343,0.599781,0.094066,8.842294
1169900,40.6137,7.425191,0.693847,6.731343,0.599781,0.094066,8.778623
1170000,40.6137,7.425191,0.693847,6.731343,0.599781,0.094066,8.795548
1170100,40.6137,7.425191,0.693847,6.731343,0.599781,0.094066,8.830230
1170200,40.6137,7.425191,0.693847,6.731343,0.599781,0.094066,8.837733
1170300,40.6137,7.425191,0.693847,6.731343,0.599781,0.094066,8.756973
1170400,40.6137,7.425191,0.693847,6.731343,0.599781,0.094066,8.751239
1170500,40.6137,7.425191,0.693847,6.731343,0.599781,0.094066,8.876015
1170600,40.6137,7.425191,0.693847,6.731343,0.599781,0.094066,8.756973
1170700,40.6137,7.425191,0.693847,6.731343,0.599781,0.094066,8.765655
1170800,40.6137,7.425191,0.693847,6.731343,0.599781,0.094066,8.864915
1170900,40.6137,7.425191,0.693847,6.731343,0.599781,0.094066,8.858367
1171000,40.6137,7.425191,0.693847,6.731343,0.599781,0.094066,8.809193
1171100,40.6137,7.425191,0.693847,6.731343,0.599781,0.094066,8.793650
1171200,40.6137,7.425191,0.693847,6.731343,0.599781,0.094066,8.791297
1171300,40.6137,7.425191,0.693847,6.731343,0.599781,0.094066,8.847561
1171400,40.6137,7.425191,0.693847,6.731343,0.599781,0.094066,8.864945
1171500,40.6137,7.425191,0.693847,6.731343,0.599781,0.094066,8.751178
1171600,40.6137,7.425191,0.693847,6.731343,0.599781,0.094066,8.795829
1171700,40.6137,7.425191,0.693847,6.731343,0.599781,0.094066,8.806278
1171800,40.6137,7.425191,0.693847,6.731343,0.599781,0.094066,8.751178
1171900,40.6137,7.425191,0.693847,6.731343,0.599781,0.094066,8.836836
1172000,40.6137,7.425191,0.693847,6.731343,0.599781,0.094066,8.777951
1172100,40.6137,7.425191,0.693847,6.731343,0.599781,0.094066,8.751178
1172200,40.6137,7.425191,0.693847,6.731343,0.599781,0.094066,8.860904
1172300,40.6137,7.425191,0.693847,6.731343,0.599781,0.094066,8.791208
1172400,40.6137,7.425191,0.693847,6.731343,0.599781,0.094066,8.751178
1172500,40.6137,7.425191,0.693847,6.731343,0.599781,0.094066,8.839713
1172600,40.6137,7.425191,0.693847,6.731343,0.599781,0.094066,8.776355
1172700,40.6137,7.425191,0.693847,6.731343,0.599781,0.094066,8.773841
1172800,40.6137,7.425191,0.693847,6.731343,0.599781,0.094066,8.847995
1172900,40.6137,7.425191,0.693847,6.731343,0.599781,0.094066,8.751178
1173000,40.6137,7.425191,0.693847,6.731343,0.599781,0.094066,8.776281
1173100,40.6137,7.425191,0.693847,6.731343,0.599781,0.094066,8.818472
1173200,40.6137,7.425191,0.693847,6.731343,0.599781,0.094066,8.751178
1173300,40.6137,7.425191,0.693847,6.731343,0.599781,0.094066,8.783922
1173400,40.6137,7.425191,0.693847,6.731343,0.599781,0.094066,8.819386
1173500,40.6137,7.425191,0.693847,6.731343,0.599781,0.094066,8.776594
1173600,40.6137,7.425191,0.693847,6.731343,0.599781,0.094066,8.828277
1173700,40.6137,7.425191,0.693847,6.731343,0.599781,0.094066,8.815691
1173800,40.6137,7.425191,0.693847,6.731343,0.599781,0.094066,8.770799
1173900,40.6137,7.425191,0.693847,6.731343,0.599781,0.094066,8.789155
1174000,40.6137,7.425191,0.693847,6.731343,0.599781,0.094066,8.810379
1174100,40.6137,7.425191,0.693847,6.731343,0.599781,0.094066,8.751178
1174200,40.6137,7.425191,0.693847,6.731343,0.599781,0.094066,8.836409
1174300,40.6137,7.425191,0.693847,6.731343,0.599781,0.094066,8.836371
1174400,40.6137,7.425191,0.693847,6.731343,0.599781,0.094066,8.772694
1174500,40.6137,7.425191,0.693847,6.731343,0.599781,0.094066,8.809274
1174600,40.6137,7.425191,0.693847,6.731343,0.599781,0.094066,8.839388
1174700,40.6137,7.425191,0.693847,6.731343,0.599781,0.094066,8.833868
1174800,40.6137,7.425191,0.693847,6.731343,0.599781,0.094066,8.779723
1174900,40.6137,7.425191,0.693847,6.731343,0.599781,0.094066,8.751239
1175000,40.6137,7.425191,0.693847,6.731343,0.599781,0.094066,8.840875
1175100,40.6137,7.425191,0.693847,6.731343,0.599781,0.094066,8.788905
1175200,40.6137,7.425191,0.693847,6.731343,0.599781,0.094066,8.751178
1175300,40.6137,7.425191,0.693847,6.731343,0.599781,0.094066,8.850637
1175400,40.6137,7.425191,0.693847,6.731343,0.599781,0.094066,8.875323
1175500,40.6137,7.425191,0.693847,6.731343,0.599781,0.094066,8.841934
1175600,40.6137,7.425191,0.693847,6.731343,0.599781,0.094066,8.793650
1175700,40.6137,7.425191,0.693847,6.731343,0.599781,0.094066,8.751239
1175800,40.6137,7.425191,0.693847,6.731343,0.599781,0.094066,8.917633
1175900,40.6137,7.425191,0.693847,6.731343,0.599781,0.094066,8.779723
1176000,40.6137,7.425191,0.693847,6.731343,0.599781,0.094066,8.758319
1176100,40.6137,7.425191,0.693847,6.731343,0.599781,0.094066,8.858186
1176200,40.6137,7.425191,0.693847,6.731343,0.599781,0.094066,8.826548
1176300,40.6137,7.425191,0.693847,6.731343,0.599781,0.094066,8.751178
1176400,40.6137,7.425191,0.693847,6.731343,0.599781,0.094066,8.801707
1176500,40.6137,7.425191,0.693847,6.731343,0.599781,0.094066,8.800295
1176600,40.6137,7.425191,0.693847,6.731343,0.599781,0.094066,8.789922
1176700,40.6137,7.425191,0.693847,6.731343,0.599781,0.094066,8.780502
1176800,40.6137,7.425191,0.693847,6.731343,0.599781,0.094066,8.823771
1176900,40.6137,7.425191,0.693847,6.731343,0.599781,0.094066,8.826270
1177000,40.6137,7.425191,0.693847,6.731343,0.599781,0.094066,8.858871
1177100,40.6137,7.425191,0.693847,6.731343,0.599781,0.094066,8.806257
1177200,40.6137,7.425191,0.693847,6.731343,0.599781,0.094066,8.751178
1177300,40.6137,7.425191,0.693847,6.731343,0.599781,0.094066,8.835280
1177400,40.6137,7.425191,0.693847,6.731343,0.599781,0.094066,8.851256
1177500,40.6137,7.425191,0.693847,6.731343,0.599781,0.094066,8.836371
1177600,40.6137,7.425191,0.693847,6.731343,0.599781,0.094066,8.810518
1177700,40.6137,7.425191,0.693847,6.731343,0.599781,0.094066,8.771450
1177800,40.6137,7.425191,0.693847,6.731343,0.599781,0.094066,8.793779
1177900,40.6137,7.425191,0.693847,6.731343,0.599781,0.094066,8.794011
1178000,40.6137,7.425191,0.693847,6.731343,0.599781,0.094066,8.784619
1178100,40.6137,7.425191,0.693847,6.731343,0.599781,0.094066,8.767147
1178200,40.6137,7.425191,0.693847,6.731343,0.599781,0.094066,8.788688
1178300,40.6137,7.425191,0.693847,6.731343,0.599781,0.094066,8.832684
1178400,40.6137,7.425191,0.693847,6.731343,0.599781,0.094066,8.799257
1178500,40.6137,7.425191,0.693847,6.731343,0.599781,0.094066,8.793650
1178600,40.6137,7.425191,0.693847,6.731343,0.599781,0.094066,8.798596
1178700,40.6137,7.425191,0.693847,6.731343,0.599781,0.094066,8.778174
1178800,40.6137,7.425191,0.693847,6.731343,0.599781,0.094066,8.779723
1178900,40.6137,7.425191,0.693847,6.731343,0.599781,0.094066,8.798474
1179000,40.6137,7.425191,0.693847,6.731343,0.599781,0.094066,8.783860
1179100,40.6137,7.425191,0.693847,6.731343,0.599781,0.094066,8.780967
1179200,40.6137,7.425191,0.693847,6.731343,0.599781,0.094066,8.777712
1179300,40.6137,7.425191,0.693847,6.731343,0.599781,0.094066,8.810518
1179400,40.6137,7.425191,0.693847,6.731343,0.599781,0.094066,8.757034
1179500,40.6137,7.425191,0.693847,6.731343,0.599781,0.094066,8.837860
1179600,40.6137,7.425191,0.693847,6.731343,0.599781,0.094066,8.794011
1179700,40.6137,7.425191,0.693847,6.731343,0.599781,0.094066,8.768703
1179800,40.6137,7.425191,0.693847,6.731343,0.599781,0.094066,8.827405
1179900,40.6137,7.425191,0.693847,6.731343,0.599781,0.094066,8.897573
1180000,40.6137,7.425191,0.693847,6.731343,0.599781,0.094066,8.784835
1180100,40.6137,7.425191,0.693847,6.731343,0.599781,0.094066,8.795851
1180200,40.6137,7.425191,0.693847,6.731343,0.599781,0.094066,8.845069
1180300,40.6137,7.425191,0.693847,6.731343,0.599781,0.094066,8.770799
1180400,40.6137,7.425191,0.693847,6.731343,0.599781,0.094066,8.765466
1180500,40.6137,7.425191,0.693847,6.731343,0.599781,0.094066,8.834068
1180600,40.6137,7.425191,0.693847,6.731343,0.599781,0.094066,8.751178
1180700,40.6137,7.425191,0.693847,6.731343,0.599781,0.094066,8.794675
1180800,40.6137,7.425191,0.693847,6.731343,0.599781,0.094066,8.796869
1180900,40.6137,7.425191,0.693847,6.731343,0.599781,0.094066,8.751178
1181000,40.6137,7.425191,0.693847,6.731343,0.599781,0.094066,8.810579
1181100,40.6137,7.425191,0.693847,6.731343,0.599781,0.094066,8.818239
1181200,40.6137,7.425191,0.693847,6.731343,0.599781,0.094066,8.777712
1181300,40.6137,7.425191,0.693847,6.731343,0.599781,0.094066,8.788216
1181400,40.6137,7.425191,0.693847,6.731343,0.599781,0.094066,8.818549
1181500,40.6137,7.425191,0.693847,6.731343,0.599781,0.094066,8.839497
1181600,40.6137,7.425191,0.693847,6.731343,0.599781,0.094066,8.790802
1181700,40.6137,7.425191,0.693847,6.731343,0.599781,0.094066,8.751239
1181800,40.6137,7.425191,0.693847,6.731343,0.599781,0.094066,8.801990
1181900,40.6137,7.425191,0.693847,6.731343,0.599781,0.094066,8.853301
1182000,40.6137,7.425191,0.693847,6.731343,0.599781,0.094066,8.751178
1182100,40.6137,7.425191,0.693847,6.731343,0.599781,0.094066,8.779943
1182200,40.6137,7.425191,0.693847,6.731343,0.599781,0.094066,8.867933
1182300,40.6137,7.425191,0.693847,6.731343,0.599781,0.094066,8.819579
1182400,40.6137,7.425191,0.693847,6.731343,0.599781,0.094066,8.783860
1182500,40.6137,7.425191,0.693847,6.731343,0.599781,0.094066,8.758181
1182600,40.6137,7.425191,0.693847,6.731343,0.599781,0.094066,8.812734
1182700,40.6137,7.425191,0.693847,6.731343,0.599781,0.094066,8.841302
1182800,40.6137,7.425191,0.693847,6.731343,0.599781,0.094066,8.756973
1182900,40.6137,7.425191,0.693847,6.731343,0.599781,0.094066,8.795548
1183000,40.6137,7.425191,0.693847,6.731343,0.599781,0.094066,8.873025
1183100,40.6137,7.425191,0.693847,6.731343,0.599781,0.094066,8.858925
1183200,40.6137,7.425191,0.693847,6.731343,0.599781,0.094066,8.751178
1183300,40.6137,7.425191,0.693847,6.731343,0.599781,0.094066,8.792917
1183400,40.6137,7.425191,0.693847,6.731343,0.599781,0.094066,8.843027
1183500,40.6137,7.425191,0.693847,6.731343,0.599781,0.094066,8.886076
1183600,40.6137,7.425191,0.693847,6.731343,0.599781,0.094066,8.801416
1183700,40.6137,7.425191,0.693847,6.731343,0.599781,0.094066,8.751178
1183800,40.6137,7.425191,0.693847,6.731343,0.599781,0.094066,8.798583
1183900,40.6137,7.425191,0.693847,6.731343,0.599781,0.094066,8.837943
1184000,40.6137,7.425191,0.693847,6.731343,0.599781,0.094066,8.756973
1184100,40.6137,7.425191,0.693847,6.731343,0.599781,0.094066,8.805523
1184200,40.6137,7.425191,0.693847,6.731343,0.599781,0.094066,8.794011
1184300,40.6137,7.425191,0.693847,6.731343,0.599781,0.094066,8.761993
1184400,40.6137,7.425191,0.693847,6.731343,0.599781,0.094066,8.849584
1184500,40.6137,7.425191,0.693847,6.731343,0.599781,0.094066,8.788688
1184600,40.6137,7.425191,0.693847,6.731343,0.599781,0.094066,8.755407
1184700,40.6137,7.425191,0.693847,6.731343,0.599781,0.094066,8.843700
1184800,40.6137,7.425191,0.693847,6.731343,0.599781,0.094066,8.793650
1184900,40.6137,7.425191,0.693847,6.731343,0.599781,0.094066,8.759308
1185000,40.6137,7.425191,0.693847,6.731343,0.599781,0.094066,8.811681
1185100,40.6137,7.425191,0.693847,6.731343,0.599781,0.094066,8.779723
1185200,40.6137,7.425191,0.693847,6.731343,0.599781,0.094066,8.800742
1185300,40.6137,7.425191,0.693847,6.731343,0.599781,0.094066,8.783860
1185400,40.6137,7.425191,0.693847,6.731343,0.599781,0.094066,8.758181
1185500,40.6137,7.425191,0.693847,6.731343,0.599781,0.094066,8.779327
1185600,40.6137,7.425191,0.693847,6.731343,0.599781,0.094066,8.869051
1185700,40.6137,7.425191,0.693847,6.731343,0.599781,0.094066,8.756973
1185800,40.6137,7.425191,0.693847,6.731343,0.599781,0.094066,8.768703
1185900,40.6137,7.425191,0.693847,6.731343,0.599781,0.094066,8.850574
1186000,40.6137,7.425191,0.693847,6.731343,0.599781,0.094066,8.751178
1186100,40.6137,7.425191,0.693847,6.731343,0.599781,0.094066,8.786870
1186200,40.6137,7.425191,0.693847,6.731343,0.599781,0.094066,8.809456
1186300,40.6137,7.425191,0.693847,6.731343,0.599781,0.094066,8.751178
1186400,40.6137,7.425191,0.693847,6.731343,0.599781,0.094066,8.878108
1186500,40.6137,7.425191,0.693847,6.731343,0.599781,0.094066,8.820184
1186600,40.6137,7.425191,0.693847,6.731343,0.599781,0.094066,8.751178
1186700,40.6137,7.425191,0.693847,6.731343,0.599781,0.094066,8.816886
1186800,40.6137,7.425191,0.693847,6.731343,0.599781,0.094066,8.872859
1186900,40.6137,7.425191,0.693847,6.731343,0.599781,0.094066,8.777712
1187000,40.6137,7.425191,0.693847,6.731343,0.599781,0.094066,8.783860
1187100,40.6137,7.425191,0.693847,6.731343,0.599781,0.094066,8.758181
1187200,40.6137,7.425191,0.693847,6.731343,0.599781,0.094066,8.838978
1187300,40.6137,7.425191,0.693847,6.731343,0.599781,0.094066,8.832528
1187400,40.6137,7.425191,0.693847,6.731343,0.599781,0.094066,8.765894
1187500,40.6137,7.425191,0.693847,6.731343,0.599781,0.094066,8.844945
1187600,40.6137,7.425191,0.693847,6.731343,0.599781,0.094066,8.856617
1187700,40.6137,7.425191,0.693847,6.731343,0.599781,0.094066,8.756973
1187800,40.6137,7.425191,0.693847,6.731343,0.599781,0.094066,8.751239
1187900,40.6137,7.425191,0.693847,6.731343,0.599781,0.094066,8.839919
1188000,40.6137,7.425191,0.693847,6.731343,0.599781,0.094066,8.789861
1188100,40.6137,7.425191,0.693847,6.731343,0.599781,0.094066,8.773841
1188200,40.6137,7.425191,0.693847,6.731343,0.599781,0.094066,8.837946
1188300,40.6137,7.425191,0.693847,6.731343,0.599781,0.094066,8.840788
1188400,40.6137,7.425191,0.693847,6.731343,0.599781,0.094066,8.802649
1188500,40.6137,7.425191,0.693847,6.731343,0.599781,0.094066,8.779723
1188600,40.6137,7.425191,0.693847,6.731343,0.599781,0.094066,8.751239
1188700,40.6137,7.425191,0.693847,6.731343,0.599781,0.094066,8.845126
1188800,40.6137,7.425191,0.693847,6.731343,0.599781,0.094066,8.784654
1188900,40.6137,7.425191,0.693847,6.731343,0.599781,0.094066,8.751178
1189000,40.6137,7.425191,0.693847,6.731343,0.599781,0.094066,8.872093
1189100,40.6137,7.425191,0.693847,6.731343,0.599781,0.094066,8.876443
1189200,40.6137,7.425191,0.693847,6.731343,0.599781,0.094066,8.913141
1189300,40.6137,7.425191,0.693847,6.731343,0.599781,0.094066,8.867762
1189400,40.6137,7.425191,0.693847,6.731343,0.599781,0.094066,8.844609
1189500,40.6137,7.425191,0.693847,6.731343,0.599781,0.094066,8.790882
1189600,40.6137,7.425191,0.693847,6.731343,0.599781,0.094066,8.779723
1189700,40.6137,7.425191,0.693847,6.731343,0.599781,0.094066,8.805645
1189800,40.6137,7.425191,0.693847,6.731343,0.599781,0.094066,8.803481
1189900,40.6137,7.425191,0.693847,6.731343,0.599781,0.094066,8.758120
1190000,40.6137,7.425191,0.693847,6.731343,0.599781,0.094066,8.805523
1190100,40.6137,7.425191,0.693847,6.731343,0.599781,0.094066,8.801646
1190200,40.6137,7.425191,0.693847,6.731343,0.599781,0.094066,8.774208
1190300,40.6137,7.425191,0.693847,6.731343,0.599781,0.094066,8.836433
1190400,40.6137,7.425191,0.693847,6.731343,0.599781,0.094066,8.799239
1190500,40.6137,7.425191,0.693847,6.731343,0.599781,0.094066,8.783411
1190600,40.6137,7.425191,0.693847,6.731343,0.599781,0.094066,8.793779
1190700,40.6137,7.425191,0.693847,6.731343,0.599781,0.094066,8.780880
1190800,40.6137,7.425191,0.693847,6.731343,0.599781,0.094066,8.797751
1190900,40.6137,7.425191,0.693847,6.731343,0.599781,0.094066,8.765033
1191000,40.6137,7.425191,0.693847,6.731343,0.599781,0.094066,8.790802
1191100,40.6137,7.425191,0.693847,6.731343,0.599781,0.094066,8.800558
1191200,40.6137,7.425191,0.693847,6.731343,0.599781,0.094066,8.759782
1191300,40.6137,7.425191,0.693847,6.731343,0.599781,0.094066,8.807770
1191400,40.6137,7.425191,0.693847,6.731343,0.599781,0.094066,8.804836
1191500,40.6137,7.425191,0.693847,6.731343,0.599781,0.094066,8.790858
1191600,40.6137,7.425191,0.693847,6.731343,0.599781,0.094066,8.791897
1191700,40.6137,7.425191,0.693847,6.731343,0.599781,0.094066,8.791260
1191800,40.6137,7.425191,0.693847,6.731343,0.599781,0.094066,8.835591
1191900,40.6137,7.425191,0.693847,6.731343,0.599781,0.094066,8.873952
1192000,40.6137,7.425191,0.693847,6.731343,0.599781,0.094066,8.777712
1192100,40.6137,7.425191,0.693847,6.731343,0.599781,0.094066,8.798557
1192200,40.6137,7.425191,0.693847,6.731343,0.599781,0.094066,8.820353
1192300,40.6137,7.425191,0.693847,6.731343,0.599781,0.094066,8.770799
1192400,40.6137,7.425191,0.693847,6.731343,0.599781,0.094066,8.780880
1192500,40.6137,7.425191,0.693847,6.731343,0.599781,0.094066,8.818654
1192600,40.6137,7.425191,0.693847,6.731343,0.599781,0.094066,8.751178
1192700,40.6137,7.425191,0.693847,6.731343,0.599781,0.094066,8.813832
1192800,40.6137,7.425191,0.693847,6.731343,0.599781,0.094066,8.777712
1192900,40.6137,7.425191,0.693847,6.731343,0.599781,0.094066,8.759782
1193000,40.6137,7.425191,0.693847,6.731343,0.599781,0.094066,8.811285
1193100,40.6137,7.425191,0.693847,6.731343,0.599781,0.094066,8.899995
1193200,40.6137,7.425191,0.693847,6.731343,0.599781,0.094066,8.807986
1193300,40.6137,7.425191,0.693847,6.731343,0.599781,0.094066,8.808127
1193400,40.6137,7.425191,0.693847,6.731343,0.599781,0.094066,8.825290
1193500,40.6137,7.425191,0.693847,6.731343,0.599781,0.094066,8.826771
1193600,40.6137,7.425191,0.693847,6.731343,0.599781,0.094066,8.779723
1193700,40.6137,7.425191,0.693847,6.731343,0.599781,0.094066,8.751239
1193800,40.6137,7.425191,0.693847,6.731343,0.599781,0.094066,8.845126
1193900,40.6137,7.425191,0.693847,6.731343,0.599781,0.094066,8.784654
1194000,40.6137,7.425191,0.693847,6.731343,0.599781,0.094066,8.751178
1194100,40.6137,7.425191,0.693847,6.731343,0.599781,0.094066,8.854888
1194200,40.6137,7.425191,0.693847,6.731343,0.599781,0.094066,8.835964
1194300,40.6137,7.425191,0.693847,6.731343,0.599781,0.094066,8.777712
1194400,40.6137,7.425191,0.693847,6.731343,0.599781,0.094066,8.792836
1194500,40.6137,7.425191,0.693847,6.731343,0.599781,0.094066,8.752415
1194600,40.6137,7.425191,0.693847,6.731343,0.599781,0.094066,8.841092
1194700,40.6137,7.425191,0.693847,6.731343,0.599781,0.094066,8.788688
1194800,40.6137,7.425191,0.693847,6.731343,0.599781,0.094066,8.765442
1194900,40.6137,7.425191,0.693847,6.731343,0.599781,0.094066,8.848167
1195000,40.6137,7.425191,0.693847,6.731343,0.599781,0.094066,8.897197
1195100,40.6137,7.425191,0.693847,6.731343,0.599781,0.094066,8.871193
1195200,40.6137,7.425191,0.693847,6.731343,0.599781,0.094066,8.811960
1195300,40.6137,7.425191,0.693847,6.731343,0.599781,0.094066,8.788332
1195400,40.6137,7.425191,0.693847,6.731343,0.599781,0.094066,8.848478
1195500,40.6137,7.425191,0.693847,6.731343,0.599781,0.094066,8.888188
1195600,40.6137,7.425191,0.693847,6.731343,0.599781,0.094066,8.751178
1195700,40.6137,7.425191,0.693847,6.731343,0.599781,0.094066,8.763264
1195800,40.6137,7.425191,0.693847,6.731343,0.599781,0.094066,8.852804
1195900,40.6137,7.425191,0.693847,6.731343,0.599781,0.094066,8.751178
1196000,40.6137,7.425191,0.693847,6.731343,0.599781,0.094066,8.802414
1196100,40.6137,7.425191,0.693847,6.731343,0.599781,0.094066,8.804755
1196200,40.6137,7.425191,0.693847,6.731343,0.599781,0.094066,8.751178
1196300,40.6137,7.425191,0.693847,6.731343,0.599781,0.094066,8.808110
1196400,40.6137,7.425191,0.693847,6.731343,0.599781,0.094066,8.880705
1196500,40.6137,7.425191,0.693847,6.731343,0.599781,0.094066,8.810475
1196600,40.6137,7.425191,0.693847,6.731343,0.599781,0.094066,8.846863
1196700,40.6137,7.425191,0.693847,6.731343,0.599781,0.094066,8.817826
1196800,40.6137,7.425191,0.693847,6.731343,0.599781,0.094066,8.815401
1196900,40.6137,7.425191,0.693847,6.731343,0.599781,0.094066,8.853304
1197000,40.6137,7.425191,0.693847,6.731343,0.599781,0.094066,8.810475
1197100,40.6137,7.425191,0.693847,6.731343,0.599781,0.094066,8.817644
1197200,40.6137,7.425191,0.693847,6.731343,0.599781,0.094066,8.804239
1197300,40.6137,7.425191,0.693847,6.731343,0.599781,0.094066,8.751178
1197400,40.6137,7.425191,0.693847,6.731343,0.599781,0.094066,8.794072
1197500,40.6137,7.425191,0.693847,6.731343,0.599781,0.094066,8.812444
1197600,40.6137,7.425191,0.693847,6.731343,0.599781,0.094066,8.780947
1197700,40.6137,7.425191,0.693847,6.731343,0.599781,0.094066,8.786449
1197800,40.6137,7.425191,0.693847,6.731343,0.599781,0.094066,8.805645
1197900,40.6137,7.425191,0.693847,6.731343,0.599781,0.094066,8.815472
1198000,40.6137,7.425191,0.693847,6.731343,0.599781,0.094066,8.793650
1198100,40.6137,7.425191,0.693847,6.731343,0.599781,0.094066,8.805523
1198200,40.6137,7.425191,0.693847,6.731343,0.599781,0.094066,8.765466
1198300,40.6137,7.425191,0.693847,6.731343,0.599781,0.094066,8.825330
1198400,40.6137,7.425191,0.693847,6.731343,0.599781,0.094066,8.836371
1198500,40.6137,7.425191,0.693847,6.731343,0.599781,0.094066,8.783860
1198600,40.6137,7.425191,0.693847,6.731343,0.599781,0.094066,8.772384
1198700,40.6137,7.425191,0.693847,6.731343,0.599781,0.094066,8.825504
1198800,40.6137,7.425191,0.693847,6.731343,0.599781,0.094066,8.871823
1198900,40.6137,7.425191,0.693847,6.731343,0.599781,0.094066,8.756973
1199000,40.6137,7.425191,0.693847,6.731343,0.599781,0.094066,8.751239
1199100,40.6137,7.425191,0.693847,6.731343,0.599781,0.094066,8.905030
1199200,40.6137,7.425191,0.693847,6.731343,0.599781,0.094066,8.792325
1199300,40.6137,7.425191,0.693847,6.731343,0.599781,0.094066,8.751178
1199400,40.6137,7.425191,0.693847,6.731343,0.599781,0.094066,8.837971
1199500,40.6137,7.425191,0.693847,6.731343,0.599781,0.094066,8.847418
1199600,40.6137,7.425191,0.693847,6.731343,0.599781,0.094066,8.801521
1199700,40.6137,7.425191,0.693847,6.731343,0.599781,0.094066,8.793650
1199800,40.6137,7.425191,0.693847,6.731343,0.599781,0.094066,8.751239
1199900,40.6137,7.425191,0.693847,6.731343,0.599781,0.094066,8.833645
1200000,40.6137,7.425191,0.693847,6.731343,0.599781,0.094066,8.799344
1200100,40.6137,7.425191,0.693847,6.731343,0.599781,0.094066,8.752117
1200200,40.6137,7.425191,0.693847,6.731343,0.599781,0.094066,8.848461
1200300,40.6137,7.425191,0.693847,6.731343,0.599781,0.094066,8.842475
1200400,40.6137,7.425191,0.693847,6.731343,0.599781,0.094066,8.751178
1200500,40.6137,7.425191,0.693847,6.731343,0.599781,0.094066,8.810579
1200600,40.6137,7.425191,0.693847,6.731343,0.599781,0.094066,8.786297
1200700,40.6137,7.425191,0.693847,6.731343,0.599781,0.094066,8.809654
1200800,40.6137,7.425191,0.693847,6.731343,0.599781,0.094066,8.788216
1200900,40.6137,7.425191,0.693847,6.731343,0.599781,0.094066,8.771450
1201000,40.6137,7.425191,0.693847,6.731343,0.599781,0.094066,8.840535
1201100,40.6137,7.425191,0.693847,6.731343,0.599781,0.094066,8.912760
1201200,40.6137,7.425191,0.693847,6.731343,0.599781,0.094066,8.777712
1201300,40.6137,7.425191,0.693847,6.731343,0.599781,0.094066,8.789148
1201400,40.6137,7.425191,0.693847,6.731343,0.599781,0.094066,8.800903
1201500,40.6137,7.425191,0.693847,6.731343,0.599781,0.094066,8.815401
1201600,40.6137,7.425191,0.693847,6.731343,0.599781,0.094066,8.835315
1201700,40.6137,7.425191,0.693847,6.731343,0.599781,0.094066,8.811199
1201800,40.6137,7.425191,0.693847,6.731343,0.599781,0.094066,8.774498
1201900,40.6137,7.425191,0.693847,6.731343,0.599781,0.094066,8.793779
1202000,40.6137,7.425191,0.693847,6.731343,0.599781,0.094066,8.794011
1202100,40.6137,7.425191,0.693847,6.731343,0.599781,0.094066,8.784619
1202200,40.6137,7.425191,0.693847,6.731343,0.599781,0.094066,8.769386
1202300,40.6137,7.425191,0.693847,6.731343,0.599781,0.094066,8.786449
1202400,40.6137,7.425191,0.693847,6.731343,0.599781,0.094066,8.832684
1202500,40.6137,7.425191,0.693847,6.731343,0.599781,0.094066,8.808108
1202600,40.6137,7.425191,0.693847,6.731343,0.599781,0.094066,8.784799
1202700,40.6137,7.425191,0.693847,6.731343,0.599781,0.094066,8.798596
1202800,40.6137,7.425191,0.693847,6.731343,0.599781,0.094066,8.787026
1202900,40.6137,7.425191,0.693847,6.731343,0.599781,0.094066,8.770872
1203000,40.6137,7.425191,0.693847,6.731343,0.599781,0.094066,8.798474
1203100,40.6137,7.425191,0.693847,6.731343,0.599781,0.094066,8.789627
1203200,40.6137,7.425191,0.693847,6.731343,0.599781,0.094066,8.775200
1203300,40.6137,7.425191,0.693847,6.731343,0.599781,0.094066,8.779826
1203400,40.6137,7.425191,0.693847,6.731343,0.599781,0.094066,8.808403
1203500,40.6137,7.425191,0.693847,6.731343,0.599781,0.094066,8.757034
1203600,40.6137,7.425191,0.693847,6.731343,0.599781,0.094066,8.837860
1203700,40.6137,7.425191,0.693847,6.731343,0.599781,0.094066,8.794011
1203800,40.6137,7.425191,0.693847,6.731343,0.599781,0.094066,8.768703
1203900,40.6137,7.425191,0.693847,6.731343,0.599781,0.094066,8.812094
1204000,40.6137,7.425191,0.693847,6.731343,0.599781,0.094066,8.786449
1204100,40.6137,7.425191,0.693847,6.731343,0.599781,0.094066,8.784755
1204200,40.6137,7.425191,0.693847,6.731343,0.599781,0.094066,8.803460
1204300,40.6137,7.425191,0.693847,6.731343,0.599781,0.094066,8.784799
1204400,40.6137,7.425191,0.693847,6.731343,0.599781,0.094066,8.810610
1204500,40.6137,7.425191,0.693847,6.731343,0.599781,0.094066,8.845685
1204600,40.6137,7.425191,0.693847,6.731343,0.599781,0.094066,8.770872
1204700,40.6137,7.425191,0.693847,6.731343,0.599781,0.094066,8.765655
1204800,40.6137,7.425191,0.693847,6.731343,0.599781,0.094066,8.880017
1204900,40.6137,7.425191,0.693847,6.731343,0.599781,0.094066,8.797380
1205000,40.6137,7.425191,0.693847,6.731343,0.599781,0.094066,8.753292
1205100,40.6137,7.425191,0.693847,6.731343,0.599781,0.094066,8.830475
1205200,40.6137,7.425191,0.693847,6.731343,0.599781,0.094066,8.818239
1205300,40.6137,7.425191,0.693847,6.731343,0.599781,0.094066,8.777712
1205400,40.6137,7.425191,0.693847,6.731343,0.599781,0.094066,8.788216
1205500,40.6137,7.425191,0.693847,6.731343,0.599781,0.094066,8.808393
1205600,40.6137,7.425191,0.693847,6.731343,0.599781,0.094066,8.844314
1205700,40.6137,7.425191,0.693847,6.731343,0.599781,0.094066,8.817336
1205800,40.6137,7.425191,0.693847,6.731343,0.599781,0.094066,8.751239
1205900,40.6137,7.425191,0.693847,6.731343,0.599781,0.094066,8.801990
1206000,40.6137,7.425191,0.693847,6.731343,0.599781,0.094066,8.853301
1206100,40.6137,7.425191,0.693847,6.731343,0.599781,0.094066,8.751178
1206200,40.6137,7.425191,0.693847,6.731343,0.599781,0.094066,8.779943
1206300,40.6137,7.425191,0.693847,6.731343,0.599781,0.094066,8.839020
1206400,40.6137,7.425191,0.693847,6.731343,0.599781,0.094066,8.805387
1206500,40.6137,7.425191,0.693847,6.731343,0.599781,0.094066,8.783860
1206600,40.6137,7.425191,0.693847,6.731343,0.599781,0.094066,8.758181
1206700,40.6137,7.425191,0.693847,6.731343,0.599781,0.094066,8.808167
1206800,40.6137,7.425191,0.693847,6.731343,0.599781,0.094066,8.845870
1206900,40.6137,7.425191,0.693847,6.731343,0.599781,0.094066,8.756973
1207000,40.6137,7.425191,0.693847,6.731343,0.599781,0.094066,8.789992
1207100,40.6137,7.425191,0.693847,6.731343,0.599781,0.094066,8.870994
1207200,40.6137,7.425191,0.693847,6.731343,0.599781,0.094066,8.839979
1207300,40.6137,7.425191,0.693847,6.731343,0.599781,0.094066,8.777712
1207400,40.6137,7.425191,0.693847,6.731343,0.599781,0.094066,8.790802
1207500,40.6137,7.425191,0.693847,6.731343,0.599781,0.094066,8.809374
1207600,40.6137,7.425191,0.693847,6.731343,0.599781,0.094066,8.868596
1207700,40.6137,7.425191,0.693847,6.731343,0.599781,0.094066,8.848136
1207800,40.6137,7.425191,0.693847,6.731343,0.599781,0.094066,8.751178
1207900,40.6137,7.425191,0.693847,6.731343,0.599781,0.094066,8.797450
1208000,40.6137,7.425191,0.693847,6.731343,0.599781,0.094066,8.807866
1208100,40.6137,7.425191,0.693847,6.731343,0.599781,0.094066,8.751178
1208200,40.6137,7.425191,0.693847,6.731343,0.599781,0.094066,8.818235
1208300,40.6137,7.425191,0.693847,6.731343,0.599781,0.094066,8.771041
1208400,40.6137,7.425191,0.693847,6.731343,0.599781,0.094066,8.751178
1208500,40.6137,7.425191,0.693847,6.731343,0.599781,0.094066,8.883153
1208600,40.6137,7.425191,0.693847,6.731343,0.599781,0.094066,8.776594
1208700,40.6137,7.425191,0.693847,6.731343,0.599781,0.094066,8.751239
1208800,40.6137,7.425191,0.693847,6.731343,0.599781,0.094066,8.842325
1208900,40.6137,7.425191,0.693847,6.731343,0.599781,0.094066,8.785974
1209000,40.6137,7.425191,0.693847,6.731343,0.599781,0.094066,8.753292
1209100,40.6137,7.425191,0.693847,6.731343,0.599781,0.094066,8.819499
1209200,40.6137,7.425191,0.693847,6.731343,0.599781,0.094066,8.770872
1209300,40.6137,7.425191,0.693847,6.731343,0.599781,0.094066,8.774025
1209400,40.6137,7.425191,0.693847,6.731343,0.599781,0.094066,8.816161
1209500,40.6137,7.425191,0.693847,6.731343,0.599781,0.094066,8.752353
1209600,40.6137,7.425191,0.693847,6.731343,0.599781,0.094066,8.753353
1209700,40.6137,7.425191,0.693847,6.731343,0.599781,0.094066,8.895085
1209800,40.6137,7.425191,0.693847,6.731343,0.599781,0.094066,8.756973
1209900,40.6137,7.425191,0.693847,6.731343,0.599781,0.094066,8.768703
1210000,40.6137,7.425191,0.693847,6.731343,0.599781,0.094066,8.868123
1210100,40.6137,7.425191,0.693847,6.731343,0.599781,0.094066,8.861629
1210200,40.6137,7.425191,0.693847,6.731343,0.599781,0.094066,8.787621
1210300,40.6137,7.425191,0.693847,6.731343,0.599781,0.094066,8.786449
1210400,40.6137,7.425191,0.693847,6.731343,0.599781,0.094066,8.788405
1210500,40.6137,7.425191,0.693847,6.731343,0.599781,0.094066,8.846915
1210600,40.6137,7.425191,0.693847,6.731343,0.599781,0.094066,8.811332
1210700,40.6137,7.425191,0.693847,6.731343,0.599781,0.094066,8.751178
1210800,40.6137,7.425191,0.693847,6.731343,0.599781,0.094066,8.774379
1210900,40.6137,7.425191,0.693847,6.731343,0.599781,0.094066,8.858671
1211000,40.6137,7.425191,0.693847,6.731343,0.599781,0.094066,8.751178
1211100,40.6137,7.425191,0.693847,6.731343,0.599781,0.094066,8.796768
1211200,40.6137,7.425191,0.693847,6.731343,0.599781,0.094066,8.811864
1211300,40.6137,7.425191,0.693847,6.731343,0.599781,0.094066,8.814624
1211400,40.6137,7.425191,0.693847,6.731343,0.599781,0.094066,8.808403
1211500,40.6137,7.425191,0.693847,6.731343,0.599781,0.094066,8.757034
1211600,40.6137,7.425191,0.693847,6.731343,0.599781,0.094066,8.800295
1211700,40.6137,7.425191,0.693847,6.731343,0.599781,0.094066,8.867798
1211800,40.6137,7.425191,0.693847,6.731343,0.599781,0.094066,8.771222
1211900,40.6137,7.425191,0.693847,6.731343,0.599781,0.094066,8.755531
1212000,40.6137,7.425191,0.693847,6.731343,0.599781,0.094066,8.833745
1212100,40.6137,7.425191,0.693847,6.731343,0.599781,0.094066,8.751178
1212200,40.6137,7.425191,0.693847,6.731343,0.599781,0.094066,8.804455
1212300,40.6137,7.425191,0.693847,6.731343,0.599781,0.094066,8.834426
1212400,40.6137,7.425191,0.693847,6.731343,0.599781,0.094066,8.751178
1212500,40.6137,7.425191,0.693847,6.731343,0.599781,0.094066,8.765527
1212600,40.6137,7.425191,0.693847,6.731343,0.599781,0.094066,8.840989
1212700,40.6137,7.425191,0.693847,6.731343,0.599781,0.094066,8.833978
1212800,40.6137,7.425191,0.693847,6.731343,0.599781,0.094066,8.871602
1212900,40.6137,7.425191,0.693847,6.731343,0.599781,0.094066,8.843313
1213000,40.6137,7.425191,0.693847,6.731343,0.599781,0.094066,8.751178
1213100,40.6137,7.425191,0.693847,6.731343,0.599781,0.094066,8.824995
1213200,40.6137,7.425191,0.693847,6.731343,0.599781,0.094066,8.831086
1213300,40.6137,7.425191,0.693847,6.731343,0.599781,0.094066,8.844609
1213400,40.6137,7.425191,0.693847,6.731343,0.599781,0.094066,8.814750
1213500,40.6137,7.425191,0.693847,6.731343,0.599781,0.094066,8.756973
1213600,40.6137,7.425191,0.693847,6.731343,0.599781,0.094066,8.802597
1213700,40.6137,7.425191,0.693847,6.731343,0.599781,0.094066,8.810423
1213800,40.6137,7.425191,0.693847,6.731343,0.599781,0.094066,8.751178
1213900,40.6137,7.425191,0.693847,6.731343,0.599781,0.094066,8.828186
1214000,40.6137,7.425191,0.693847,6.731343,0.599781,0.094066,8.793650
1214100,40.6137,7.425191,0.693847,6.731343,0.599781,0.094066,8.774208
1214200,40.6137,7.425191,0.693847,6.731343,0.599781,0.094066,8.849542
1214300,40.6137,7.425191,0.693847,6.731343,0.599781,0.094066,8.779723
1214400,40.6137,7.425191,0.693847,6.731343,0.599781,0.094066,8.768703
1214500,40.6137,7.425191,0.693847,6.731343,0.599781,0.094066,8.840423
1214600,40.6137,7.425191,0.693847,6.731343,0.599781,0.094066,8.758120
1214700,40.6137,7.425191,0.693847,6.731343,0.599781,0.094066,8.784755
1214800,40.6137,7.425191,0.693847,6.731343,0.599781,0.094066,8.831285
1214900,40.6137,7.425191,0.693847,6.731343,0.599781,0.094066,8.756973
1215000,40.6137,7.425191,0.693847,6.731343,0.599781,0.094066,8.800742
1215100,40.6137,7.425191,0.693847,6.731343,0.599781,0.094066,8.788216
1215200,40.6137,7.425191,0.693847,6.731343,0.599781,0.094066,8.757034
1215300,40.6137,7.425191,0.693847,6.731343,0.599781,0.094066,8.786610
1215400,40.6137,7.425191,0.693847,6.731343,0.599781,0.094066,8.846594
1215500,40.6137,7.425191,0.693847,6.731343,0.599781,0.094066,8.751178
1215600,40.6137,7.425191,0.693847,6.731343,0.599781,0.094066,8.806672
1215700,40.6137,7.425191,0.693847,6.731343,0.599781,0.094066,8.854067
1215800,40.6137,7.425191,0.693847,6.731343,0.599781,0.094066,8.850908
1215900,40.6137,7.425191,0.693847,6.731343,0.599781,0.094066,8.777773
1216000,40.6137,7.425191,0.693847,6.731343,0.599781,0.094066,8.811199
1216100,40.6137,7.425191,0.693847,6.731343,0.599781,0.094066,8.801344
1216200,40.6137,7.425191,0.693847,6.731343,0.599781,0.094066,8.830168
1216300,40.6137,7.425191,0.693847,6.731343,0.599781,0.094066,8.820545
1216400,40.6137,7.425191,0.693847,6.731343,0.599781,0.094066,8.751178
1216500,40.6137,7.425191,0.693847,6.731343,0.599781,0.094066,8.755592
1216600,40.6137,7.425191,0.693847,6.731343,0.599781,0.094066,8.874249
1216700,40.6137,7.425191,0.693847,6.731343,0.599781,0.094066,8.751178
1216800,40.6137,7.425191,0.693847,6.731343,0.599781,0.094066,8.797169
1216900,40.6137,7.425191,0.693847,6.731343,0.599781,0.094066,8.858911
1217000,40.6137,7.425191,0.693847,6.731343,0.599781,0.094066,8.812483
1217100,40.6137,7.425191,0.693847,6.731343,0.599781,0.094066,8.774318
1217200,40.6137,7.425191,0.693847,6.731343,0.599781,0.094066,8.770933
1217300,40.6137,7.425191,0.693847,6.731343,0.599781,0.094066,8.812444
1217400,40.6137,7.425191,0.693847,6.731343,0.599781,0.094066,8.816161
1217500,40.6137,7.425191,0.693847,6.731343,0.599781,0.094066,8.752353
1217600,40.6137,7.425191,0.693847,6.731343,0.599781,0.094066,8.797663
1217700,40.6137,7.425191,0.693847,6.731343,0.599781,0.094066,8.887394
1217800,40.6137,7.425191,0.693847,6.731343,0.599781,0.094066,8.783507
1217900,40.6137,7.425191,0.693847,6.731343,0.599781,0.094066,8.751178
1218000,40.6137,7.425191,0.693847,6.731343,0.599781,0.094066,8.794072
1218100,40.6137,7.425191,0.693847,6.731343,0.599781,0.094066,8.838978
1218200,40.6137,7.425191,0.693847,6.731343,0.599781,0.094066,8.755531
1218300,40.6137,7.425191,0.693847,6.731343,0.599781,0.094066,8.800713
1218400,40.6137,7.425191,0.693847,6.731343,0.599781,0.094066,8.807955
1218500,40.6137,7.425191,0.693847,6.731343,0.599781,0.094066,8.782692
1218600,40.6137,7.425191,0.693847,6.731343,0.599781,0.094066,8.814125
1218700,40.6137,7.425191,0.693847,6.731343,0.599781,0.094066,8.776197
1218800,40.6137,7.425191,0.693847,6.731343,0.599781,0.094066,8.774318
1218900,40.6137,7.425191,0.693847,6.731343,0.599781,0.094066,8.816478
1219000,40.6137,7.425191,0.693847,6.731343,0.599781,0.094066,8.836371
1219100,40.6137,7.425191,0.693847,6.731343,0.599781,0.094066,8.789627
1219200,40.6137,7.425191,0.693847,6.731343,0.599781,0.094066,8.766830
1219300,40.6137,7.425191,0.693847,6.731343,0.599781,0.094066,8.828338
1219400,40.6137,7.425191,0.693847,6.731343,0.599781,0.094066,8.922911
1219500,40.6137,7.425191,0.693847,6.731343,0.599781,0.094066,8.782389
1219600,40.6137,7.425191,0.693847,6.731343,0.599781,0.094066,8.751178
1219700,40.6137,7.425191,0.693847,6.731343,0.599781,0.094066,8.852839
1219800,40.6137,7.425191,0.693847,6.731343,0.599781,0.094066,8.865269
1219900,40.6137,7.425191,0.693847,6.731343,0.599781,0.094066,8.788743
1220000,40.6137,7.425191,0.693847,6.731343,0.599781,0.094066,8.790802
1220100,40.6137,7.425191,0.693847,6.731343,0.599781,0.094066,8.797375
1220200,40.6137,7.425191,0.693847,6.731343,0.599781,0.094066,8.800614
1220300,40.6137,7.425191,0.693847,6.731343,0.599781,0.094066,8.806008
1220400,40.6137,7.425191,0.693847,6.731343,0.599781,0.094066,8.866750
1220500,40.6137,7.425191,0.693847,6.731343,0.599781,0.094066,8.815530
1220600,40.6137,7.425191,0.693847,6.731343,0.599781,0.094066,8.761202
1220700,40.6137,7.425191,0.693847,6.731343,0.599781,0.094066,8.799561
1220800,40.6137,7.425191,0.693847,6.731343,0.599781,0.094066,8.788216
1220900,40.6137,7.425191,0.693847,6.731343,0.599781,0.094066,8.757034
1221000,40.6137,7.425191,0.693847,6.731343,0.599781,0.094066,8.812444
1221100,40.6137,7.425191,0.693847,6.731343,0.599781,0.094066,8.816218
1221200,40.6137,7.425191,0.693847,6.731343,0.599781,0.094066,8.751178
1221300,40.6137,7.425191,0.693847,6.731343,0.599781,0.094066,8.821259
1221400,40.6137,7.425191,0.693847,6.731343,0.599781,0.094066,8.895217
1221500,40.6137,7.425191,0.693847,6.731343,0.599781,0.094066,8.836371
1221600,40.6137,7.425191,0.693847,6.731343,0.599781,0.094066,8.765466
1221700,40.6137,7.425191,0.693847,6.731343,0.599781,0.094066,8.794200
1221800,40.6137,7.425191,0.693847,6.731343,0.599781,0.094066,8.807741
1221900,40.6137,7.425191,0.693847,6.731343,0.599781,0.094066,8.783860
1222000,40.6137,7.425191,0.693847,6.731343,0.599781,0.094066,8.791697
1222100,40.6137,7.425191,0.693847,6.731343,0.599781,0.094066,8.771946
1222200,40.6137,7.425191,0.693847,6.731343,0.599781,0.094066,8.801646
1222300,40.6137,7.425191,0.693847,6.731343,0.599781,0.094066,8.800742
1222400,40.6137,7.425191,0.693847,6.731343,0.599781,0.094066,8.751239
1222500,40.6137,7.425191,0.693847,6.731343,0.599781,0.094066,8.802631
1222600,40.6137,7.425191,0.693847,6.731343,0.599781,0.094066,8.819746
1222700,40.6137,7.425191,0.693847,6.731343,0.599781,0.094066,8.827275
1222800,40.6137,7.425191,0.693847,6.731343,0.599781,0.094066,8.860503
1222900,40.6137,7.425191,0.693847,6.731343,0.599781,0.094066,8.790210
1223000,40.6137,7.425191,0.693847,6.731343,0.599781,0.094066,8.751178
1223100,40.6137,7.425191,0.693847,6.731343,0.599781,0.094066,8.790864
1223200,40.6137,7.425191,0.693847,6.731343,0.599781,0.094066,8.844188
1223300,40.6137,7.425191,0.693847,6.731343,0.599781,0.094066,8.850144
1223400,40.6137,7.425191,0.693847,6.731343,0.599781,0.094066,8.881295
1223500,40.6137,7.425191,0.693847,6.731343,0.599781,0.094066,8.751178
1223600,40.6137,7.425191,0.693847,6.731343,0.599781,0.094066,8.758191
1223700,40.6137,7.425191,0.693847,6.731343,0.599781,0.094066,8.836176
1223800,40.6137,7.425191,0.693847,6.731343,0.599781,0.094066,8.789861
1223900,40.6137,7.425191,0.693847,6.731343,0.599781,0.094066,8.776737
1224000,40.6137,7.425191,0.693847,6.731343,0.599781,0.094066,8.808393
1224100,40.6137,7.425191,0.693847,6.731343,0.599781,0.094066,8.840368
1224200,40.6137,7.425191,0.693847,6.731343,0.599781,0.094066,8.895340
1224300,40.6137,7.425191,0.693847,6.731343,0.599781,0.094066,8.792136
1224400,40.6137,7.425191,0.693847,6.731343,0.599781,0.094066,8.751178
1224500,40.6137,7.425191,0.693847,6.731343,0.599781,0.094066,8.819886
1224600,40.6137,7.425191,0.693847,6.731343,0.599781,0.094066,8.826752
1224700,40.6137,7.425191,0.693847,6.731343,0.599781,0.094066,8.835254
1224800,40.6137,7.425191,0.693847,6.731343,0.599781,0.094066,8.790802
1224900,40.6137,7.425191,0.693847,6.731343,0.599781,0.094066,8.768703
1225000,40.6137,7.425191,0.693847,6.731343,0.599781,0.094066,8.835832
1225100,40.6137,7.425191,0.693847,6.731343,0.599781,0.094066,8.905790
1225200,40.6137,7.425191,0.693847,6.731343,0.599781,0.094066,8.837410
1225300,40.6137,7.425191,0.693847,6.731343,0.599781,0.094066,8.812660
1225400,40.6137,7.425191,0.693847,6.731343,0.599781,0.094066,8.859074
1225500,40.6137,7.425191,0.693847,6.731343,0.599781,0.094066,8.751178
1225600,40.6137,7.425191,0.693847,6.731343,0.599781,0.094066,8.777241
1225700,40.6137,7.425191,0.693847,6.731343,0.599781,0.094066,8.824223
1225800,40.6137,7.425191,0.693847,6.731343,0.599781,0.094066,8.751178
1225900,40.6137,7.425191,0.693847,6.731343,0.599781,0.094066,8.811085
1226000,40.6137,7.425191,0.693847,6.731343,0.599781,0.094066,8.783507
1226100,40.6137,7.425191,0.693847,6.731343,0.599781,0.094066,8.752117
1226200,40.6137,7.425191,0.693847,6.731343,0.599781,0.094066,8.809640
1226300,40.6137,7.425191,0.693847,6.731343,0.599781,0.094066,8.843655
1226400,40.6137,7.425191,0.693847,6.731343,0.599781,0.094066,8.751178
1226500,40.6137,7.425191,0.693847,6.731343,0.599781,0.094066,8.811536
1226600,40.6137,7.425191,0.693847,6.731343,0.599781,0.094066,8.807741
1226700,40.6137,7.425191,0.693847,6.731343,0.599781,0.094066,8.755531
1226800,40.6137,7.425191,0.693847,6.731343,0.599781,0.094066,8.820027
1226900,40.6137,7.425191,0.693847,6.731343,0.599781,0.094066,8.771946
1227000,40.6137,7.425191,0.693847,6.731343,0.599781,0.094066,8.781387
1227100,40.6137,7.425191,0.693847,6.731343,0.599781,0.094066,8.883248
1227200,40.6137,7.425191,0.693847,6.731343,0.599781,0.094066,8.784835
1227300,40.6137,7.425191,0.693847,6.731343,0.599781,0.094066,8.773012
1227400,40.6137,7.425191,0.693847,6.731343,0.599781,0.094066,8.823596
1227500,40.6137,7.425191,0.693847,6.731343,0.599781,0.094066,8.843167
1227600,40.6137,7.425191,0.693847,6.731343,0.599781,0.094066,8.812688
1227700,40.6137,7.425191,0.693847,6.731343,0.599781,0.094066,8.756973
1227800,40.6137,7.425191,0.693847,6.731343,0.599781,0.094066,8.752178
1227900,40.6137,7.425191,0.693847,6.731343,0.599781,0.094066,8.897378
1228000,40.6137,7.425191,0.693847,6.731343,0.599781,0.094066,8.756973
1228100,40.6137,7.425191,0.693847,6.731343,0.599781,0.094066,8.753292
1228200,40.6137,7.425191,0.693847,6.731343,0.599781,0.094066,8.873363
1228300,40.6137,7.425191,0.693847,6.731343,0.599781,0.094066,8.819606
1228400,40.6137,7.425191,0.693847,6.731343,0.599781,0.094066,8.755531
1228500,40.6137,7.425191,0.693847,6.731343,0.599781,0.094066,8.786510
1228600,40.6137,7.425191,0.693847,6.731343,0.599781,0.094066,8.780502
1228700,40.6137,7.425191,0.693847,6.731343,0.599781,0.094066,8.854327
1228800,40.6137,7.425191,0.693847,6.731343,0.599781,0.094066,8.756973
1228900,40.6137,7.425191,0.693847,6.731343,0.599781,0.094066,8.765655
1229000,40.6137,7.425191,0.693847,6.731343,0.599781,0.094066,8.862640
1229100,40.6137,7.425191,0.693847,6.731343,0.599781,0.094066,8.862205
1229200,40.6137,7.425191,0.693847,6.731343,0.599781,0.094066,8.751178
1229300,40.6137,7.425191,0.693847,6.731343,0.599781,0.094066,8.765527
1229400,40.6137,7.425191,0.693847,6.731343,0.599781,0.094066,8.914439
1229500,40.6137,7.425191,0.693847,6.731343,0.599781,0.094066,8.777712
1229600,40.6137,7.425191,0.693847,6.731343,0.599781,0.094066,8.783860
1229700,40.6137,7.425191,0.693847,6.731343,0.599781,0.094066,8.809539
1229800,40.6137,7.425191,0.693847,6.731343,0.599781,0.094066,8.860187
1229900,40.6137,7.425191,0.693847,6.731343,0.599781,0.094066,8.903374
1230000,40.6137,7.425191,0.693847,6.731343,0.599781,0.094066,8.837116
1230100,40.6137,7.425191,0.693847,6.731343,0.599781,0.094066,8.843043
1230200,40.6137,7.425191,0.693847,6.731343,0.599781,0.094066,8.820755
1230300,40.6137,7.425191,0.693847,6.731343,0.599781,0.094066,8.756973
1230400,40.6137,7.425191,0.693847,6.731343,0.599781,0.094066,8.798596
1230500,40.6137,7.425191,0.693847,6.731343,0.599781,0.094066,8.803510
1230600,40.6137,7.425191,0.693847,6.731343,0.599781,0.094066,8.751178
1230700,40.6137,7.425191,0.693847,6.731343,0.599781,0.094066,8.819990
1230800,40.6137,7.425191,0.693847,6.731343,0.599781,0.094066,8.794797
1230900,40.6137,7.425191,0.693847,6.731343,0.599781,0.094066,8.763423
1231000,40.6137,7.425191,0.693847,6.731343,0.599781,0.094066,8.860144
1231100,40.6137,7.425191,0.693847,6.731343,0.599781,0.094066,8.779723
1231200,40.6137,7.425191,0.693847,6.731343,0.599781,0.094066,8.761366
1231300,40.6137,7.425191,0.693847,6.731343,0.599781,0.094066,8.833798
1231400,40.6137,7.425191,0.693847,6.731343,0.599781,0.094066,8.758120
1231500,40.6137,7.425191,0.693847,6.731343,0.599781,0.094066,8.777496
1231600,40.6137,7.425191,0.693847,6.731343,0.599781,0.094066,8.827244
1231700,40.6137,7.425191,0.693847,6.731343,0.599781,0.094066,8.796332
1231800,40.6137,7.425191,0.693847,6.731343,0.599781,0.094066,8.877675
1231900,40.6137,7.425191,0.693847,6.731343,0.599781,0.094066,8.802766
1232000,40.6137,7.425191,0.693847,6.731343,0.599781,0.094066,8.751239
1232100,40.6137,7.425191,0.693847,6.731343,0.599781,0.094066,8.785947
1232200,40.6137,7.425191,0.693847,6.731343,0.599781,0.094066,8.845924
1232300,40.6137,7.425191,0.693847,6.731343,0.599781,0.094066,8.751178
1232400,40.6137,7.425191,0.693847,6.731343,0.599781,0.094066,8.794262
1232500,40.6137,7.425191,0.693847,6.731343,0.599781,0.094066,8.840502
1232600,40.6137,7.425191,0.693847,6.731343,0.599781,0.094066,8.866039
1232700,40.6137,7.425191,0.693847,6.731343,0.599781,0.094066,8.826024
1232800,40.6137,7.425191,0.693847,6.731343,0.599781,0.094066,8.768000
1232900,40.6137,7.425191,0.693847,6.731343,0.599781,0.094066,8.802597
1233000,40.6137,7.425191,0.693847,6.731343,0.599781,0.094066,8.800714
1233100,40.6137,7.425191,0.693847,6.731343,0.599781,0.094066,8.764096
1233200,40.6137,7.425191,0.693847,6.731343,0.599781,0.094066,8.805523
1233300,40.6137,7.425191,0.693847,6.731343,0.599781,0.094066,8.790802
1233400,40.6137,7.425191,0.693847,6.731343,0.599781,0.094066,8.774208
1233500,40.6137,7.425191,0.693847,6.731343,0.599781,0.094066,8.788254
1233600,40.6137,7.425191,0.693847,6.731343,0.599781,0.094066,8.805771
1233700,40.6137,7.425191,0.693847,6.731343,0.599781,0.094066,8.751239
1233800,40.6137,7.425191,0.693847,6.731343,0.599781,0.094066,8.844423
1233900,40.6137,7.425191,0.693847,6.731343,0.599781,0.094066,8.788566
1234000,40.6137,7.425191,0.693847,6.731343,0.599781,0.094066,8.765655
1234100,40.6137,7.425191,0.693847,6.731343,0.599781,0.094066,8.850850
1234200,40.6137,7.425191,0.693847,6.731343,0.599781,0.094066,8.826548
1234300,40.6137,7.425191,0.693847,6.731343,0.599781,0.094066,8.751178
1234400,40.6137,7.425191,0.693847,6.731343,0.599781,0.094066,8.799552
1234500,40.6137,7.425191,0.693847,6.731343,0.599781,0.094066,8.822143
1234600,40.6137,7.425191,0.693847,6.731343,0.599781,0.094066,8.784835
1234700,40.6137,7.425191,0.693847,6.731343,0.599781,0.094066,8.781093
1234800,40.6137,7.425191,0.693847,6.731343,0.599781,0.094066,8.815516
1234900,40.6137,7.425191,0.693847,6.731343,0.599781,0.094066,8.843167
1235000,40.6137,7.425191,0.693847,6.731343,0.599781,0.094066,8.818483
1235100,40.6137,7.425191,0.693847,6.731343,0.599781,0.094066,8.751178
1235200,40.6137,7.425191,0.693847,6.731343,0.599781,0.094066,8.761781
1235300,40.6137,7.425191,0.693847,6.731343,0.599781,0.094066,8.878904
1235400,40.6137,7.425191,0.693847,6.731343,0.599781,0.094066,8.751178
1235500,40.6137,7.425191,0.693847,6.731343,0.599781,0.094066,8.754287
1235600,40.6137,7.425191,0.693847,6.731343,0.599781,0.094066,8.889618
1235700,40.6137,7.425191,0.693847,6.731343,0.599781,0.094066,8.821444
1235800,40.6137,7.425191,0.693847,6.731343,0.599781,0.094066,8.848919
1235900,40.6137,7.425191,0.693847,6.731343,0.599781,0.094066,8.877360
1236000,40.6137,7.425191,0.693847,6.731343,0.599781,0.094066,8.856567
1236100,40.6137,7.425191,0.693847,6.731343,0.599781,0.094066,8.776594
1236200,40.6137,7.425191,0.693847,6.731343,0.599781,0.094066,8.790802
1236300,40.6137,7.425191,0.693847,6.731343,0.599781,0.094066,8.811304
1236400,40.6137,7.425191,0.693847,6.731343,0.599781,0.094066,8.773841
1236500,40.6137,7.425191,0.693847,6.731343,0.599781,0.094066,8.796698
1236600,40.6137,7.425191,0.693847,6.731343,0.599781,0.094066,8.795426
1236700,40.6137,7.425191,0.693847,6.731343,0.599781,0.094066,8.765466
1236800,40.6137,7.425191,0.693847,6.731343,0.599781,0.094066,8.802569
1236900,40.6137,7.425191,0.693847,6.731343,0.599781,0.094066,8.835254
1237000,40.6137,7.425191,0.693847,6.731343,0.599781,0.094066,8.783860
1237100,40.6137,7.425191,0.693847,6.731343,0.599781,0.094066,8.775645
1237200,40.6137,7.425191,0.693847,6.731343,0.599781,0.094066,8.807741
1237300,40.6137,7.425191,0.693847,6.731343,0.599781,0.094066,8.810518
1237400,40.6137,7.425191,0.693847,6.731343,0.599781,0.094066,8.790551
1237500,40.6137,7.425191,0.693847,6.731343,0.599781,0.094066,8.771946
1237600,40.6137,7.425191,0.693847,6.731343,0.599781,0.094066,8.788216
1237700,40.6137,7.425191,0.693847,6.731343,0.599781,0.094066,8.806537
1237800,40.6137,7.425191,0.693847,6.731343,0.599781,0.094066,8.751178
1237900,40.6137,7.425191,0.693847,6.731343,0.599781,0.094066,8.790864
1238000,40.6137,7.425191,0.693847,6.731343,0.599781,0.094066,8.878771
1238100,40.6137,7.425191,0.693847,6.731343,0.599781,0.094066,8.806380
1238200,40.6137,7.425191,0.693847,6.731343,0.599781,0.094066,8.793650
1238300,40.6137,7.425191,0.693847,6.731343,0.599781,0.094066,8.798596
1238400,40.6137,7.425191,0.693847,6.731343,0.599781,0.094066,8.845005
1238500,40.6137,7.425191,0.693847,6.731343,0.599781,0.094066,8.860411
1238600,40.6137,7.425191,0.693847,6.731343,0.599781,0.094066,8.846822
1238700,40.6137,7.425191,0.693847,6.731343,0.599781,0.094066,8.783860
1238800,40.6137,7.425191,0.693847,6.731343,0.599781,0.094066,8.764683
1238900,40.6137,7.425191,0.693847,6.731343,0.599781,0.094066,8.798959
1239000,40.6137,7.425191,0.693847,6.731343,0.599781,0.094066,8.821501
1239100,40.6137,7.425191,0.693847,6.731343,0.599781,0.094066,8.817564
1239200,40.6137,7.425191,0.693847,6.731343,0.599781,0.094066,8.751178
1239300,40.6137,7.425191,0.693847,6.731343,0.599781,0.094066,8.781154
1239400,40.6137,7.425191,0.693847,6.731343,0.599781,0.094066,8.792245
1239500,40.6137,7.425191,0.693847,6.731343,0.599781,0.094066,8.810829
1239600,40.6137,7.425191,0.693847,6.731343,0.599781,0.094066,8.790802
1239700,40.6137,7.425191,0.693847,6.731343,0.599781,0.094066,8.765655
1239800,40.6137,7.425191,0.693847,6.731343,0.599781,0.094066,8.849930
1239900,40.6137,7.425191,0.693847,6.731343,0.599781,0.094066,8.874172
1240000,40.6137,7.425191,0.693847,6.731343,0.599781,0.094066,8.751178
1240100,40.6137,7.425191,0.693847,6.731343,0.599781,0.094066,8.756684
1240200,40.6137,7.425191,0.693847,6.731343,0.599781,0.094066,8.849832
1240300,40.6137,7.425191,0.693847,6.731343,0.599781,0.094066,8.777712
1240400,40.6137,7.425191,0.693847,6.731343,0.599781,0.094066,8.776737
1240500,40.6137,7.425191,0.693847,6.731343,0.599781,0.094066,8.816662
1240600,40.6137,7.425191,0.693847,6.731343,0.599781,0.094066,8.844314
1240700,40.6137,7.425191,0.693847,6.731343,0.599781,0.094066,8.826024
1240800,40.6137,7.425191,0.693847,6.731343,0.599781,0.094066,8.768000
1240900,40.6137,7.425191,0.693847,6.731343,0.599781,0.094066,8.751239
1241000,40.6137,7.425191,0.693847,6.731343,0.599781,0.094066,8.868892
1241100,40.6137,7.425191,0.693847,6.731343,0.599781,0.094066,8.764096
1241200,40.6137,7.425191,0.693847,6.731343,0.599781,0.094066,8.765655
1241300,40.6137,7.425191,0.693847,6.731343,0.599781,0.094066,8.879013
1241400,40.6137,7.425191,0.693847,6.731343,0.599781,0.094066,8.867159
1241500,40.6137,7.425191,0.693847,6.731343,0.599781,0.094066,8.795376
1241600,40.6137,7.425191,0.693847,6.731343,0.599781,0.094066,8.805771
1241700,40.6137,7.425191,0.693847,6.731343,0.599781,0.094066,8.802597
1241800,40.6137,7.425191,0.693847,6.731343,0.599781,0.094066,8.848612
1241900,40.6137,7.425191,0.693847,6.731343,0.599781,0.094066,8.873789
1242000,40.6137,7.425191,0.693847,6.731343,0.599781,0.094066,8.751178
1242100,40.6137,7.425191,0.693847,6.731343,0.599781,0.094066,8.789798
1242200,40.6137,7.425191,0.693847,6.731343,0.599781,0.094066,8.826271
1242300,40.6137,7.425191,0.693847,6.731343,0.599781,0.094066,8.751178
1242400,40.6137,7.425191,0.693847,6.731343,0.599781,0.094066,8.822305
1242500,40.6137,7.425191,0.693847,6.731343,0.599781,0.094066,8.784864
1242600,40.6137,7.425191,0.693847,6.731343,0.599781,0.094066,8.751178
1242700,40.6137,7.425191,0.693847,6.731343,0.599781,0.094066,8.825806
1242800,40.6137,7.425191,0.693847,6.731343,0.599781,0.094066,8.850651
1242900,40.6137,7.425191,0.693847,6.731343,0.599781,0.094066,8.751178
1243000,40.6137,7.425191,0.693847,6.731343,0.599781,0.094066,8.809837
1243100,40.6137,7.425191,0.693847,6.731343,0.599781,0.094066,8.792431
1243200,40.6137,7.425191,0.693847,6.731343,0.599781,0.094066,8.751178
1243300,40.6137,7.425191,0.693847,6.731343,0.599781,0.094066,8.831156
1243400,40.6137,7.425191,0.693847,6.731343,0.599781,0.094066,8.758120
1243500,40.6137,7.425191,0.693847,6.731343,0.599781,0.094066,8.761856
1243600,40.6137,7.425191,0.693847,6.731343,0.599781,0.094066,8.849220
1243700,40.6137,7.425191,0.693847,6.731343,0.599781,0.094066,8.756973
1243800,40.6137,7.425191,0.693847,6.731343,0.599781,0.094066,8.751239
1243900,40.6137,7.425191,0.693847,6.731343,0.599781,0.094066,8.849482
1244000,40.6137,7.425191,0.693847,6.731343,0.599781,0.094066,8.782389
1244100,40.6137,7.425191,0.693847,6.731343,0.599781,0.094066,8.751178
1244200,40.6137,7.425191,0.693847,6.731343,0.599781,0.094066,8.864890
1244300,40.6137,7.425191,0.693847,6.731343,0.599781,0.094066,8.751178
1244400,40.6137,7.425191,0.693847,6.731343,0.599781,0.094066,8.775955
1244500,40.6137,7.425191,0.693847,6.731343,0.599781,0.094066,8.858239
1244600,40.6137,7.425191,0.693847,6.731343,0.599781,0.094066,8.810475
1244700,40.6137,7.425191,0.693847,6.731343,0.599781,0.094066,8.861136
1244800,40.6137,7.425191,0.693847,6.731343,0.599781,0.094066,8.842167
1244900,40.6137,7.425191,0.693847,6.731343,0.599781,0.094066,8.751178
1245000,40.6137,7.425191,0.693847,6.731343,0.599781,0.094066,8.802693
1245100,40.6137,7.425191,0.693847,6.731343,0.599781,0.094066,8.831086
1245200,40.6137,7.425191,0.693847,6.731343,0.599781,0.094066,8.812483
1245300,40.6137,7.425191,0.693847,6.731343,0.599781,0.094066,8.790802
1245400,40.6137,7.425191,0.693847,6.731343,0.599781,0.094066,8.751239
1245500,40.6137,7.425191,0.693847,6.731343,0.599781,0.094066,8.921484
1245600,40.6137,7.425191,0.693847,6.731343,0.599781,0.094066,8.869673
1245700,40.6137,7.425191,0.693847,6.731343,0.599781,0.094066,8.844314
1245800,40.6137,7.425191,0.693847,6.731343,0.599781,0.094066,8.791786
1245900,40.6137,7.425191,0.693847,6.731343,0.599781,0.094066,8.779936
1246000,40.6137,7.425191,0.693847,6.731343,0.599781,0.094066,8.751239
1246100,40.6137,7.425191,0.693847,6.731343,0.599781,0.094066,8.883994
1246200,40.6137,7.425191,0.693847,6.731343,0.599781,0.094066,8.832446
1246300,40.6137,7.425191,0.693847,6.731343,0.599781,0.094066,8.812483
1246400,40.6137,7.425191,0.693847,6.731343,0.599781,0.094066,8.804961
1246500,40.6137,7.425191,0.693847,6.731343,0.599781,0.094066,8.762591
1246600,40.6137,7.425191,0.693847,6.731343,0.599781,0.094066,8.805321
1246700,40.6137,7.425191,0.693847,6.731343,0.599781,0.094066,8.864313
1246800,40.6137,7.425191,0.693847,6.731343,0.599781,0.094066,8.836512
1246900,40.6137,7.425191,0.693847,6.731343,0.599781,0.094066,8.831866
1247000,40.6137,7.425191,0.693847,6.731343,0.599781,0.094066,8.817336
1247100,40.6137,7.425191,0.693847,6.731343,0.599781,0.094066,8.751178
1247200,40.6137,7.425191,0.693847,6.731343,0.599781,0.094066,8.834270
1247300,40.6137,7.425191,0.693847,6.731343,0.599781,0.094066,8.903092
1247400,40.6137,7.425191,0.693847,6.731343,0.599781,0.094066,8.789861
1247500,40.6137,7.425191,0.693847,6.731343,0.599781,0.094066,8.765253
1247600,40.6137,7.425191,0.693847,6.731343,0.599781,0.094066,8.808893
1247700,40.6137,7.425191,0.693847,6.731343,0.599781,0.094066,8.811549
1247800,40.6137,7.425191,0.693847,6.731343,0.599781,0.094066,8.881175
1247900,40.6137,7.425191,0.693847,6.731343,0.599781,0.094066,8.758120
1248000,40.6137,7.425191,0.693847,6.731343,0.599781,0.094066,8.756623
1248100,40.6137,7.425191,0.693847,6.731343,0.599781,0.094066,8.855477
1248200,40.6137,7.425191,0.693847,6.731343,0.599781,0.094066,8.762530
1248300,40.6137,7.425191,0.693847,6.731343,0.599781,0.094066,8.778943
1248400,40.6137,7.425191,0.693847,6.731343,0.599781,0.094066,8.809677
1248500,40.6137,7.425191,0.693847,6.731343,0.599781,0.094066,8.756973
1248600,40.6137,7.425191,0.693847,6.731343,0.599781,0.094066,8.803606
1248700,40.6137,7.425191,0.693847,6.731343,0.599781,0.094066,8.790802
1248800,40.6137,7.425191,0.693847,6.731343,0.599781,0.094066,8.751239
1248900,40.6137,7.425191,0.693847,6.731343,0.599781,0.094066,8.802350
1249000,40.6137,7.425191,0.693847,6.731343,0.599781,0.094066,8.837157
1249100,40.6137,7.425191,0.693847,6.731343,0.599781,0.094066,8.751178
1249200,40.6137,7.425191,0.693847,6.731343,0.599781,0.094066,8.768764
1249300,40.6137,7.425191,0.693847,6.731343,0.599781,0.094066,8.918168
1249400,40.6137,7.425191,0.693847,6.731343,0.599781,0.094066,8.756973
1249500,40.6137,7.425191,0.693847,6.731343,0.599781,0.094066,8.784619
1249600,40.6137,7.425191,0.693847,6.731343,0.599781,0.094066,8.904224
1249700,40.6137,7.425191,0.693847,6.731343,0.599781,0.094066,8.783507
1249800,40.6137,7.425191,0.693847,6.731343,0.599781,0.094066,8.751178
1249900,40.6137,7.425191,0.693847,6.731343,0.599781,0.094066,8.835173
1250000,40.6137,7.425191,0.693847,6.731343,0.599781,0.094066,8.830168
1250100,40.6137,7.425191,0.693847,6.731343,0.599781,0.094066,8.800375
1250200,40.6137,7.425191,0.693847,6.731343,0.599781,0.094066,8.793650
1250300,40.6137,7.425191,0.693847,6.731343,0.599781,0.094066,8.751239
1250400,40.6137,7.425191,0.693847,6.731343,0.599781,0.094066,8.865813
1250500,40.6137,7.425191,0.693847,6.731343,0.599781,0.094066,8.867933
1250600,40.6137,7.425191,0.693847,6.731343,0.599781,0.094066,8.819579
1250700,40.6137,7.425191,0.693847,6.731343,0.599781,0.094066,8.783860
1250800,40.6137,7.425191,0.693847,6.731343,0.599781,0.094066,8.758181
1250900,40.6137,7.425191,0.693847,6.731343,0.599781,0.094066,8.805321
1251000,40.6137,7.425191,0.693847,6.731343,0.599781,0.094066,8.844174
1251100,40.6137,7.425191,0.693847,6.731343,0.599781,0.094066,8.756973
1251200,40.6137,7.425191,0.693847,6.731343,0.599781,0.094066,8.802597
1251300,40.6137,7.425191,0.693847,6.731343,0.599781,0.094066,8.880205
1251400,40.6137,7.425191,0.693847,6.731343,0.599781,0.094066,8.784654
1251500,40.6137,7.425191,0.693847,6.731343,0.599781,0.094066,8.751178
1251600,40.6137,7.425191,0.693847,6.731343,0.599781,0.094066,8.790864
1251700,40.6137,7.425191,0.693847,6.731343,0.599781,0.094066,8.816985
1251800,40.6137,7.425191,0.693847,6.731343,0.599781,0.094066,8.800375
1251900,40.6137,7.425191,0.693847,6.731343,0.599781,0.094066,8.793650
1252000,40.6137,7.425191,0.693847,6.731343,0.599781,0.094066,8.795548
1252100,40.6137,7.425191,0.693847,6.731343,0.599781,0.094066,8.867033
1252200,40.6137,7.425191,0.693847,6.731343,0.599781,0.094066,8.864916
1252300,40.6137,7.425191,0.693847,6.731343,0.599781,0.094066,8.751178
1252400,40.6137,7.425191,0.693847,6.731343,0.599781,0.094066,8.798338
1252500,40.6137,7.425191,0.693847,6.731343,0.599781,0.094066,8.832232
1252600,40.6137,7.425191,0.693847,6.731343,0.599781,0.094066,8.844609
1252700,40.6137,7.425191,0.693847,6.731343,0.599781,0.094066,8.853505
1252800,40.6137,7.425191,0.693847,6.731343,0.599781,0.094066,8.762530
1252900,40.6137,7.425191,0.693847,6.731343,0.599781,0.094066,8.795548
1253000,40.6137,7.425191,0.693847,6.731343,0.599781,0.094066,8.800924
1253100,40.6137,7.425191,0.693847,6.731343,0.599781,0.094066,8.756973
1253200,40.6137,7.425191,0.693847,6.731343,0.599781,0.094066,8.798474
1253300,40.6137,7.425191,0.693847,6.731343,0.599781,0.094066,8.790802
1253400,40.6137,7.425191,0.693847,6.731343,0.599781,0.094066,8.774025
1253500,40.6137,7.425191,0.693847,6.731343,0.599781,0.094066,8.856770
1253600,40.6137,7.425191,0.693847,6.731343,0.599781,0.094066,8.807155
1253700,40.6137,7.425191,0.693847,6.731343,0.599781,0.094066,8.828000
1253800,40.6137,7.425191,0.693847,6.731343,0.599781,0.094066,8.858131
1253900,40.6137,7.425191,0.693847,6.731343,0.599781,0.094066,8.792081
1254000,40.6137,7.425191,0.693847,6.731343,0.599781,0.094066,8.848842
1254100,40.6137,7.425191,0.693847,6.731343,0.599781,0.094066,8.807505
1254200,40.6137,7.425191,0.693847,6.731343,0.599781,0.094066,8.751178
1254300,40.6137,7.425191,0.693847,6.731343,0.599781,0.094066,8.814846
1254400,40.6137,7.425191,0.693847,6.731343,0.599781,0.094066,8.779723
1254500,40.6137,7.425191,0.693847,6.731343,0.599781,0.094066,8.751239
1254600,40.6137,7.425191,0.693847,6.731343,0.599781,0.094066,8.833910
1254700,40.6137,7.425191,0.693847,6.731343,0.599781,0.094066,8.794752
1254800,40.6137,7.425191,0.693847,6.731343,0.599781,0.094066,8.751178
1254900,40.6137,7.425191,0.693847,6.731343,0.599781,0.094066,8.841941
1255000,40.6137,7.425191,0.693847,6.731343,0.599781,0.094066,8.826689
1255100,40.6137,7.425191,0.693847,6.731343,0.599781,0.094066,8.843078
1255200,40.6137,7.425191,0.693847,6.731343,0.599781,0.094066,8.825772
1255300,40.6137,7.425191,0.693847,6.731343,0.599781,0.094066,8.796919
1255400,40.6137,7.425191,0.693847,6.731343,0.599781,0.094066,8.865786
1255500,40.6137,7.425191,0.693847,6.731343,0.599781,0.094066,8.833573
1255600,40.6137,7.425191,0.693847,6.731343,0.599781,0.094066,8.810689
1255700,40.6137,7.425191,0.693847,6.731343,0.599781,0.094066,8.890975
1255800,40.6137,7.425191,0.693847,6.731343,0.599781,0.094066,8.818615
1255900,40.6137,7.425191,0.693847,6.731343,0.599781,0.094066,8.815401
1256000,40.6137,7.425191,0.693847,6.731343,0.599781,0.094066,8.834218
1256100,40.6137,7.425191,0.693847,6.731343,0.599781,0.094066,8.870126
1256200,40.6137,7.425191,0.693847,6.731343,0.599781,0.094066,8.837540
1256300,40.6137,7.425191,0.693847,6.731343,0.599781,0.094066,8.806558
1256400,40.6137,7.425191,0.693847,6.731343,0.599781,0.094066,8.889513
1256500,40.6137,7.425191,0.693847,6.731343,0.599781,0.094066,8.867313
1256600,40.6137,7.425191,0.693847,6.731343,0.599781,0.094066,8.810475
1256700,40.6137,7.425191,0.693847,6.731343,0.599781,0.094066,8.815591
1256800,40.6137,7.425191,0.693847,6.731343,0.599781,0.094066,8.853347
1256900,40.6137,7.425191,0.693847,6.731343,0.599781,0.094066,8.841934
1257000,40.6137,7.425191,0.693847,6.731343,0.599781,0.094066,8.793650
1257100,40.6137,7.425191,0.693847,6.731343,0.599781,0.094066,8.802597
1257200,40.6137,7.425191,0.693847,6.731343,0.599781,0.094066,8.858602
1257300,40.6137,7.425191,0.693847,6.731343,0.599781,0.094066,8.806257
1257400,40.6137,7.425191,0.693847,6.731343,0.599781,0.094066,8.751178
1257500,40.6137,7.425191,0.693847,6.731343,0.599781,0.094066,8.784855
1257600,40.6137,7.425191,0.693847,6.731343,0.599781,0.094066,8.844986
1257700,40.6137,7.425191,0.693847,6.731343,0.599781,0.094066,8.752117
1257800,40.6137,7.425191,0.693847,6.731343,0.599781,0.094066,8.815184
1257900,40.6137,7.425191,0.693847,6.731343,0.599781,0.094066,8.825290
1258000,40.6137,7.425191,0.693847,6.731343,0.599781,0.094066,8.855098
1258100,40.6137,7.425191,0.693847,6.731343,0.599781,0.094066,8.844326
1258200,40.6137,7.425191,0.693847,6.731343,0.599781,0.094066,8.797638
1258300,40.6137,7.425191,0.693847,6.731343,0.599781,0.094066,8.859484
1258400,40.6137,7.425191,0.693847,6.731343,0.599781,0.094066,8.894265
1258500,40.6137,7.425191,0.693847,6.731343,0.599781,0.094066,8.906767
1258600,40.6137,7.425191,0.693847,6.731343,0.599781,0.094066,8.815530
1258700,40.6137,7.425191,0.693847,6.731343,0.599781,0.094066,8.802269
1258800,40.6137,7.425191,0.693847,6.731343,0.599781,0.094066,8.865338
1258900,40.6137,7.425191,0.693847,6.731343,0.599781,0.094066,8.806008
1259000,40.6137,7.425191,0.693847,6.731343,0.599781,0.094066,8.844853
1259100,40.6137,7.425191,0.693847,6.731343,0.599781,0.094066,8.850458
1259200,40.6137,7.425191,0.693847,6.731343,0.599781,0.094066,8.792081
1259300,40.6137,7.425191,0.693847,6.731343,0.599781,0.094066,8.884757
1259400,40.6137,7.425191,0.693847,6.731343,0.599781,0.094066,8.844691
1259500,40.6137,7.425191,0.693847,6.731343,0.599781,0.094066,8.811622
1259600,40.6137,7.425191,0.693847,6.731343,0.599781,0.094066,8.858679
1259700,40.6137,7.425191,0.693847,6.731343,0.599781,0.094066,8.848250
1259800,40.6137,7.425191,0.693847,6.731343,0.599781,0.094066,8.815530
1259900,40.6137,7.425191,0.693847,6.731343,0.599781,0.094066,8.818441
1260000,40.6137,7.425191,0.693847,6.731343,0.599781,0.094066,8.751178
1260100,40.6137,7.425191,0.693847,6.731343,0.599781,0.094066,8.799030
1260200,40.6137,7.425191,0.693847,6.731343,0.599781,0.094066,8.795722
1260300,40.6137,7.425191,0.693847,6.731343,0.599781,0.094066,8.751178
1260400,40.6137,7.425191,0.693847,6.731343,0.599781,0.094066,8.790864
1260500,40.6137,7.425191,0.693847,6.731343,0.599781,0.094066,8.816985
1260600,40.6137,7.425191,0.693847,6.731343,0.599781,0.094066,8.787136
1260700,40.6137,7.425191,0.693847,6.731343,0.599781,0.094066,8.791104
1260800,40.6137,7.425191,0.693847,6.731343,0.599781,0.094066,8.805645
1260900,40.6137,7.425191,0.693847,6.731343,0.599781,0.094066,8.770860
1261000,40.6137,7.425191,0.693847,6.731343,0.599781,0.094066,8.811199
1261100,40.6137,7.425191,0.693847,6.731343,0.599781,0.094066,8.846426
1261200,40.6137,7.425191,0.693847,6.731343,0.599781,0.094066,8.815401
1261300,40.6137,7.425191,0.693847,6.731343,0.599781,0.094066,8.832672
1261400,40.6137,7.425191,0.693847,6.731343,0.599781,0.094066,8.908816
1261500,40.6137,7.425191,0.693847,6.731343,0.599781,0.094066,8.900861
1261600,40.6137,7.425191,0.693847,6.731343,0.599781,0.094066,8.872231
1261700,40.6137,7.425191,0.693847,6.731343,0.599781,0.094066,8.828394
1261800,40.6137,7.425191,0.693847,6.731343,0.599781,0.094066,8.799852
1261900,40.6137,7.425191,0.693847,6.731343,0.599781,0.094066,8.850902
1262000,40.6137,7.425191,0.693847,6.731343,0.599781,0.094066,8.866414
1262100,40.6137,7.425191,0.693847,6.731343,0.599781,0.094066,8.802237
1262200,40.6137,7.425191,0.693847,6.731343,0.599781,0.094066,8.858896
1262300,40.6137,7.425191,0.693847,6.731343,0.599781,0.094066,8.878668
1262400,40.6137,7.425191,0.693847,6.731343,0.599781,0.094066,8.860011
1262500,40.6137,7.425191,0.693847,6.731343,0.599781,0.094066,8.807730
1262600,40.6137,7.425191,0.693847,6.731343,0.599781,0.094066,8.810536
1262700,40.6137,7.425191,0.693847,6.731343,0.599781,0.094066,8.876796
1262800,40.6137,7.425191,0.693847,6.731343,0.599781,0.094066,8.783507
1262900,40.6137,7.425191,0.693847,6.731343,0.599781,0.094066,8.751178
1263000,40.6137,7.425191,0.693847,6.731343,0.599781,0.094066,8.832586
1263100,40.6137,7.425191,0.693847,6.731343,0.599781,0.094066,8.835964
1263200,40.6137,7.425191,0.693847,6.731343,0.599781,0.094066,8.777712
1263300,40.6137,7.425191,0.693847,6.731343,0.599781,0.094066,8.790864
1263400,40.6137,7.425191,0.693847,6.731343,0.599781,0.094066,8.779327
1263500,40.6137,7.425191,0.693847,6.731343,0.599781,0.094066,8.839121
1263600,40.6137,7.425191,0.693847,6.731343,0.599781,0.094066,8.773354
1263700,40.6137,7.425191,0.693847,6.731343,0.599781,0.094066,8.765655
1263800,40.6137,7.425191,0.693847,6.731343,0.599781,0.094066,8.839450
1263900,40.6137,7.425191,0.693847,6.731343,0.599781,0.094066,8.934303
1264000,40.6137,7.425191,0.693847,6.731343,0.599781,0.094066,8.826833
1264100,40.6137,7.425191,0.693847,6.731343,0.599781,0.094066,8.831898
1264200,40.6137,7.425191,0.693847,6.731343,0.599781,0.094066,8.841076
1264300,40.6137,7.425191,0.693847,6.731343,0.599781,0.094066,8.889606
1264400,40.6137,7.425191,0.693847,6.731343,0.599781,0.094066,8.897741
1264500,40.6137,7.425191,0.693847,6.731343,0.599781,0.094066,8.814940
1264600,40.6137,7.425191,0.693847,6.731343,0.599781,0.094066,8.833054
1264700,40.6137,7.425191,0.693847,6.731343,0.599781,0.094066,8.834682
1264800,40.6137,7.425191,0.693847,6.731343,0.599781,0.094066,8.830707
1264900,40.6137,7.425191,0.693847,6.731343,0.599781,0.094066,8.840596
1265000,40.6137,7.425191,0.693847,6.731343,0.599781,0.094066,8.829887
1265100,40.6137,7.425191,0.693847,6.731343,0.599781,0.094066,8.815530
1265200,40.6137,7.425191,0.693847,6.731343,0.599781,0.094066,8.873587
1265300,40.6137,7.425191,0.693847,6.731343,0.599781,0.094066,8.840817
1265400,40.6137,7.425191,0.693847,6.731343,0.599781,0.094066,8.806008
1265500,40.6137,7.425191,0.693847,6.731343,0.599781,0.094066,8.857893
1265600,40.6137,7.425191,0.693847,6.731343,0.599781,0.094066,8.828238
1265700,40.6137,7.425191,0.693847,6.731343,0.599781,0.094066,8.756973
1265800,40.6137,7.425191,0.693847,6.731343,0.599781,0.094066,8.798474
1265900,40.6137,7.425191,0.693847,6.731343,0.599781,0.094066,8.788216
1266000,40.6137,7.425191,0.693847,6.731343,0.599781,0.094066,8.779820
1266100,40.6137,7.425191,0.693847,6.731343,0.599781,0.094066,8.777712
1266200,40.6137,7.425191,0.693847,6.731343,0.599781,0.094066,8.790802
1266300,40.6137,7.425191,0.693847,6.731343,0.599781,0.094066,8.751239
1266400,40.6137,7.425191,0.693847,6.731343,0.599781,0.094066,8.882533
1266500,40.6137,7.425191,0.693847,6.731343,0.599781,0.094066,8.756973
1266600,40.6137,7.425191,0.693847,6.731343,0.599781,0.094066,8.758579
1266700,40.6137,7.425191,0.693847,6.731343,0.599781,0.094066,8.828353
1266800,40.6137,7.425191,0.693847,6.731343,0.599781,0.094066,8.886487
1266900,40.6137,7.425191,0.693847,6.731343,0.599781,0.094066,8.895882
1267000,40.6137,7.425191,0.693847,6.731343,0.599781,0.094066,8.815530
1267100,40.6137,7.425191,0.693847,6.731343,0.599781,0.094066,8.813681
1267200,40.6137,7.425191,0.693847,6.731343,0.599781,0.094066,8.889513
1267300,40.6137,7.425191,0.693847,6.731343,0.599781,0.094066,8.867313
1267400,40.6137,7.425191,0.693847,6.731343,0.599781,0.094066,8.810475
1267500,40.6137,7.425191,0.693847,6.731343,0.599781,0.094066,8.815591
1267600,40.6137,7.425191,0.693847,6.731343,0.599781,0.094066,8.917714
1267700,40.6137,7.425191,0.693847,6.731343,0.599781,0.094066,8.863944
1267800,40.6137,7.425191,0.693847,6.731343,0.599781,0.094066,8.806008
1267900,40.6137,7.425191,0.693847,6.731343,0.599781,0.094066,8.854846
1268000,40.6137,7.425191,0.693847,6.731343,0.599781,0.094066,8.894520
1268100,40.6137,7.425191,0.693847,6.731343,0.599781,0.094066,8.818615
1268200,40.6137,7.425191,0.693847,6.731343,0.599781,0.094066,8.815401
1268300,40.6137,7.425191,0.693847,6.731343,0.599781,0.094066,8.806069
1268400,40.6137,7.425191,0.693847,6.731343,0.599781,0.094066,8.967183
1268500,40.6137,7.425191,0.693847,6.731343,0.599781,0.094066,8.815530
1268600,40.6137,7.425191,0.693847,6.731343,0.599781,0.094066,8.771450
1268700,40.6137,7.425191,0.693847,6.731343,0.599781,0.094066,8.825290
1268800,40.6137,7.425191,0.693847,6.731343,0.599781,0.094066,8.855316
1268900,40.6137,7.425191,0.693847,6.731343,0.599781,0.094066,8.751178
1269000,40.6137,7.425191,0.693847,6.731343,0.599781,0.094066,8.755592
1269100,40.6137,7.425191,0.693847,6.731343,0.599781,0.094066,8.847715
1269200,40.6137,7.425191,0.693847,6.731343,0.599781,0.094066,8.777712
1269300,40.6137,7.425191,0.693847,6.731343,0.599781,0.094066,8.795851
1269400,40.6137,7.425191,0.693847,6.731343,0.599781,0.094066,8.801344
1269500,40.6137,7.425191,0.693847,6.731343,0.599781,0.094066,8.846042
1269600,40.6137,7.425191,0.693847,6.731343,0.599781,0.094066,8.843136
1269700,40.6137,7.425191,0.693847,6.731343,0.599781,0.094066,8.829353
1269800,40.6137,7.425191,0.693847,6.731343,0.599781,0.094066,8.817616
1269900,40.6137,7.425191,0.693847,6.731343,0.599781,0.094066,8.889855
1270000,40.6137,7.425191,0.693847,6.731343,0.599781,0.094066,8.885512
1270100,40.6137,7.425191,0.693847,6.731343,0.599781,0.094066,8.847939
1270200,40.6137,7.425191,0.693847,6.731343,0.599781,0.094066,8.806008
1270300,40.6137,7.425191,0.693847,6.731343,0.599781,0.094066,8.850750
1270400,40.6137,7.425191,0.693847,6.731343,0.599781,0.094066,8.878605
1270500,40.6137,7.425191,0.693847,6.731343,0.599781,0.094066,8.887460
1270600,40.6137,7.425191,0.693847,6.731343,0.599781,0.094066,8.827255
1270700,40.6137,7.425191,0.693847,6.731343,0.599781,0.094066,8.823533
1270800,40.6137,7.425191,0.693847,6.731343,0.599781,0.094066,8.839020
1270900,40.6137,7.425191,0.693847,6.731343,0.599781,0.094066,8.815530
1271000,40.6137,7.425191,0.693847,6.731343,0.599781,0.094066,8.834920
1271100,40.6137,7.425191,0.693847,6.731343,0.599781,0.094066,8.836903
1271200,40.6137,7.425191,0.693847,6.731343,0.599781,0.094066,8.796919
1271300,40.6137,7.425191,0.693847,6.731343,0.599781,0.094066,8.863563
1271400,40.6137,7.425191,0.693847,6.731343,0.599781,0.094066,8.801807
1271500,40.6137,7.425191,0.693847,6.731343,0.599781,0.094066,8.751239
1271600,40.6137,7.425191,0.693847,6.731343,0.599781,0.094066,8.809026
1271700,40.6137,7.425191,0.693847,6.731343,0.599781,0.094066,8.822845
1271800,40.6137,7.425191,0.693847,6.731343,0.599781,0.094066,8.751178
1271900,40.6137,7.425191,0.693847,6.731343,0.599781,0.094066,8.822935
1272000,40.6137,7.425191,0.693847,6.731343,0.599781,0.094066,8.792016
1272100,40.6137,7.425191,0.693847,6.731343,0.599781,0.094066,8.751178
1272200,40.6137,7.425191,0.693847,6.731343,0.599781,0.094066,8.852126
1272300,40.6137,7.425191,0.693847,6.731343,0.599781,0.094066,8.756973
1272400,40.6137,7.425191,0.693847,6.731343,0.599781,0.094066,8.756340
1272500,40.6137,7.425191,0.693847,6.731343,0.599781,0.094066,8.853392
1272600,40.6137,7.425191,0.693847,6.731343,0.599781,0.094066,8.855886
1272700,40.6137,7.425191,0.693847,6.731343,0.599781,0.094066,8.810475
1272800,40.6137,7.425191,0.693847,6.731343,0.599781,0.094066,8.866949
1272900,40.6137,7.425191,0.693847,6.731343,0.599781,0.094066,8.885217
1273000,40.6137,7.425191,0.693847,6.731343,0.599781,0.094066,8.850786
1273100,40.6137,7.425191,0.693847,6.731343,0.599781,0.094066,8.811637
1273200,40.6137,7.425191,0.693847,6.731343,0.599781,0.094066,8.811610
1273300,40.6137,7.425191,0.693847,6.731343,0.599781,0.094066,8.900159
1273400,40.6137,7.425191,0.693847,6.731343,0.599781,0.094066,8.811994
1273500,40.6137,7.425191,0.693847,6.731343,0.599781,0.094066,8.827137
1273600,40.6137,7.425191,0.693847,6.731343,0.599781,0.094066,8.899646
1273700,40.6137,7.425191,0.693847,6.731343,0.599781,0.094066,8.881457
1273800,40.6137,7.425191,0.693847,6.731343,0.599781,0.094066,8.810793
1273900,40.6137,7.425191,0.693847,6.731343,0.599781,0.094066,8.812316
1274000,40.6137,7.425191,0.693847,6.731343,0.599781,0.094066,8.872545
1274100,40.6137,7.425191,0.693847,6.731343,0.599781,0.094066,8.828422
1274200,40.6137,7.425191,0.693847,6.731343,0.599781,0.094066,8.815401
1274300,40.6137,7.425191,0.693847,6.731343,0.599781,0.094066,8.838020
1274400,40.6137,7.425191,0.693847,6.731343,0.599781,0.094066,8.830168
1274500,40.6137,7.425191,0.693847,6.731343,0.599781,0.094066,8.792000
1274600,40.6137,7.425191,0.693847,6.731343,0.599781,0.094066,8.779723
1274700,40.6137,7.425191,0.693847,6.731343,0.599781,0.094066,8.751239
1274800,40.6137,7.425191,0.693847,6.731343,0.599781,0.094066,8.918576
1274900,40.6137,7.425191,0.693847,6.731343,0.599781,0.094066,8.856187
1275000,40.6137,7.425191,0.693847,6.731343,0.599781,0.094066,8.844847
1275100,40.6137,7.425191,0.693847,6.731343,0.599781,0.094066,8.886840
1275200,40.6137,7.425191,0.693847,6.731343,0.599781,0.094066,8.751178
1275300,40.6137,7.425191,0.693847,6.731343,0.599781,0.094066,8.765716
1275400,40.6137,7.425191,0.693847,6.731343,0.599781,0.094066,8.853439
1275500,40.6137,7.425191,0.693847,6.731343,0.599781,0.094066,8.894635
1275600,40.6137,7.425191,0.693847,6.731343,0.599781,0.094066,8.845256
1275700,40.6137,7.425191,0.693847,6.731343,0.599781,0.094066,8.814383
1275800,40.6137,7.425191,0.693847,6.731343,0.599781,0.094066,8.867754
1275900,40.6137,7.425191,0.693847,6.731343,0.599781,0.094066,8.835150
1276000,40.6137,7.425191,0.693847,6.731343,0.599781,0.094066,8.799204
1276100,40.6137,7.425191,0.693847,6.731343,0.599781,0.094066,8.869745
1276200,40.6137,7.425191,0.693847,6.731343,0.599781,0.094066,8.806008
1276300,40.6137,7.425191,0.693847,6.731343,0.599781,0.094066,8.833505
1276400,40.6137,7.425191,0.693847,6.731343,0.599781,0.094066,8.914493
1276500,40.6137,7.425191,0.693847,6.731343,0.599781,0.094066,8.799204
1276600,40.6137,7.425191,0.693847,6.731343,0.599781,0.094066,8.832712
1276700,40.6137,7.425191,0.693847,6.731343,0.599781,0.094066,8.848823
1276800,40.6137,7.425191,0.693847,6.731343,0.599781,0.094066,8.810475
1276900,40.6137,7.425191,0.693847,6.731343,0.599781,0.094066,8.848971
1277000,40.6137,7.425191,0.693847,6.731343,0.599781,0.094066,8.805936
1277100,40.6137,7.425191,0.693847,6.731343,0.599781,0.094066,8.815401
1277200,40.6137,7.425191,0.693847,6.731343,0.599781,0.094066,8.843030
1277300,40.6137,7.425191,0.693847,6.731343,0.599781,0.094066,8.751178
1277400,40.6137,7.425191,0.693847,6.731343,0.599781,0.094066,8.765527
1277500,40.6137,7.425191,0.693847,6.731343,0.599781,0.094066,8.840989
1277600,40.6137,7.425191,0.693847,6.731343,0.599781,0.094066,8.776594
1277700,40.6137,7.425191,0.693847,6.731343,0.599781,0.094066,8.783860
1277800,40.6137,7.425191,0.693847,6.731343,0.599781,0.094066,8.805538
1277900,40.6137,7.425191,0.693847,6.731343,0.599781,0.094066,8.833803
1278000,40.6137,7.425191,0.693847,6.731343,0.599781,0.094066,8.886161
1278100,40.6137,7.425191,0.693847,6.731343,0.599781,0.094066,8.850335
1278200,40.6137,7.425191,0.693847,6.731343,0.599781,0.094066,8.819667
1278300,40.6137,7.425191,0.693847,6.731343,0.599781,0.094066,8.800172
1278400,40.6137,7.425191,0.693847,6.731343,0.599781,0.094066,8.803170
1278500,40.6137,7.425191,0.693847,6.731343,0.599781,0.094066,8.845144
1278600,40.6137,7.425191,0.693847,6.731343,0.599781,0.094066,8.864064
1278700,40.6137,7.425191,0.693847,6.731343,0.599781,0.094066,8.810475
1278800,40.6137,7.425191,0.693847,6.731343,0.599781,0.094066,8.844465
1278900,40.6137,7.425191,0.693847,6.731343,0.599781,0.094066,8.872264
1279000,40.6137,7.425191,0.693847,6.731343,0.599781,0.094066,8.856177
1279100,40.6137,7.425191,0.693847,6.731343,0.599781,0.094066,8.806008
1279200,40.6137,7.425191,0.693847,6.731343,0.599781,0.094066,8.810536
1279300,40.6137,7.425191,0.693847,6.731343,0.599781,0.094066,8.898806
1279400,40.6137,7.425191,0.693847,6.731343,0.599781,0.094066,8.818615
1279500,40.6137,7.425191,0.693847,6.731343,0.599781,0.094066,8.815401
1279600,40.6137,7.425191,0.693847,6.731343,0.599781,0.094066,8.850379
1279700,40.6137,7.425191,0.693847,6.731343,0.599781,0.094066,8.889466
1279800,40.6137,7.425191,0.693847,6.731343,0.599781,0.094066,8.842063
1279900,40.6137,7.425191,0.693847,6.731343,0.599781,0.094066,8.800361
1280000,40.6137,7.425191,0.693847,6.731343,0.599781,0.094066,8.860047
1280100,40.6137,7.425191,0.693847,6.731343,0.599781,0.094066,8.828585
1280200,40.6137,7.425191,0.693847,6.731343,0.599781,0.094066,8.751178
1280300,40.6137,7.425191,0.693847,6.731343,0.599781,0.094066,8.792917
1280400,40.6137,7.425191,0.693847,6.731343,0.599781,0.094066,8.809351
1280500,40.6137,7.425191,0.693847,6.731343,0.599781,0.094066,8.751178
1280600,40.6137,7.425191,0.693847,6.731343,0.599781,0.094066,8.824243
1280700,40.6137,7.425191,0.693847,6.731343,0.599781,0.094066,8.765033
1280800,40.6137,7.425191,0.693847,6.731343,0.599781,0.094066,8.753292
1280900,40.6137,7.425191,0.693847,6.731343,0.599781,0.094066,8.896492
1281000,40.6137,7.425191,0.693847,6.731343,0.599781,0.094066,8.784835
1281100,40.6137,7.425191,0.693847,6.731343,0.599781,0.094066,8.751239
1281200,40.6137,7.425191,0.693847,6.731343,0.599781,0.094066,8.855570
1281300,40.6137,7.425191,0.693847,6.731343,0.599781,0.094066,8.870858
1281400,40.6137,7.425191,0.693847,6.731343,0.599781,0.094066,8.899690
1281500,40.6137,7.425191,0.693847,6.731343,0.599781,0.094066,8.806008
1281600,40.6137,7.425191,0.693847,6.731343,0.599781,0.094066,8.828000
1281700,40.6137,7.425191,0.693847,6.731343,0.599781,0.094066,8.874827
1281800,40.6137,7.425191,0.693847,6.731343,0.599781,0.094066,8.878416
1281900,40.6137,7.425191,0.693847,6.731343,0.599781,0.094066,8.841934
1282000,40.6137,7.425191,0.693847,6.731343,0.599781,0.094066,8.817044
1282100,40.6137,7.425191,0.693847,6.731343,0.599781,0.094066,8.866413
1282200,40.6137,7.425191,0.693847,6.731343,0.599781,0.094066,8.840489
1282300,40.6137,7.425191,0.693847,6.731343,0.599781,0.094066,8.792081
1282400,40.6137,7.425191,0.693847,6.731343,0.599781,0.094066,8.871675
1282500,40.6137,7.425191,0.693847,6.731343,0.599781,0.094066,8.814860
1282600,40.6137,7.425191,0.693847,6.731343,0.599781,0.094066,8.843255
1282700,40.6137,7.425191,0.693847,6.731343,0.599781,0.094066,8.837326
1282800,40.6137,7.425191,0.693847,6.731343,0.599781,0.094066,8.810689
1282900,40.6137,7.425191,0.693847,6.731343,0.599781,0.094066,8.815591
1283000,40.6137,7.425191,0.693847,6.731343,0.599781,0.094066,8.898812
1283100,40.6137,7.425191,0.693847,6.731343,0.599781,0.094066,8.776594
1283200,40.6137,7.425191,0.693847,6.731343,0.599781,0.094066,8.788216
1283300,40.6137,7.425191,0.693847,6.731343,0.599781,0.094066,8.804391
1283400,40.6137,7.425191,0.693847,6.731343,0.599781,0.094066,8.852745
1283500,40.6137,7.425191,0.693847,6.731343,0.599781,0.094066,8.875996
1283600,40.6137,7.425191,0.693847,6.731343,0.599781,0.094066,8.751178
1283700,40.6137,7.425191,0.693847,6.731343,0.599781,0.094066,8.786596
1283800,40.6137,7.425191,0.693847,6.731343,0.599781,0.094066,8.823306
1283900,40.6137,7.425191,0.693847,6.731343,0.599781,0.094066,8.751178
1284000,40.6137,7.425191,0.693847,6.731343,0.599781,0.094066,8.784680
1284100,40.6137,7.425191,0.693847,6.731343,0.599781,0.094066,8.825054
1284200,40.6137,7.425191,0.693847,6.731343,0.599781,0.094066,8.792081
1284300,40.6137,7.425191,0.693847,6.731343,0.599781,0.094066,8.864781
1284400,40.6137,7.425191,0.693847,6.731343,0.599781,0.094066,8.806008
1284500,40.6137,7.425191,0.693847,6.731343,0.599781,0.094066,8.811683
1284600,40.6137,7.425191,0.693847,6.731343,0.599781,0.094066,8.868526
1284700,40.6137,7.425191,0.693847,6.731343,0.599781,0.094066,8.897603
1284800,40.6137,7.425191,0.693847,6.731343,0.599781,0.094066,8.893373
1284900,40.6137,7.425191,0.693847,6.731343,0.599781,0.094066,8.826884
1285000,40.6137,7.425191,0.693847,6.731343,0.599781,0.094066,8.815761
1285100,40.6137,7.425191,0.693847,6.731343,0.599781,0.094066,8.809566
1285200,40.6137,7.425191,0.693847,6.731343,0.599781,0.094066,8.913009
1285300,40.6137,7.425191,0.693847,6.731343,0.599781,0.094066,8.903954
1285400,40.6137,7.425191,0.693847,6.731343,0.599781,0.094066,8.876235
1285500,40.6137,7.425191,0.693847,6.731343,0.599781,0.094066,8.814254
1285600,40.6137,7.425191,0.693847,6.731343,0.599781,0.094066,8.807216
1285700,40.6137,7.425191,0.693847,6.731343,0.599781,0.094066,8.859592
1285800,40.6137,7.425191,0.693847,6.731343,0.599781,0.094066,8.854213
1285900,40.6137,7.425191,0.693847,6.731343,0.599781,0.094066,8.756973
1286000,40.6137,7.425191,0.693847,6.731343,0.599781,0.094066,8.778628
1286100,40.6137,7.425191,0.693847,6.731343,0.599781,0.094066,8.850094
1286200,40.6137,7.425191,0.693847,6.731343,0.599781,0.094066,8.850331
1286300,40.6137,7.425191,0.693847,6.731343,0.599781,0.094066,8.777712
1286400,40.6137,7.425191,0.693847,6.731343,0.599781,0.094066,8.790802
1286500,40.6137,7.425191,0.693847,6.731343,0.599781,0.094066,8.802597
1286600,40.6137,7.425191,0.693847,6.731343,0.599781,0.094066,8.881437
1286700,40.6137,7.425191,0.693847,6.731343,0.599781,0.094066,8.848599
1286800,40.6137,7.425191,0.693847,6.731343,0.599781,0.094066,8.751178
1286900,40.6137,7.425191,0.693847,6.731343,0.599781,0.094066,8.768764
1287000,40.6137,7.425191,0.693847,6.731343,0.599781,0.094066,8.922709
1287100,40.6137,7.425191,0.693847,6.731343,0.599781,0.094066,8.802237
1287200,40.6137,7.425191,0.693847,6.731343,0.599781,0.094066,8.863402
1287300,40.6137,7.425191,0.693847,6.731343,0.599781,0.094066,8.812340
1287400,40.6137,7.425191,0.693847,6.731343,0.599781,0.094066,8.819235
1287500,40.6137,7.425191,0.693847,6.731343,0.599781,0.094066,8.889236
1287600,40.6137,7.425191,0.693847,6.731343,0.599781,0.094066,8.837009
1287700,40.6137,7.425191,0.693847,6.731343,0.599781,0.094066,8.815530
1287800,40.6137,7.425191,0.693847,6.731343,0.599781,0.094066,8.829308
1287900,40.6137,7.425191,0.693847,6.731343,0.599781,0.094066,8.838741
1288000,40.6137,7.425191,0.693847,6.731343,0.599781,0.094066,8.810259
1288100,40.6137,7.425191,0.693847,6.731343,0.599781,0.094066,8.850313
1288200,40.6137,7.425191,0.693847,6.731343,0.599781,0.094066,8.815530
1288300,40.6137,7.425191,0.693847,6.731343,0.599781,0.094066,8.814744
1288400,40.6137,7.425191,0.693847,6.731343,0.599781,0.094066,8.841934
1288500,40.6137,7.425191,0.693847,6.731343,0.599781,0.094066,8.806008
1288600,40.6137,7.425191,0.693847,6.731343,0.599781,0.094066,8.810536
1288700,40.6137,7.425191,0.693847,6.731343,0.599781,0.094066,8.902212
1288800,40.6137,7.425191,0.693847,6.731343,0.599781,0.094066,8.756973
1288900,40.6137,7.425191,0.693847,6.731343,0.599781,0.094066,8.768703
1289000,40.6137,7.425191,0.693847,6.731343,0.599781,0.094066,8.830817
1289100,40.6137,7.425191,0.693847,6.731343,0.599781,0.094066,8.756973
1289200,40.6137,7.425191,0.693847,6.731343,0.599781,0.094066,8.784619
1289300,40.6137,7.425191,0.693847,6.731343,0.599781,0.094066,8.804657
1289400,40.6137,7.425191,0.693847,6.731343,0.599781,0.094066,8.751178
1289500,40.6137,7.425191,0.693847,6.731343,0.599781,0.094066,8.887785
1289600,40.6137,7.425191,0.693847,6.731343,0.599781,0.094066,8.837809
1289700,40.6137,7.425191,0.693847,6.731343,0.599781,0.094066,8.839435
1289800,40.6137,7.425191,0.693847,6.731343,0.599781,0.094066,8.789988
1289900,40.6137,7.425191,0.693847,6.731343,0.599781,0.094066,8.823796
1290000,40.6137,7.425191,0.693847,6.731343,0.599781,0.094066,8.816093
1290100,40.6137,7.425191,0.693847,6.731343,0.599781,0.094066,8.941163
1290200,40.6137,7.425191,0.693847,6.731343,0.599781,0.094066,8.818615
1290300,40.6137,7.425191,0.693847,6.731343,0.599781,0.094066,8.815401
1290400,40.6137,7.425191,0.693847,6.731343,0.599781,0.094066,8.867584
1290500,40.6137,7.425191,0.693847,6.731343,0.599781,0.094066,8.898794
1290600,40.6137,7.425191,0.693847,6.731343,0.599781,0.094066,8.815530
1290700,40.6137,7.425191,0.693847,6.731343,0.599781,0.094066,8.792142
1290800,40.6137,7.425191,0.693847,6.731343,0.599781,0.094066,8.881651
1290900,40.6137,7.425191,0.693847,6.731343,0.599781,0.094066,8.913934
1291000,40.6137,7.425191,0.693847,6.731343,0.599781,0.094066,8.810475
1291100,40.6137,7.425191,0.693847,6.731343,0.599781,0.094066,8.830007
1291200,40.6137,7.425191,0.693847,6.731343,0.599781,0.094066,8.880292
1291300,40.6137,7.425191,0.693847,6.731343,0.599781,0.094066,8.883802
1291400,40.6137,7.425191,0.693847,6.731343,0.599781,0.094066,8.806008
1291500,40.6137,7.425191,0.693847,6.731343,0.599781,0.094066,8.819902
1291600,40.6137,7.425191,0.693847,6.731343,0.599781,0.094066,8.873226
1291700,40.6137,7.425191,0.693847,6.731343,0.599781,0.094066,8.777712
1291800,40.6137,7.425191,0.693847,6.731343,0.599781,0.094066,8.753292
1291900,40.6137,7.425191,0.693847,6.731343,0.599781,0.094066,8.836267
1292000,40.6137,7.425191,0.693847,6.731343,0.599781,0.094066,8.852745
1292100,40.6137,7.425191,0.693847,6.731343,0.599781,0.094066,8.844229
1292200,40.6137,7.425191,0.693847,6.731343,0.599781,0.094066,8.782945
1292300,40.6137,7.425191,0.693847,6.731343,0.599781,0.094066,8.765655
1292400,40.6137,7.425191,0.693847,6.731343,0.599781,0.094066,8.884061
1292500,40.6137,7.425191,0.693847,6.731343,0.599781,0.094066,8.857501
1292600,40.6137,7.425191,0.693847,6.731343,0.599781,0.094066,8.776594
1292700,40.6137,7.425191,0.693847,6.731343,0.599781,0.094066,8.751239
1292800,40.6137,7.425191,0.693847,6.731343,0.599781,0.094066,8.883820
1292900,40.6137,7.425191,0.693847,6.731343,0.599781,0.094066,8.830096
1293000,40.6137,7.425191,0.693847,6.731343,0.599781,0.094066,8.815530
1293100,40.6137,7.425191,0.693847,6.731343,0.599781,0.094066,8.846426
1293200,40.6137,7.425191,0.693847,6.731343,0.599781,0.094066,8.815401
1293300,40.6137,7.425191,0.693847,6.731343,0.599781,0.094066,8.829038
1293400,40.6137,7.425191,0.693847,6.731343,0.599781,0.094066,8.894551
1293500,40.6137,7.425191,0.693847,6.731343,0.599781,0.094066,8.815530
1293600,40.6137,7.425191,0.693847,6.731343,0.599781,0.094066,8.824818
1293700,40.6137,7.425191,0.693847,6.731343,0.599781,0.094066,8.864800
1293800,40.6137,7.425191,0.693847,6.731343,0.599781,0.094066,8.806008
1293900,40.6137,7.425191,0.693847,6.731343,0.599781,0.094066,8.843916
1294000,40.6137,7.425191,0.693847,6.731343,0.599781,0.094066,8.829384
1294100,40.6137,7.425191,0.693847,6.731343,0.599781,0.094066,8.806201
1294200,40.6137,7.425191,0.693847,6.731343,0.599781,0.094066,8.876310
1294300,40.6137,7.425191,0.693847,6.731343,0.599781,0.094066,8.803108
1294400,40.6137,7.425191,0.693847,6.731343,0.599781,0.094066,8.814315
1294500,40.6137,7.425191,0.693847,6.731343,0.599781,0.094066,8.844847
1294600,40.6137,7.425191,0.693847,6.731343,0.599781,0.094066,8.787810
1294700,40.6137,7.425191,0.693847,6.731343,0.599781,0.094066,8.765253
1294800,40.6137,7.425191,0.693847,6.731343,0.599781,0.094066,8.820231
1294900,40.6137,7.425191,0.693847,6.731343,0.599781,0.094066,8.827995
1295000,40.6137,7.425191,0.693847,6.731343,0.599781,0.094066,8.874393
1295100,40.6137,7.425191,0.693847,6.731343,0.599781,0.094066,8.784654
1295200,40.6137,7.425191,0.693847,6.731343,0.599781,0.094066,8.751178
1295300,40.6137,7.425191,0.693847,6.731343,0.599781,0.094066,8.847270
1295400,40.6137,7.425191,0.693847,6.731343,0.599781,0.094066,8.776594
1295500,40.6137,7.425191,0.693847,6.731343,0.599781,0.094066,8.752178
1295600,40.6137,7.425191,0.693847,6.731343,0.599781,0.094066,8.832733
1295700,40.6137,7.425191,0.693847,6.731343,0.599781,0.094066,8.801204
1295800,40.6137,7.425191,0.693847,6.731343,0.599781,0.094066,8.833505
1295900,40.6137,7.425191,0.693847,6.731343,0.599781,0.094066,8.842063
1296000,40.6137,7.425191,0.693847,6.731343,0.599781,0.094066,8.802237
1296100,40.6137,7.425191,0.693847,6.731343,0.599781,0.094066,8.830022
1296200,40.6137,7.425191,0.693847,6.731343,0.599781,0.094066,8.884718
1296300,40.6137,7.425191,0.693847,6.731343,0.599781,0.094066,8.814366
1296400,40.6137,7.425191,0.693847,6.731343,0.599781,0.094066,8.828429
1296500,40.6137,7.425191,0.693847,6.731343,0.599781,0.094066,8.898899
1296600,40.6137,7.425191,0.693847,6.731343,0.599781,0.094066,8.893980
1296700,40.6137,7.425191,0.693847,6.731343,0.599781,0.094066,8.796919
1296800,40.6137,7.425191,0.693847,6.731343,0.599781,0.094066,8.812030
1296900,40.6137,7.425191,0.693847,6.731343,0.599781,0.094066,8.877615
1297000,40.6137,7.425191,0.693847,6.731343,0.599781,0.094066,8.837222
1297100,40.6137,7.425191,0.693847,6.731343,0.599781,0.094066,8.815530
1297200,40.6137,7.425191,0.693847,6.731343,0.599781,0.094066,8.836452
1297300,40.6137,7.425191,0.693847,6.731343,0.599781,0.094066,8.894391
1297400,40.6137,7.425191,0.693847,6.731343,0.599781,0.094066,8.820184
1297500,40.6137,7.425191,0.693847,6.731343,0.599781,0.094066,8.751178
1297600,40.6137,7.425191,0.693847,6.731343,0.599781,0.094066,8.765527
1297700,40.6137,7.425191,0.693847,6.731343,0.599781,0.094066,8.845530
1297800,40.6137,7.425191,0.693847,6.731343,0.599781,0.094066,8.853022
1297900,40.6137,7.425191,0.693847,6.731343,0.599781,0.094066,8.873752
1298000,40.6137,7.425191,0.693847,6.731343,0.599781,0.094066,8.843313
1298100,40.6137,7.425191,0.693847,6.731343,0.599781,0.094066,8.751178
1298200,40.6137,7.425191,0.693847,6.731343,0.599781,0.094066,8.816123
1298300,40.6137,7.425191,0.693847,6.731343,0.599781,0.094066,8.825290
1298400,40.6137,7.425191,0.693847,6.731343,0.599781,0.094066,8.844670
1298500,40.6137,7.425191,0.693847,6.731343,0.599781,0.094066,8.807484
1298600,40.6137,7.425191,0.693847,6.731343,0.599781,0.094066,8.811436
1298700,40.6137,7.425191,0.693847,6.731343,0.599781,0.094066,8.860474
1298800,40.6137,7.425191,0.693847,6.731343,0.599781,0.094066,8.823501
1298900,40.6137,7.425191,0.693847,6.731343,0.599781,0.094066,8.812255
1299000,40.6137,7.425191,0.693847,6.731343,0.599781,0.094066,8.862825
1299100,40.6137,7.425191,0.693847,6.731343,0.599781,0.094066,8.797638
1299200,40.6137,7.425191,0.693847,6.731343,0.599781,0.094066,8.838247
1299300,40.6137,7.425191,0.693847,6.731343,0.599781,0.094066,8.890084
1299400,40.6137,7.425191,0.693847,6.731343,0.599781,0.094066,8.810475
1299500,40.6137,7.425191,0.693847,6.731343,0.599781,0.094066,8.847941
1299600,40.6137,7.425191,0.693847,6.731343,0.599781,0.094066,8.825738
1299700,40.6137,7.425191,0.693847,6.731343,0.599781,0.094066,8.815401
1299800,40.6137,7.425191,0.693847,6.731343,0.599781,0.094066,8.850906
1299900,40.6137,7.425191,0.693847,6.731343,0.599781,0.094066,8.810475
1300000,40.6137,7.425191,0.693847,6.731343,0.599781,0.094066,8.852913
1300100,40.6137,7.425191,0.693847,6.731343,0.599781,0.094066,8.818644
1300200,40.6137,7.425191,0.693847,6.731343,0.599781,0.094066,8.815401
1300300,40.6137,7.425191,0.693847,6.731343,0.599781,0.094066,8.846445
1300400,40.6137,7.425191,0.693847,6.731343,0.599781,0.094066,8.751178
1300500,40.6137,7.425191,0.693847,6.731343,0.599781,0.094066,8.765527
1300600,40.6137,7.425191,0.693847,6.731343,0.599781,0.094066,8.836738
1300700,40.6137,7.425191,0.693847,6.731343,0.599781,0.094066,8.780845
1300800,40.6137,7.425191,0.693847,6.731343,0.599781,0.094066,8.783860
1300900,40.6137,7.425191,0.693847,6.731343,0.599781,0.094066,8.819731
1301000,40.6137,7.425191,0.693847,6.731343,0.599781,0.094066,8.776594
1301100,40.6137,7.425191,0.693847,6.731343,0.599781,0.094066,8.801646
1301200,40.6137,7.425191,0.693847,6.731343,0.599781,0.094066,8.815124
1301300,40.6137,7.425191,0.693847,6.731343,0.599781,0.094066,8.751239
1301400,40.6137,7.425191,0.693847,6.731343,0.599781,0.094066,8.823131
1301500,40.6137,7.425191,0.693847,6.731343,0.599781,0.094066,8.887647
1301600,40.6137,7.425191,0.693847,6.731343,0.599781,0.094066,8.911949
1301700,40.6137,7.425191,0.693847,6.731343,0.599781,0.094066,8.905153
1301800,40.6137,7.425191,0.693847,6.731343,0.599781,0.094066,8.810475
1301900,40.6137,7.425191,0.693847,6.731343,0.599781,0.094066,8.815591
1302000,40.6137,7.425191,0.693847,6.731343,0.599781,0.094066,8.820230
1302100,40.6137,7.425191,0.693847,6.731343,0.599781,0.094066,8.875051
1302200,40.6137,7.425191,0.693847,6.731343,0.599781,0.094066,8.806008
1302300,40.6137,7.425191,0.693847,6.731343,0.599781,0.094066,8.824952
1302400,40.6137,7.425191,0.693847,6.731343,0.599781,0.094066,8.908159
1302500,40.6137,7.425191,0.693847,6.731343,0.599781,0.094066,8.792081
1302600,40.6137,7.425191,0.693847,6.731343,0.599781,0.094066,8.849737
1302700,40.6137,7.425191,0.693847,6.731343,0.599781,0.094066,8.833689
1302800,40.6137,7.425191,0.693847,6.731343,0.599781,0.094066,8.810475
1302900,40.6137,7.425191,0.693847,6.731343,0.599781,0.094066,8.865277
1303000,40.6137,7.425191,0.693847,6.731343,0.599781,0.094066,8.802237
1303100,40.6137,7.425191,0.693847,6.731343,0.599781,0.094066,8.830022
1303200,40.6137,7.425191,0.693847,6.731343,0.599781,0.094066,8.830200
1303300,40.6137,7.425191,0.693847,6.731343,0.599781,0.094066,8.827201
1303400,40.6137,7.425191,0.693847,6.731343,0.599781,0.094066,8.874229
1303500,40.6137,7.425191,0.693847,6.731343,0.599781,0.094066,8.790630
1303600,40.6137,7.425191,0.693847,6.731343,0.599781,0.094066,8.751178
1303700,40.6137,7.425191,0.693847,6.731343,0.599781,0.094066,8.790864
1303800,40.6137,7.425191,0.693847,6.731343,0.599781,0.094066,8.838978
1303900,40.6137,7.425191,0.693847,6.731343,0.599781,0.094066,8.761720
1304000,40.6137,7.425191,0.693847,6.731343,0.599781,0.094066,8.805368
1304100,40.6137,7.425191,0.693847,6.731343,0.599781,0.094066,8.822011
1304200,40.6137,7.425191,0.693847,6.731343,0.599781,0.094066,8.751239
1304300,40.6137,7.425191,0.693847,6.731343,0.599781,0.094066,8.845535
1304400,40.6137,7.425191,0.693847,6.731343,0.599781,0.094066,8.819762
1304500,40.6137,7.425191,0.693847,6.731343,0.599781,0.094066,8.815401
1304600,40.6137,7.425191,0.693847,6.731343,0.599781,0.094066,8.851799
1304700,40.6137,7.425191,0.693847,6.731343,0.599781,0.094066,8.895669
1304800,40.6137,7.425191,0.693847,6.731343,0.599781,0.094066,8.815530
1304900,40.6137,7.425191,0.693847,6.731343,0.599781,0.094066,8.813471
1305000,40.6137,7.425191,0.693847,6.731343,0.599781,0.094066,8.878153
1305100,40.6137,7.425191,0.693847,6.731343,0.599781,0.094066,8.807386
1305200,40.6137,7.425191,0.693847,6.731343,0.599781,0.094066,8.845126
1305300,40.6137,7.425191,0.693847,6.731343,0.599781,0.094066,8.842753
1305400,40.6137,7.425191,0.693847,6.731343,0.599781,0.094066,8.792081
1305500,40.6137,7.425191,0.693847,6.731343,0.599781,0.094066,8.905942
1305600,40.6137,7.425191,0.693847,6.731343,0.599781,0.094066,8.837053
1305700,40.6137,7.425191,0.693847,6.731343,0.599781,0.094066,8.811549
1305800,40.6137,7.425191,0.693847,6.731343,0.599781,0.094066,8.873970
1305900,40.6137,7.425191,0.693847,6.731343,0.599781,0.094066,8.837410
1306000,40.6137,7.425191,0.693847,6.731343,0.599781,0.094066,8.816469
1306100,40.6137,7.425191,0.693847,6.731343,0.599781,0.094066,8.824232
1306200,40.6137,7.425191,0.693847,6.731343,0.599781,0.094066,8.751178
1306300,40.6137,7.425191,0.693847,6.731343,0.599781,0.094066,8.814477
1306400,40.6137,7.425191,0.693847,6.731343,0.599781,0.094066,8.842167
1306500,40.6137,7.425191,0.693847,6.731343,0.599781,0.094066,8.751178
1306600,40.6137,7.425191,0.693847,6.731343,0.599781,0.094066,8.805279
1306700,40.6137,7.425191,0.693847,6.731343,0.599781,0.094066,8.821798
1306800,40.6137,7.425191,0.693847,6.731343,0.599781,0.094066,8.774201
1306900,40.6137,7.425191,0.693847,6.731343,0.599781,0.094066,8.812959
1307000,40.6137,7.425191,0.693847,6.731343,0.599781,0.094066,8.778858
1307100,40.6137,7.425191,0.693847,6.731343,0.599781,0.094066,8.751239
1307200,40.6137,7.425191,0.693847,6.731343,0.599781,0.094066,8.860946
1307300,40.6137,7.425191,0.693847,6.731343,0.599781,0.094066,8.792081
1307400,40.6137,7.425191,0.693847,6.731343,0.599781,0.094066,8.815462
1307500,40.6137,7.425191,0.693847,6.731343,0.599781,0.094066,8.932512
1307600,40.6137,7.425191,0.693847,6.731343,0.599781,0.094066,8.848927
1307700,40.6137,7.425191,0.693847,6.731343,0.599781,0.094066,8.815475
1307800,40.6137,7.425191,0.693847,6.731343,0.599781,0.094066,8.859539
1307900,40.6137,7.425191,0.693847,6.731343,0.599781,0.094066,8.842273
1308000,40.6137,7.425191,0.693847,6.731343,0.599781,0.094066,8.799204
1308100,40.6137,7.425191,0.693847,6.731343,0.599781,0.094066,8.871672
1308200,40.6137,7.425191,0.693847,6.731343,0.599781,0.094066,8.814851
1308300,40.6137,7.425191,0.693847,6.731343,0.599781,0.094066,8.825408
1308400,40.6137,7.425191,0.693847,6.731343,0.599781,0.094066,8.908982
1308500,40.6137,7.425191,0.693847,6.731343,0.599781,0.094066,8.882371
1308600,40.6137,7.425191,0.693847,6.731343,0.599781,0.094066,8.840787
1308700,40.6137,7.425191,0.693847,6.731343,0.599781,0.094066,8.807155
1308800,40.6137,7.425191,0.693847,6.731343,0.599781,0.094066,8.872492
1308900,40.6137,7.425191,0.693847,6.731343,0.599781,0.094066,8.815530
1309000,40.6137,7.425191,0.693847,6.731343,0.599781,0.094066,8.780187
1309100,40.6137,7.425191,0.693847,6.731343,0.599781,0.094066,8.777712
1309200,40.6137,7.425191,0.693847,6.731343,0.599781,0.094066,8.788216
1309300,40.6137,7.425191,0.693847,6.731343,0.599781,0.094066,8.757034
1309400,40.6137,7.425191,0.693847,6.731343,0.599781,0.094066,8.851525
1309500,40.6137,7.425191,0.693847,6.731343,0.599781,0.094066,8.893828
1309600,40.6137,7.425191,0.693847,6.731343,0.599781,0.094066,8.826676
1309700,40.6137,7.425191,0.693847,6.731343,0.599781,0.094066,8.790240
1309800,40.6137,7.425191,0.693847,6.731343,0.599781,0.094066,9.129254
1309900,40.6137,7.425191,0.693847,6.731343,0.599781,0.094066,8.830442
1310000,40.6137,7.425191,0.693847,6.731343,0.599781,0.094066,9.038819
1310100,40.6137,7.425191,0.693847,6.731343,0.599781,0.094066,8.967727
1310200,40.6137,7.425191,0.693847,6.731343,0.599781,0.094066,8.777712
1310300,40.6137,7.425191,0.693847,6.731343,0.599781,0.094066,8.906610
1310400,40.6137,7.425191,0.693847,6.731343,0.599781,0.094066,8.751239
1310500,40.6137,7.425191,0.693847,6.731343,0.599781,0.094066,8.838978
1310600,40.6137,7.425191,0.693847,6.731343,0.599781,0.094066,8.751178
1310700,40.6137,7.425191,0.693847,6.731343,0.599781,0.094066,8.759885
1310800,40.6137,7.425191,0.693847,6.731343,0.599781,0.094066,8.827568
1310900,40.6137,7.425191,0.693847,6.731343,0.599781,0.094066,8.751178
1311000,40.6137,7.425191,0.693847,6.731343,0.599781,0.094066,8.778391
1311100,40.6137,7.425191,0.693847,6.731343,0.599781,0.094066,8.785981
1311200,40.6137,7.425191,0.693847,6.731343,0.599781,0.094066,8.751178
1311300,40.6137,7.425191,0.693847,6.731343,0.599781,0.094066,8.796968
1311400,40.6137,7.425191,0.693847,6.731343,0.599781,0.094066,8.848919
1311500,40.6137,7.425191,0.693847,6.731343,0.599781,0.094066,8.854204
1311600,40.6137,7.425191,0.693847,6.731343,0.599781,0.094066,8.858802
1311700,40.6137,7.425191,0.693847,6.731343,0.599781,0.094066,8.776594
1311800,40.6137,7.425191,0.693847,6.731343,0.599781,0.094066,8.751178
1311900,40.6137,7.425191,0.693847,6.731343,0.599781,0.094066,8.822973
1312000,40.6137,7.425191,0.693847,6.731343,0.599781,0.094066,8.752353
1312100,40.6137,7.425191,0.693847,6.731343,0.599781,0.094066,8.755407
1312200,40.6137,7.425191,0.693847,6.731343,0.599781,0.094066,8.803224
1312300,40.6137,7.425191,0.693847,6.731343,0.599781,0.094066,8.751178
1312400,40.6137,7.425191,0.693847,6.731343,0.599781,0.094066,8.777256
1312500,40.6137,7.425191,0.693847,6.731343,0.599781,0.094066,8.835254
1312600,40.6137,7.425191,0.693847,6.731343,0.599781,0.094066,8.751178
1312700,40.6137,7.425191,0.693847,6.731343,0.599781,0.094066,8.768703
1312800,40.6137,7.425191,0.693847,6.731343,0.599781,0.094066,8.806624
1312900,40.6137,7.425191,0.693847,6.731343,0.599781,0.094066,8.751178
1313000,40.6137,7.425191,0.693847,6.731343,0.599781,0.094066,8.787803
1313100,40.6137,7.425191,0.693847,6.731343,0.599781,0.094066,8.770828
1313200,40.6137,7.425191,0.693847,6.731343,0.599781,0.094066,8.751178
1313300,40.6137,7.425191,0.693847,6.731343,0.599781,0.094066,8.803789
1313400,40.6137,7.425191,0.693847,6.731343,0.599781,0.094066,8.751178
1313500,40.6137,7.425191,0.693847,6.731343,0.599781,0.094066,8.751239
1313600,40.6137,7.425191,0.693847,6.731343,0.599781,0.094066,8.812444
1313700,40.6137,7.425191,0.693847,6.731343,0.599781,0.094066,8.777712
1313800,40.6137,7.425191,0.693847,6.731343,0.599781,0.094066,8.751178
1313900,40.6137,7.425191,0.693847,6.731343,0.599781,0.094066,8.809741
1314000,40.6137,7.425191,0.693847,6.731343,0.599781,0.094066,8.777712
1314100,40.6137,7.425191,0.693847,6.731343,0.599781,0.094066,8.751178
1314200,40.6137,7.425191,0.693847,6.731343,0.599781,0.094066,8.813194
1314300,40.6137,7.425191,0.693847,6.731343,0.599781,0.094066,8.751178
1314400,40.6137,7.425191,0.693847,6.731343,0.599781,0.094066,8.780210
1314500,40.6137,7.425191,0.693847,6.731343,0.599781,0.094066,8.851955
1314600,40.6137,7.425191,0.693847,6.731343,0.599781,0.094066,8.752353
1314700,40.6137,7.425191,0.693847,6.731343,0.599781,0.094066,8.753292
1314800,40.6137,7.425191,0.693847,6.731343,0.599781,0.094066,8.820104
1314900,40.6137,7.425191,0.693847,6.731343,0.599781,0.094066,8.751178
1315000,40.6137,7.425191,0.693847,6.731343,0.599781,0.094066,8.757742
1315100,40.6137,7.425191,0.693847,6.731343,0.599781,0.094066,8.798959
1315200,40.6137,7.425191,0.693847,6.731343,0.599781,0.094066,8.751178
1315300,40.6137,7.425191,0.693847,6.731343,0.599781,0.094066,8.800742
1315400,40.6137,7.425191,0.693847,6.731343,0.599781,0.094066,8.751178
1315500,40.6137,7.425191,0.693847,6.731343,0.599781,0.094066,8.751239
1315600,40.6137,7.425191,0.693847,6.731343,0.599781,0.094066,8.779327
1315700,40.6137,7.425191,0.693847,6.731343,0.599781,0.094066,8.875196
1315800,40.6137,7.425191,0.693847,6.731343,0.599781,0.094066,8.751178
1315900,40.6137,7.425191,0.693847,6.731343,0.599781,0.094066,8.765655
1316000,40.6137,7.425191,0.693847,6.731343,0.599781,0.094066,8.807741
1316100,40.6137,7.425191,0.693847,6.731343,0.599781,0.094066,8.751178
1316200,40.6137,7.425191,0.693847,6.731343,0.599781,0.094066,8.784755
1316300,40.6137,7.425191,0.693847,6.731343,0.599781,0.094066,8.771946
1316400,40.6137,7.425191,0.693847,6.731343,0.599781,0.094066,8.751178
1316500,40.6137,7.425191,0.693847,6.731343,0.599781,0.094066,8.800742
1316600,40.6137,7.425191,0.693847,6.731343,0.599781,0.094066,8.751178
1316700,40.6137,7.425191,0.693847,6.731343,0.599781,0.094066,8.751239
1316800,40.6137,7.425191,0.693847,6.731343,0.599781,0.094066,8.812444
1316900,40.6137,7.425191,0.693847,6.731343,0.599781,0.094066,8.777712
1317000,40.6137,7.425191,0.693847,6.731343,0.599781,0.094066,8.751178
1317100,40.6137,7.425191,0.693847,6.731343,0.599781,0.094066,8.802597
1317200,40.6137,7.425191,0.693847,6.731343,0.599781,0.094066,8.770799
1317300,40.6137,7.425191,0.693847,6.731343,0.599781,0.094066,8.751178
1317400,40.6137,7.425191,0.693847,6.731343,0.599781,0.094066,8.805523
1317500,40.6137,7.425191,0.693847,6.731343,0.599781,0.094066,8.751178
1317600,40.6137,7.425191,0.693847,6.731343,0.599781,0.094066,8.774208
1317700,40.6137,7.425191,0.693847,6.731343,0.599781,0.094066,8.777712
1317800,40.6137,7.425191,0.693847,6.731343,0.599781,0.094066,8.751178
1317900,40.6137,7.425191,0.693847,6.731343,0.599781,0.094066,8.751239
1318000,40.6137,7.425191,0.693847,6.731343,0.599781,0.094066,8.838978
1318100,40.6137,7.425191,0.693847,6.731343,0.599781,0.094066,8.751178
1318200,40.6137,7.425191,0.693847,6.731343,0.599781,0.094066,8.761191
1318300,40.6137,7.425191,0.693847,6.731343,0.599781,0.094066,8.826262
1318400,40.6137,7.425191,0.693847,6.731343,0.599781,0.094066,8.751178
1318500,40.6137,7.425191,0.693847,6.731343,0.599781,0.094066,8.779957
1318600,40.6137,7.425191,0.693847,6.731343,0.599781,0.094066,8.784415
1318700,40.6137,7.425191,0.693847,6.731343,0.599781,0.094066,8.751178
1318800,40.6137,7.425191,0.693847,6.731343,0.599781,0.094066,8.796968
1318900,40.6137,7.425191,0.693847,6.731343,0.599781,0.094066,8.848919
1319000,40.6137,7.425191,0.693847,6.731343,0.599781,0.094066,8.855137
1319100,40.6137,7.425191,0.693847,6.731343,0.599781,0.094066,8.857869
1319200,40.6137,7.425191,0.693847,6.731343,0.599781,0.094066,8.776594
1319300,40.6137,7.425191,0.693847,6.731343,0.599781,0.094066,8.751178
1319400,40.6137,7.425191,0.693847,6.731343,0.599781,0.094066,8.837029
1319500,40.6137,7.425191,0.693847,6.731343,0.599781,0.094066,8.752353
1319600,40.6137,7.425191,0.693847,6.731343,0.599781,0.094066,8.755407
1319700,40.6137,7.425191,0.693847,6.731343,0.599781,0.094066,8.810896
1319800,40.6137,7.425191,0.693847,6.731343,0.599781,0.094066,8.751178
1319900,40.6137,7.425191,0.693847,6.731343,0.599781,0.094066,8.777439
1320000,40.6137,7.425191,0.693847,6.731343,0.599781,0.094066,8.835254
1320100,40.6137,7.425191,0.693847,6.731343,0.599781,0.094066,8.751178
1320200,40.6137,7.425191,0.693847,6.731343,0.599781,0.094066,8.768703
1320300,40.6137,7.425191,0.693847,6.731343,0.599781,0.094066,8.806624
1320400,40.6137,7.425191,0.693847,6.731343,0.599781,0.094066,8.751178
1320500,40.6137,7.425191,0.693847,6.731343,0.599781,0.094066,8.787803
1320600,40.6137,7.425191,0.693847,6.731343,0.599781,0.094066,8.770828
1320700,40.6137,7.425191,0.693847,6.731343,0.599781,0.094066,8.751178
1320800,40.6137,7.425191,0.693847,6.731343,0.599781,0.094066,8.803789
1320900,40.6137,7.425191,0.693847,6.731343,0.599781,0.094066,8.751178
1321000,40.6137,7.425191,0.693847,6.731343,0.599781,0.094066,8.751239
1321100,40.6137,7.425191,0.693847,6.731343,0.599781,0.094066,8.812444
1321200,40.6137,7.425191,0.693847,6.731343,0.599781,0.094066,8.777712
1321300,40.6137,7.425191,0.693847,6.731343,0.599781,0.094066,8.751178
1321400,40.6137,7.425191,0.693847,6.731343,0.599781,0.094066,8.802597
1321500,40.6137,7.425191,0.693847,6.731343,0.599781,0.094066,8.860187
1321600,40.6137,7.425191,0.693847,6.731343,0.599781,0.094066,8.843075
1321700,40.6137,7.425191,0.693847,6.731343,0.599781,0.094066,8.751178
1321800,40.6137,7.425191,0.693847,6.731343,0.599781,0.094066,8.758319
1321900,40.6137,7.425191,0.693847,6.731343,0.599781,0.094066,8.815078
1322000,40.6137,7.425191,0.693847,6.731343,0.599781,0.094066,8.751178
1322100,40.6137,7.425191,0.693847,6.731343,0.599781,0.094066,8.777632
1322200,40.6137,7.425191,0.693847,6.731343,0.599781,0.094066,8.779069
1322300,40.6137,7.425191,0.693847,6.731343,0.599781,0.094066,8.751178
1322400,40.6137,7.425191,0.693847,6.731343,0.599781,0.094066,8.800742
1322500,40.6137,7.425191,0.693847,6.731343,0.599781,0.094066,8.751178
1322600,40.6137,7.425191,0.693847,6.731343,0.599781,0.094066,8.751239
1322700,40.6137,7.425191,0.693847,6.731343,0.599781,0.094066,8.780502
1322800,40.6137,7.425191,0.693847,6.731343,0.599781,0.094066,8.851791
1322900,40.6137,7.425191,0.693847,6.731343,0.599781,0.094066,8.792208
1323000,40.6137,7.425191,0.693847,6.731343,0.599781,0.094066,8.751178
1323100,40.6137,7.425191,0.693847,6.731343,0.599781,0.094066,8.812019
1323200,40.6137,7.425191,0.693847,6.731343,0.599781,0.094066,8.752353
1323300,40.6137,7.425191,0.693847,6.731343,0.599781,0.094066,8.753292
1323400,40.6137,7.425191,0.693847,6.731343,0.599781,0.094066,8.798811
1323500,40.6137,7.425191,0.693847,6.731343,0.599781,0.094066,8.751178
1323600,40.6137,7.425191,0.693847,6.731343,0.599781,0.094066,8.751239
1323700,40.6137,7.425191,0.693847,6.731343,0.599781,0.094066,8.812444
1323800,40.6137,7.425191,0.693847,6.731343,0.599781,0.094066,8.777712
1323900,40.6137,7.425191,0.693847,6.731343,0.599781,0.094066,8.751178
1324000,40.6137,7.425191,0.693847,6.731343,0.599781,0.094066,8.802597
1324100,40.6137,7.425191,0.693847,6.731343,0.599781,0.094066,8.770799
1324200,40.6137,7.425191,0.693847,6.731343,0.599781,0.094066,8.751178
1324300,40.6137,7.425191,0.693847,6.731343,0.599781,0.094066,8.805523
1324400,40.6137,7.425191,0.693847,6.731343,0.599781,0.094066,8.751178
1324500,40.6137,7.425191,0.693847,6.731343,0.599781,0.094066,8.774208
1324600,40.6137,7.425191,0.693847,6.731343,0.599781,0.094066,8.777712
1324700,40.6137,7.425191,0.693847,6.731343,0.599781,0.094066,8.751178
1324800,40.6137,7.425191,0.693847,6.731343,0.599781,0.094066,8.751239
1324900,40.6137,7.425191,0.693847,6.731343,0.599781,0.094066,8.848730
1325000,40.6137,7.425191,0.693847,6.731343,0.599781,0.094066,8.839602
1325100,40.6137,7.425191,0.693847,6.731343,0.599781,0.094066,8.822745
1325200,40.6137,7.425191,0.693847,6.731343,0.599781,0.094066,8.836371
1325300,40.6137,7.425191,0.693847,6.731343,0.599781,0.094066,8.751178
1325400,40.6137,7.425191,0.693847,6.731343,0.599781,0.094066,8.765655
1325500,40.6137,7.425191,0.693847,6.731343,0.599781,0.094066,8.821798
1325600,40.6137,7.425191,0.693847,6.731343,0.599781,0.094066,8.751178
1325700,40.6137,7.425191,0.693847,6.731343,0.599781,0.094066,8.785514
1325800,40.6137,7.425191,0.693847,6.731343,0.599781,0.094066,8.778858
1325900,40.6137,7.425191,0.693847,6.731343,0.599781,0.094066,8.751178
1326000,40.6137,7.425191,0.693847,6.731343,0.599781,0.094066,8.833051
1326100,40.6137,7.425191,0.693847,6.731343,0.599781,0.094066,8.777712
1326200,40.6137,7.425191,0.693847,6.731343,0.599781,0.094066,8.751178
1326300,40.6137,7.425191,0.693847,6.731343,0.599781,0.094066,8.795548
1326400,40.6137,7.425191,0.693847,6.731343,0.599781,0.094066,8.830168
1326500,40.6137,7.425191,0.693847,6.731343,0.599781,0.094066,8.836371
1326600,40.6137,7.425191,0.693847,6.731343,0.599781,0.094066,8.751178
1326700,40.6137,7.425191,0.693847,6.731343,0.599781,0.094066,8.765655
1326800,40.6137,7.425191,0.693847,6.731343,0.599781,0.094066,8.806624
1326900,40.6137,7.425191,0.693847,6.731343,0.599781,0.094066,8.751178
1327000,40.6137,7.425191,0.693847,6.731343,0.599781,0.094066,8.787803
1327100,40.6137,7.425191,0.693847,6.731343,0.599781,0.094066,8.770828
1327200,40.6137,7.425191,0.693847,6.731343,0.599781,0.094066,8.751178
1327300,40.6137,7.425191,0.693847,6.731343,0.599781,0.094066,8.803789
1327400,40.6137,7.425191,0.693847,6.731343,0.599781,0.094066,8.751178
1327500,40.6137,7.425191,0.693847,6.731343,0.599781,0.094066,8.751239
1327600,40.6137,7.425191,0.693847,6.731343,0.599781,0.094066,8.812444
1327700,40.6137,7.425191,0.693847,6.731343,0.599781,0.094066,8.776594
1327800,40.6137,7.425191,0.693847,6.731343,0.599781,0.094066,8.751178
1327900,40.6137,7.425191,0.693847,6.731343,0.599781,0.094066,8.805645
1328000,40.6137,7.425191,0.693847,6.731343,0.599781,0.094066,8.770799
1328100,40.6137,7.425191,0.693847,6.731343,0.599781,0.094066,8.751178
1328200,40.6137,7.425191,0.693847,6.731343,0.599781,0.094066,8.805523
1328300,40.6137,7.425191,0.693847,6.731343,0.599781,0.094066,8.751178
1328400,40.6137,7.425191,0.693847,6.731343,0.599781,0.094066,8.777842
1328500,40.6137,7.425191,0.693847,6.731343,0.599781,0.094066,8.854139
1328600,40.6137,7.425191,0.693847,6.731343,0.599781,0.094066,8.752353
1328700,40.6137,7.425191,0.693847,6.731343,0.599781,0.094066,8.753292
1328800,40.6137,7.425191,0.693847,6.731343,0.599781,0.094066,8.833043
1328900,40.6137,7.425191,0.693847,6.731343,0.599781,0.094066,8.751178
1329000,40.6137,7.425191,0.693847,6.731343,0.599781,0.094066,8.760925
1329100,40.6137,7.425191,0.693847,6.731343,0.599781,0.094066,8.805377
1329200,40.6137,7.425191,0.693847,6.731343,0.599781,0.094066,8.751178
1329300,40.6137,7.425191,0.693847,6.731343,0.599781,0.094066,8.803973
1329400,40.6137,7.425191,0.693847,6.731343,0.599781,0.094066,8.751178
1329500,40.6137,7.425191,0.693847,6.731343,0.599781,0.094066,8.751239
1329600,40.6137,7.425191,0.693847,6.731343,0.599781,0.094066,8.779327
1329700,40.6137,7.425191,0.693847,6.731343,0.599781,0.094066,8.823376
1329800,40.6137,7.425191,0.693847,6.731343,0.599781,0.094066,8.854204
1329900,40.6137,7.425191,0.693847,6.731343,0.599781,0.094066,8.826676
1330000,40.6137,7.425191,0.693847,6.731343,0.599781,0.094066,8.751178
1330100,40.6137,7.425191,0.693847,6.731343,0.599781,0.094066,8.751239
1330200,40.6137,7.425191,0.693847,6.731343,0.599781,0.094066,8.812444
1330300,40.6137,7.425191,0.693847,6.731343,0.599781,0.094066,8.777712
1330400,40.6137,7.425191,0.693847,6.731343,0.599781,0.094066,8.751178
1330500,40.6137,7.425191,0.693847,6.731343,0.599781,0.094066,8.809741
1330600,40.6137,7.425191,0.693847,6.731343,0.599781,0.094066,8.777712
1330700,40.6137,7.425191,0.693847,6.731343,0.599781,0.094066,8.751178
1330800,40.6137,7.425191,0.693847,6.731343,0.599781,0.094066,8.813194
1330900,40.6137,7.425191,0.693847,6.731343,0.599781,0.094066,8.751178
1331000,40.6137,7.425191,0.693847,6.731343,0.599781,0.094066,8.774392
1331100,40.6137,7.425191,0.693847,6.731343,0.599781,0.094066,8.777712
1331200,40.6137,7.425191,0.693847,6.731343,0.599781,0.094066,8.751178
1331300,40.6137,7.425191,0.693847,6.731343,0.599781,0.094066,8.751239
1331400,40.6137,7.425191,0.693847,6.731343,0.599781,0.094066,8.851525
1331500,40.6137,7.425191,0.693847,6.731343,0.599781,0.094066,8.839388
1331600,40.6137,7.425191,0.693847,6.731343,0.599781,0.094066,8.867159
1331700,40.6137,7.425191,0.693847,6.731343,0.599781,0.094066,8.784835
1331800,40.6137,7.425191,0.693847,6.731343,0.599781,0.094066,8.751178
1331900,40.6137,7.425191,0.693847,6.731343,0.599781,0.094066,8.802597
1332000,40.6137,7.425191,0.693847,6.731343,0.599781,0.094066,8.770799
1332100,40.6137,7.425191,0.693847,6.731343,0.599781,0.094066,8.751178
1332200,40.6137,7.425191,0.693847,6.731343,0.599781,0.094066,8.805523
1332300,40.6137,7.425191,0.693847,6.731343,0.599781,0.094066,8.751178
1332400,40.6137,7.425191,0.693847,6.731343,0.599781,0.094066,8.761993
1332500,40.6137,7.425191,0.693847,6.731343,0.599781,0.094066,8.848587
1332600,40.6137,7.425191,0.693847,6.731343,0.599781,0.094066,8.751178
1332700,40.6137,7.425191,0.693847,6.731343,0.599781,0.094066,8.758319
1332800,40.6137,7.425191,0.693847,6.731343,0.599781,0.094066,8.815078
1332900,40.6137,7.425191,0.693847,6.731343,0.599781,0.094066,8.751178
1333000,40.6137,7.425191,0.693847,6.731343,0.599781,0.094066,8.777632
1333100,40.6137,7.425191,0.693847,6.731343,0.599781,0.094066,8.779069
1333200,40.6137,7.425191,0.693847,6.731343,0.599781,0.094066,8.751178
1333300,40.6137,7.425191,0.693847,6.731343,0.599781,0.094066,8.820718
1333400,40.6137,7.425191,0.693847,6.731343,0.599781,0.094066,8.788743
1333500,40.6137,7.425191,0.693847,6.731343,0.599781,0.094066,8.751178
1333600,40.6137,7.425191,0.693847,6.731343,0.599781,0.094066,8.805452
1333700,40.6137,7.425191,0.693847,6.731343,0.599781,0.094066,8.783930
1333800,40.6137,7.425191,0.693847,6.731343,0.599781,0.094066,8.751178
1333900,40.6137,7.425191,0.693847,6.731343,0.599781,0.094066,8.815124
1334000,40.6137,7.425191,0.693847,6.731343,0.599781,0.094066,8.751178
1334100,40.6137,7.425191,0.693847,6.731343,0.599781,0.094066,8.757273
1334200,40.6137,7.425191,0.693847,6.731343,0.599781,0.094066,8.797878
1334300,40.6137,7.425191,0.693847,6.731343,0.599781,0.094066,8.751178
1334400,40.6137,7.425191,0.693847,6.731343,0.599781,0.094066,8.751239
1334500,40.6137,7.425191,0.693847,6.731343,0.599781,0.094066,8.881352
1334600,40.6137,7.425191,0.693847,6.731343,0.599781,0.094066,8.777712
1334700,40.6137,7.425191,0.693847,6.731343,0.599781,0.094066,8.751178
1334800,40.6137,7.425191,0.693847,6.731343,0.599781,0.094066,8.802597
1334900,40.6137,7.425191,0.693847,6.731343,0.599781,0.094066,8.850132
1335000,40.6137,7.425191,0.693847,6.731343,0.599781,0.094066,8.854248
1335100,40.6137,7.425191,0.693847,6.731343,0.599781,0.094066,8.833227
1335200,40.6137,7.425191,0.693847,6.731343,0.599781,0.094066,8.751178
1335300,40.6137,7.425191,0.693847,6.731343,0.599781,0.094066,8.761842
1335400,40.6137,7.425191,0.693847,6.731343,0.599781,0.094066,8.802531
1335500,40.6137,7.425191,0.693847,6.731343,0.599781,0.094066,8.751178
1335600,40.6137,7.425191,0.693847,6.731343,0.599781,0.094066,8.800925
1335700,40.6137,7.425191,0.693847,6.731343,0.599781,0.094066,8.751178
1335800,40.6137,7.425191,0.693847,6.731343,0.599781,0.094066,8.751239
1335900,40.6137,7.425191,0.693847,6.731343,0.599781,0.094066,8.779327
1336000,40.6137,7.425191,0.693847,6.731343,0.599781,0.094066,8.810829
1336100,40.6137,7.425191,0.693847,6.731343,0.599781,0.094066,8.751178
1336200,40.6137,7.425191,0.693847,6.731343,0.599781,0.094066,8.765655
1336300,40.6137,7.425191,0.693847,6.731343,0.599781,0.094066,8.807741
1336400,40.6137,7.425191,0.693847,6.731343,0.599781,0.094066,8.751178
1336500,40.6137,7.425191,0.693847,6.731343,0.599781,0.094066,8.784755
1336600,40.6137,7.425191,0.693847,6.731343,0.599781,0.094066,8.771946
1336700,40.6137,7.425191,0.693847,6.731343,0.599781,0.094066,8.751178
1336800,40.6137,7.425191,0.693847,6.731343,0.599781,0.094066,8.800742
1336900,40.6137,7.425191,0.693847,6.731343,0.599781,0.094066,8.751178
1337000,40.6137,7.425191,0.693847,6.731343,0.599781,0.094066,8.751239
1337100,40.6137,7.425191,0.693847,6.731343,0.599781,0.094066,8.812444
1337200,40.6137,7.425191,0.693847,6.731343,0.599781,0.094066,8.777712
1337300,40.6137,7.425191,0.693847,6.731343,0.599781,0.094066,8.751178
1337400,40.6137,7.425191,0.693847,6.731343,0.599781,0.094066,8.809741
1337500,40.6137,7.425191,0.693847,6.731343,0.599781,0.094066,8.777712
1337600,40.6137,7.425191,0.693847,6.731343,0.599781,0.094066,8.751178
1337700,40.6137,7.425191,0.693847,6.731343,0.599781,0.094066,8.813194
1337800,40.6137,7.425191,0.693847,6.731343,0.599781,0.094066,8.751178
1337900,40.6137,7.425191,0.693847,6.731343,0.599781,0.094066,8.774392
1338000,40.6137,7.425191,0.693847,6.731343,0.599781,0.094066,8.777712
1338100,40.6137,7.425191,0.693847,6.731343,0.599781,0.094066,8.751178
1338200,40.6137,7.425191,0.693847,6.731343,0.599781,0.094066,8.751239
1338300,40.6137,7.425191,0.693847,6.731343,0.599781,0.094066,8.838978
1338400,40.6137,7.425191,0.693847,6.731343,0.599781,0.094066,8.751178
1338500,40.6137,7.425191,0.693847,6.731343,0.599781,0.094066,8.765442
1338600,40.6137,7.425191,0.693847,6.731343,0.599781,0.094066,8.793993
1338700,40.6137,7.425191,0.693847,6.731343,0.599781,0.094066,8.751178
1338800,40.6137,7.425191,0.693847,6.731343,0.599781,0.094066,8.780368
1338900,40.6137,7.425191,0.693847,6.731343,0.599781,0.094066,8.769284
1339000,40.6137,7.425191,0.693847,6.731343,0.599781,0.094066,8.751178
1339100,40.6137,7.425191,0.693847,6.731343,0.599781,0.094066,8.796601
1339200,40.6137,7.425191,0.693847,6.731343,0.599781,0.094066,8.836371
1339300,40.6137,7.425191,0.693847,6.731343,0.599781,0.094066,8.751178
1339400,40.6137,7.425191,0.693847,6.731343,0.599781,0.094066,8.765655
1339500,40.6137,7.425191,0.693847,6.731343,0.599781,0.094066,8.807741
1339600,40.6137,7.425191,0.693847,6.731343,0.599781,0.094066,8.751178
1339700,40.6137,7.425191,0.693847,6.731343,0.599781,0.094066,8.784755
1339800,40.6137,7.425191,0.693847,6.731343,0.599781,0.094066,8.771946
1339900,40.6137,7.425191,0.693847,6.731343,0.599781,0.094066,8.751178
1340000,40.6137,7.425191,0.693847,6.731343,0.599781,0.094066,8.832868
1340100,40.6137,7.425191,0.693847,6.731343,0.599781,0.094066,8.777712
1340200,40.6137,7.425191,0.693847,6.731343,0.599781,0.094066,8.751178
1340300,40.6137,7.425191,0.693847,6.731343,0.599781,0.094066,8.809741
1340400,40.6137,7.425191,0.693847,6.731343,0.599781,0.094066,8.777712
1340500,40.6137,7.425191,0.693847,6.731343,0.599781,0.094066,8.751178
1340600,40.6137,7.425191,0.693847,6.731343,0.599781,0.094066,8.813194
1340700,40.6137,7.425191,0.693847,6.731343,0.599781,0.094066,8.751178
1340800,40.6137,7.425191,0.693847,6.731343,0.599781,0.094066,8.774392
1340900,40.6137,7.425191,0.693847,6.731343,0.599781,0.094066,8.835254
1341000,40.6137,7.425191,0.693847,6.731343,0.599781,0.094066,8.751178
1341100,40.6137,7.425191,0.693847,6.731343,0.599781,0.094066,8.768703
1341200,40.6137,7.425191,0.693847,6.731343,0.599781,0.094066,8.806624
1341300,40.6137,7.425191,0.693847,6.731343,0.599781,0.094066,8.751178
1341400,40.6137,7.425191,0.693847,6.731343,0.599781,0.094066,8.787803
1341500,40.6137,7.425191,0.693847,6.731343,0.599781,0.094066,8.770828
1341600,40.6137,7.425191,0.693847,6.731343,0.599781,0.094066,8.751178
1341700,40.6137,7.425191,0.693847,6.731343,0.599781,0.094066,8.803789
1341800,40.6137,7.425191,0.693847,6.731343,0.599781,0.094066,8.751178
1341900,40.6137,7.425191,0.693847,6.731343,0.599781,0.094066,8.751239
1342000,40.6137,7.425191,0.693847,6.731343,0.599781,0.094066,8.812444
1342100,40.6137,7.425191,0.693847,6.731343,0.599781,0.094066,8.776594
1342200,40.6137,7.425191,0.693847,6.731343,0.599781,0.094066,8.751178
1342300,40.6137,7.425191,0.693847,6.731343,0.599781,0.094066,8.805645
1342400,40.6137,7.425191,0.693847,6.731343,0.599781,0.094066,8.770799
1342500,40.6137,7.425191,0.693847,6.731343,0.599781,0.094066,8.751178
1342600,40.6137,7.425191,0.693847,6.731343,0.599781,0.094066,8.805523
1342700,40.6137,7.425191,0.693847,6.731343,0.599781,0.094066,8.751178
1342800,40.6137,7.425191,0.693847,6.731343,0.599781,0.094066,8.774757
1342900,40.6137,7.425191,0.693847,6.731343,0.599781,0.094066,8.831866
1343000,40.6137,7.425191,0.693847,6.731343,0.599781,0.094066,8.777712
1343100,40.6137,7.425191,0.693847,6.731343,0.599781,0.094066,8.751178
1343200,40.6137,7.425191,0.693847,6.731343,0.599781,0.094066,8.822218
1343300,40.6137,7.425191,0.693847,6.731343,0.599781,0.094066,8.751178
1343400,40.6137,7.425191,0.693847,6.731343,0.599781,0.094066,8.755531
1343500,40.6137,7.425191,0.693847,6.731343,0.599781,0.094066,8.801170
1343600,40.6137,7.425191,0.693847,6.731343,0.599781,0.094066,8.751178
1343700,40.6137,7.425191,0.693847,6.731343,0.599781,0.094066,8.799566
1343800,40.6137,7.425191,0.693847,6.731343,0.599781,0.094066,8.752353
1343900,40.6137,7.425191,0.693847,6.731343,0.599781,0.094066,8.751239
1344000,40.6137,7.425191,0.693847,6.731343,0.599781,0.094066,8.779327
1344100,40.6137,7.425191,0.693847,6.731343,0.599781,0.094066,8.887743
1344200,40.6137,7.425191,0.693847,6.731343,0.599781,0.094066,8.839388
1344300,40.6137,7.425191,0.693847,6.731343,0.599781,0.094066,8.819579
1344400,40.6137,7.425191,0.693847,6.731343,0.599781,0.094066,8.751178
1344500,40.6137,7.425191,0.693847,6.731343,0.599781,0.094066,8.751239
1344600,40.6137,7.425191,0.693847,6.731343,0.599781,0.094066,8.812444
1344700,40.6137,7.425191,0.693847,6.731343,0.599781,0.094066,8.777712
1344800,40.6137,7.425191,0.693847,6.731343,0.599781,0.094066,8.751178
1344900,40.6137,7.425191,0.693847,6.731343,0.599781,0.094066,8.795548
1345000,40.6137,7.425191,0.693847,6.731343,0.599781,0.094066,8.763886
1345100,40.6137,7.425191,0.693847,6.731343,0.599781,0.094066,8.751178
1345200,40.6137,7.425191,0.693847,6.731343,0.599781,0.094066,8.798474
1345300,40.6137,7.425191,0.693847,6.731343,0.599781,0.094066,8.751178
1345400,40.6137,7.425191,0.693847,6.731343,0.599781,0.094066,8.774025
1345500,40.6137,7.425191,0.693847,6.731343,0.599781,0.094066,8.777712
1345600,40.6137,7.425191,0.693847,6.731343,0.599781,0.094066,8.751178
1345700,40.6137,7.425191,0.693847,6.731343,0.599781,0.094066,8.751239
1345800,40.6137,7.425191,0.693847,6.731343,0.599781,0.094066,8.851525
1345900,40.6137,7.425191,0.693847,6.731343,0.599781,0.094066,8.839388
1346000,40.6137,7.425191,0.693847,6.731343,0.599781,0.094066,8.865464
1346100,40.6137,7.425191,0.693847,6.731343,0.599781,0.094066,8.786530
1346200,40.6137,7.425191,0.693847,6.731343,0.599781,0.094066,8.751178
1346300,40.6137,7.425191,0.693847,6.731343,0.599781,0.094066,8.797041
1346400,40.6137,7.425191,0.693847,6.731343,0.599781,0.094066,8.775238
1346500,40.6137,7.425191,0.693847,6.731343,0.599781,0.094066,8.751178
1346600,40.6137,7.425191,0.693847,6.731343,0.599781,0.094066,8.807453
1346700,40.6137,7.425191,0.693847,6.731343,0.599781,0.094066,8.751178
1346800,40.6137,7.425191,0.693847,6.731343,0.599781,0.094066,8.765040
1346900,40.6137,7.425191,0.693847,6.731343,0.599781,0.094066,8.847469
1347000,40.6137,7.425191,0.693847,6.731343,0.599781,0.094066,8.751178
1347100,40.6137,7.425191,0.693847,6.731343,0.599781,0.094066,8.755407
1347200,40.6137,7.425191,0.693847,6.731343,0.599781,0.094066,8.819920
1347300,40.6137,7.425191,0.693847,6.731343,0.599781,0.094066,8.751178
1347400,40.6137,7.425191,0.693847,6.731343,0.599781,0.094066,8.760789
1347500,40.6137,7.425191,0.693847,6.731343,0.599781,0.094066,8.797842
1347600,40.6137,7.425191,0.693847,6.731343,0.599781,0.094066,8.751178
1347700,40.6137,7.425191,0.693847,6.731343,0.599781,0.094066,8.805540
1347800,40.6137,7.425191,0.693847,6.731343,0.599781,0.094066,8.806970
1347900,40.6137,7.425191,0.693847,6.731343,0.599781,0.094066,8.751178
1348000,40.6137,7.425191,0.693847,6.731343,0.599781,0.094066,8.768703
1348100,40.6137,7.425191,0.693847,6.731343,0.599781,0.094066,8.806624
1348200,40.6137,7.425191,0.693847,6.731343,0.599781,0.094066,8.751178
1348300,40.6137,7.425191,0.693847,6.731343,0.599781,0.094066,8.787803
1348400,40.6137,7.425191,0.693847,6.731343,0.599781,0.094066,8.770828
1348500,40.6137,7.425191,0.693847,6.731343,0.599781,0.094066,8.751178
1348600,40.6137,7.425191,0.693847,6.731343,0.599781,0.094066,8.803789
1348700,40.6137,7.425191,0.693847,6.731343,0.599781,0.094066,8.751178
1348800,40.6137,7.425191,0.693847,6.731343,0.599781,0.094066,8.751239
1348900,40.6137,7.425191,0.693847,6.731343,0.599781,0.094066,8.812444
1349000,40.6137,7.425191,0.693847,6.731343,0.599781,0.094066,8.776594
1349100,40.6137,7.425191,0.693847,6.731343,0.599781,0.094066,8.751178
1349200,40.6137,7.425191,0.693847,6.731343,0.599781,0.094066,8.805645
1349300,40.6137,7.425191,0.693847,6.731343,0.599781,0.094066,8.770799
1349400,40.6137,7.425191,0.693847,6.731343,0.599781,0.094066,8.751178
1349500,40.6137,7.425191,0.693847,6.731343,0.599781,0.094066,8.805523
1349600,40.6137,7.425191,0.693847,6.731343,0.599781,0.094066,8.751178
1349700,40.6137,7.425191,0.693847,6.731343,0.599781,0.094066,8.790082
1349800,40.6137,7.425191,0.693847,6.731343,0.599781,0.094066,8.843075
1349900,40.6137,7.425191,0.693847,6.731343,0.599781,0.094066,8.751178
1350000,40.6137,7.425191,0.693847,6.731343,0.599781,0.094066,8.758319
1350100,40.6137,7.425191,0.693847,6.731343,0.599781,0.094066,8.801116
1350200,40.6137,7.425191,0.693847,6.731343,0.599781,0.094066,8.751178
1350300,40.6137,7.425191,0.693847,6.731343,0.599781,0.094066,8.777496
1350400,40.6137,7.425191,0.693847,6.731343,0.599781,0.094066,8.772156
1350500,40.6137,7.425191,0.693847,6.731343,0.599781,0.094066,8.751178
1350600,40.6137,7.425191,0.693847,6.731343,0.599781,0.094066,8.800558
1350700,40.6137,7.425191,0.693847,6.731343,0.599781,0.094066,8.751178
1350800,40.6137,7.425191,0.693847,6.731343,0.599781,0.094066,8.751239
1350900,40.6137,7.425191,0.693847,6.731343,0.599781,0.094066,8.780502
1351000,40.6137,7.425191,0.693847,6.731343,0.599781,0.094066,8.809654
1351100,40.6137,7.425191,0.693847,6.731343,0.599781,0.094066,8.751178
1351200,40.6137,7.425191,0.693847,6.731343,0.599781,0.094066,8.765655
1351300,40.6137,7.425191,0.693847,6.731343,0.599781,0.094066,8.806624
1351400,40.6137,7.425191,0.693847,6.731343,0.599781,0.094066,8.751178
1351500,40.6137,7.425191,0.693847,6.731343,0.599781,0.094066,8.787803
1351600,40.6137,7.425191,0.693847,6.731343,0.599781,0.094066,8.770828
1351700,40.6137,7.425191,0.693847,6.731343,0.599781,0.094066,8.751178
1351800,40.6137,7.425191,0.693847,6.731343,0.599781,0.094066,8.803789
1351900,40.6137,7.425191,0.693847,6.731343,0.599781,0.094066,8.751178
1352000,40.6137,7.425191,0.693847,6.731343,0.599781,0.094066,8.751239
1352100,40.6137,7.425191,0.693847,6.731343,0.599781,0.094066,8.812444
1352200,40.6137,7.425191,0.693847,6.731343,0.599781,0.094066,8.827201
1352300,40.6137,7.425191,0.693847,6.731343,0.599781,0.094066,8.844314
1352400,40.6137,7.425191,0.693847,6.731343,0.599781,0.094066,8.777712
1352500,40.6137,7.425191,0.693847,6.731343,0.599781,0.094066,8.751178
1352600,40.6137,7.425191,0.693847,6.731343,0.599781,0.094066,8.751239
1352700,40.6137,7.425191,0.693847,6.731343,0.599781,0.094066,8.848730
1352800,40.6137,7.425191,0.693847,6.731343,0.599781,0.094066,8.841168
1352900,40.6137,7.425191,0.693847,6.731343,0.599781,0.094066,8.821179
1353000,40.6137,7.425191,0.693847,6.731343,0.599781,0.094066,8.836371
1353100,40.6137,7.425191,0.693847,6.731343,0.599781,0.094066,8.751178
1353200,40.6137,7.425191,0.693847,6.731343,0.599781,0.094066,8.765655
1353300,40.6137,7.425191,0.693847,6.731343,0.599781,0.094066,8.807741
1353400,40.6137,7.425191,0.693847,6.731343,0.599781,0.094066,8.751178
1353500,40.6137,7.425191,0.693847,6.731343,0.599781,0.094066,8.784755
1353600,40.6137,7.425191,0.693847,6.731343,0.599781,0.094066,8.771946
1353700,40.6137,7.425191,0.693847,6.731343,0.599781,0.094066,8.751178
1353800,40.6137,7.425191,0.693847,6.731343,0.599781,0.094066,8.832868
1353900,40.6137,7.425191,0.693847,6.731343,0.599781,0.094066,8.777712
1354000,40.6137,7.425191,0.693847,6.731343,0.599781,0.094066,8.751178
1354100,40.6137,7.425191,0.693847,6.731343,0.599781,0.094066,8.816423
1354200,40.6137,7.425191,0.693847,6.731343,0.599781,0.094066,8.756973
1354300,40.6137,7.425191,0.693847,6.731343,0.599781,0.094066,8.752117
1354400,40.6137,7.425191,0.693847,6.731343,0.599781,0.094066,8.804584
1354500,40.6137,7.425191,0.693847,6.731343,0.599781,0.094066,8.751178
1354600,40.6137,7.425191,0.693847,6.731343,0.599781,0.094066,8.774208
1354700,40.6137,7.425191,0.693847,6.731343,0.599781,0.094066,8.835254
1354800,40.6137,7.425191,0.693847,6.731343,0.599781,0.094066,8.751178
1354900,40.6137,7.425191,0.693847,6.731343,0.599781,0.094066,8.768703
1355000,40.6137,7.425191,0.693847,6.731343,0.599781,0.094066,8.806624
1355100,40.6137,7.425191,0.693847,6.731343,0.599781,0.094066,8.751178
1355200,40.6137,7.425191,0.693847,6.731343,0.599781,0.094066,8.787803
1355300,40.6137,7.425191,0.693847,6.731343,0.599781,0.094066,8.770828
1355400,40.6137,7.425191,0.693847,6.731343,0.599781,0.094066,8.751178
1355500,40.6137,7.425191,0.693847,6.731343,0.599781,0.094066,8.803789
1355600,40.6137,7.425191,0.693847,6.731343,0.599781,0.094066,8.751178
1355700,40.6137,7.425191,0.693847,6.731343,0.599781,0.094066,8.751239
1355800,40.6137,7.425191,0.693847,6.731343,0.599781,0.094066,8.812444
1355900,40.6137,7.425191,0.693847,6.731343,0.599781,0.094066,8.777712
1356000,40.6137,7.425191,0.693847,6.731343,0.599781,0.094066,8.751178
1356100,40.6137,7.425191,0.693847,6.731343,0.599781,0.094066,8.795548
1356200,40.6137,7.425191,0.693847,6.731343,0.599781,0.094066,8.846042
1356300,40.6137,7.425191,0.693847,6.731343,0.599781,0.094066,8.848286
1356400,40.6137,7.425191,0.693847,6.731343,0.599781,0.094066,8.839602
1356500,40.6137,7.425191,0.693847,6.731343,0.599781,0.094066,8.826702
1356600,40.6137,7.425191,0.693847,6.731343,0.599781,0.094066,8.751178
1356700,40.6137,7.425191,0.693847,6.731343,0.599781,0.094066,8.751239
1356800,40.6137,7.425191,0.693847,6.731343,0.599781,0.094066,8.800295
1356900,40.6137,7.425191,0.693847,6.731343,0.599781,0.094066,8.789861
1357000,40.6137,7.425191,0.693847,6.731343,0.599781,0.094066,8.751178
1357100,40.6137,7.425191,0.693847,6.731343,0.599781,0.094066,8.801471
1357200,40.6137,7.425191,0.693847,6.731343,0.599781,0.094066,8.784864
1357300,40.6137,7.425191,0.693847,6.731343,0.599781,0.094066,8.751178
1357400,40.6137,7.425191,0.693847,6.731343,0.599781,0.094066,8.815124
1357500,40.6137,7.425191,0.693847,6.731343,0.599781,0.094066,8.751178
1357600,40.6137,7.425191,0.693847,6.731343,0.599781,0.094066,8.755407
1357700,40.6137,7.425191,0.693847,6.731343,0.599781,0.094066,8.799744
1357800,40.6137,7.425191,0.693847,6.731343,0.599781,0.094066,8.751178
1357900,40.6137,7.425191,0.693847,6.731343,0.599781,0.094066,8.751239
1358000,40.6137,7.425191,0.693847,6.731343,0.599781,0.094066,8.812444
1358100,40.6137,7.425191,0.693847,6.731343,0.599781,0.094066,8.777712
1358200,40.6137,7.425191,0.693847,6.731343,0.599781,0.094066,8.751178
1358300,40.6137,7.425191,0.693847,6.731343,0.599781,0.094066,8.809741
1358400,40.6137,7.425191,0.693847,6.731343,0.599781,0.094066,8.777712
1358500,40.6137,7.425191,0.693847,6.731343,0.599781,0.094066,8.751178
1358600,40.6137,7.425191,0.693847,6.731343,0.599781,0.094066,8.813194
1358700,40.6137,7.425191,0.693847,6.731343,0.599781,0.094066,8.751178
1358800,40.6137,7.425191,0.693847,6.731343,0.599781,0.094066,8.774392
1358900,40.6137,7.425191,0.693847,6.731343,0.599781,0.094066,8.777712
1359000,40.6137,7.425191,0.693847,6.731343,0.599781,0.094066,8.751178
1359100,40.6137,7.425191,0.693847,6.731343,0.599781,0.094066,8.751239
1359200,40.6137,7.425191,0.693847,6.731343,0.599781,0.094066,8.838978
1359300,40.6137,7.425191,0.693847,6.731343,0.599781,0.094066,8.751178
1359400,40.6137,7.425191,0.693847,6.731343,0.599781,0.094066,8.765655
1359500,40.6137,7.425191,0.693847,6.731343,0.599781,0.094066,8.793779
1359600,40.6137,7.425191,0.693847,6.731343,0.599781,0.094066,8.751178
1359700,40.6137,7.425191,0.693847,6.731343,0.599781,0.094066,8.784619
1359800,40.6137,7.425191,0.693847,6.731343,0.599781,0.094066,8.765033
1359900,40.6137,7.425191,0.693847,6.731343,0.599781,0.094066,8.751178
1360000,40.6137,7.425191,0.693847,6.731343,0.599781,0.094066,8.843112
1360100,40.6137,7.425191,0.693847,6.731343,0.599781,0.094066,8.825179
1360200,40.6137,7.425191,0.693847,6.731343,0.599781,0.094066,8.831271
1360300,40.6137,7.425191,0.693847,6.731343,0.599781,0.094066,8.841274
1360400,40.6137,7.425191,0.693847,6.731343,0.599781,0.094066,8.751178
1360500,40.6137,7.425191,0.693847,6.731343,0.599781,0.094066,8.761366
1360600,40.6137,7.425191,0.693847,6.731343,0.599781,0.094066,8.813960
1360700,40.6137,7.425191,0.693847,6.731343,0.599781,0.094066,8.751178
1360800,40.6137,7.425191,0.693847,6.731343,0.599781,0.094066,8.780680
1360900,40.6137,7.425191,0.693847,6.731343,0.599781,0.094066,8.777951
1361000,40.6137,7.425191,0.693847,6.731343,0.599781,0.094066,8.751178
1361100,40.6137,7.425191,0.693847,6.731343,0.599781,0.094066,8.823766
1361200,40.6137,7.425191,0.693847,6.731343,0.599781,0.094066,8.788743
1361300,40.6137,7.425191,0.693847,6.731343,0.599781,0.094066,8.751178
1361400,40.6137,7.425191,0.693847,6.731343,0.599781,0.094066,8.798309
1361500,40.6137,7.425191,0.693847,6.731343,0.599781,0.094066,8.777018
1361600,40.6137,7.425191,0.693847,6.731343,0.599781,0.094066,8.751178
1361700,40.6137,7.425191,0.693847,6.731343,0.599781,0.094066,8.807453
1361800,40.6137,7.425191,0.693847,6.731343,0.599781,0.094066,8.751178
1361900,40.6137,7.425191,0.693847,6.731343,0.599781,0.094066,8.757273
1362000,40.6137,7.425191,0.693847,6.731343,0.599781,0.094066,8.797694
1362100,40.6137,7.425191,0.693847,6.731343,0.599781,0.094066,8.751178
1362200,40.6137,7.425191,0.693847,6.731343,0.599781,0.094066,8.751239
1362300,40.6137,7.425191,0.693847,6.731343,0.599781,0.094066,8.881352
1362400,40.6137,7.425191,0.693847,6.731343,0.599781,0.094066,8.776594
1362500,40.6137,7.425191,0.693847,6.731343,0.599781,0.094066,8.751178
1362600,40.6137,7.425191,0.693847,6.731343,0.599781,0.094066,8.812789
1362700,40.6137,7.425191,0.693847,6.731343,0.599781,0.094066,8.776594
1362800,40.6137,7.425191,0.693847,6.731343,0.599781,0.094066,8.751178
1362900,40.6137,7.425191,0.693847,6.731343,0.599781,0.094066,8.815124
1363000,40.6137,7.425191,0.693847,6.731343,0.599781,0.094066,8.751178
1363100,40.6137,7.425191,0.693847,6.731343,0.599781,0.094066,8.777988
1363200,40.6137,7.425191,0.693847,6.731343,0.599781,0.094066,8.831866
1363300,40.6137,7.425191,0.693847,6.731343,0.599781,0.094066,8.867214
1363400,40.6137,7.425191,0.693847,6.731343,0.599781,0.094066,8.852746
1363500,40.6137,7.425191,0.693847,6.731343,0.599781,0.094066,8.751178
1363600,40.6137,7.425191,0.693847,6.731343,0.599781,0.094066,8.751239
1363700,40.6137,7.425191,0.693847,6.731343,0.599781,0.094066,8.779327
1363800,40.6137,7.425191,0.693847,6.731343,0.599781,0.094066,8.810829
1363900,40.6137,7.425191,0.693847,6.731343,0.599781,0.094066,8.751178
1364000,40.6137,7.425191,0.693847,6.731343,0.599781,0.094066,8.765655
1364100,40.6137,7.425191,0.693847,6.731343,0.599781,0.094066,8.807741
1364200,40.6137,7.425191,0.693847,6.731343,0.599781,0.094066,8.751178
1364300,40.6137,7.425191,0.693847,6.731343,0.599781,0.094066,8.784755
1364400,40.6137,7.425191,0.693847,6.731343,0.599781,0.094066,8.771946
1364500,40.6137,7.425191,0.693847,6.731343,0.599781,0.094066,8.751178
1364600,40.6137,7.425191,0.693847,6.731343,0.599781,0.094066,8.800742
1364700,40.6137,7.425191,0.693847,6.731343,0.599781,0.094066,8.751178
1364800,40.6137,7.425191,0.693847,6.731343,0.599781,0.094066,8.751239
1364900,40.6137,7.425191,0.693847,6.731343,0.599781,0.094066,8.812444
1365000,40.6137,7.425191,0.693847,6.731343,0.599781,0.094066,8.827201
1365100,40.6137,7.425191,0.693847,6.731343,0.599781,0.094066,8.844314
1365200,40.6137,7.425191,0.693847,6.731343,0.599781,0.094066,8.777712
1365300,40.6137,7.425191,0.693847,6.731343,0.599781,0.094066,8.751178
1365400,40.6137,7.425191,0.693847,6.731343,0.599781,0.094066,8.751239
1365500,40.6137,7.425191,0.693847,6.731343,0.599781,0.094066,8.838978
1365600,40.6137,7.425191,0.693847,6.731343,0.599781,0.094066,8.751178
1365700,40.6137,7.425191,0.693847,6.731343,0.599781,0.094066,8.765655
1365800,40.6137,7.425191,0.693847,6.731343,0.599781,0.094066,8.807741
1365900,40.6137,7.425191,0.693847,6.731343,0.599781,0.094066,8.751178
1366000,40.6137,7.425191,0.693847,6.731343,0.599781,0.094066,8.784755
1366100,40.6137,7.425191,0.693847,6.731343,0.599781,0.094066,8.771946
1366200,40.6137,7.425191,0.693847,6.731343,0.599781,0.094066,8.751178
1366300,40.6137,7.425191,0.693847,6.731343,0.599781,0.094066,8.844229
1366400,40.6137,7.425191,0.693847,6.731343,0.599781,0.094066,8.841310
1366500,40.6137,7.425191,0.693847,6.731343,0.599781,0.094066,8.857218
1366600,40.6137,7.425191,0.693847,6.731343,0.599781,0.094066,8.841369
1366700,40.6137,7.425191,0.693847,6.731343,0.599781,0.094066,8.751178
1366800,40.6137,7.425191,0.693847,6.731343,0.599781,0.094066,8.762933
1366900,40.6137,7.425191,0.693847,6.731343,0.599781,0.094066,8.826450
1367000,40.6137,7.425191,0.693847,6.731343,0.599781,0.094066,8.751178
1367100,40.6137,7.425191,0.693847,6.731343,0.599781,0.094066,8.781439
1367200,40.6137,7.425191,0.693847,6.731343,0.599781,0.094066,8.784864
1367300,40.6137,7.425191,0.693847,6.731343,0.599781,0.094066,8.751178
1367400,40.6137,7.425191,0.693847,6.731343,0.599781,0.094066,8.827281
1367500,40.6137,7.425191,0.693847,6.731343,0.599781,0.094066,8.785413
1367600,40.6137,7.425191,0.693847,6.731343,0.599781,0.094066,8.751178
1367700,40.6137,7.425191,0.693847,6.731343,0.599781,0.094066,8.798522
1367800,40.6137,7.425191,0.693847,6.731343,0.599781,0.094066,8.776804
1367900,40.6137,7.425191,0.693847,6.731343,0.599781,0.094066,8.751178
1368000,40.6137,7.425191,0.693847,6.731343,0.599781,0.094066,8.807453
1368100,40.6137,7.425191,0.693847,6.731343,0.599781,0.094066,8.751178
1368200,40.6137,7.425191,0.693847,6.731343,0.599781,0.094066,8.765040
1368300,40.6137,7.425191,0.693847,6.731343,0.599781,0.094066,8.789927
1368400,40.6137,7.425191,0.693847,6.731343,0.599781,0.094066,8.751178
1368500,40.6137,7.425191,0.693847,6.731343,0.599781,0.094066,8.751239
1368600,40.6137,7.425191,0.693847,6.731343,0.599781,0.094066,8.812444
1368700,40.6137,7.425191,0.693847,6.731343,0.599781,0.094066,8.777712
1368800,40.6137,7.425191,0.693847,6.731343,0.599781,0.094066,8.751178
1368900,40.6137,7.425191,0.693847,6.731343,0.599781,0.094066,8.802597
1369000,40.6137,7.425191,0.693847,6.731343,0.599781,0.094066,8.866891
1369100,40.6137,7.425191,0.693847,6.731343,0.599781,0.094066,8.836371
1369200,40.6137,7.425191,0.693847,6.731343,0.599781,0.094066,8.751178
1369300,40.6137,7.425191,0.693847,6.731343,0.599781,0.094066,8.765655
1369400,40.6137,7.425191,0.693847,6.731343,0.599781,0.094066,8.820680
1369500,40.6137,7.425191,0.693847,6.731343,0.599781,0.094066,8.751178
1369600,40.6137,7.425191,0.693847,6.731343,0.599781,0.094066,8.788562
1369700,40.6137,7.425191,0.693847,6.731343,0.599781,0.094066,8.777741
1369800,40.6137,7.425191,0.693847,6.731343,0.599781,0.094066,8.751178
1369900,40.6137,7.425191,0.693847,6.731343,0.599781,0.094066,8.803973
1370000,40.6137,7.425191,0.693847,6.731343,0.599781,0.094066,8.751178
1370100,40.6137,7.425191,0.693847,6.731343,0.599781,0.094066,8.751239
1370200,40.6137,7.425191,0.693847,6.731343,0.599781,0.094066,8.869688
1370300,40.6137,7.425191,0.693847,6.731343,0.599781,0.094066,8.784835
1370400,40.6137,7.425191,0.693847,6.731343,0.599781,0.094066,8.751178
1370500,40.6137,7.425191,0.693847,6.731343,0.599781,0.094066,8.802597
1370600,40.6137,7.425191,0.693847,6.731343,0.599781,0.094066,8.770799
1370700,40.6137,7.425191,0.693847,6.731343,0.599781,0.094066,8.751178
1370800,40.6137,7.425191,0.693847,6.731343,0.599781,0.094066,8.805523
1370900,40.6137,7.425191,0.693847,6.731343,0.599781,0.094066,8.751178
1371000,40.6137,7.425191,0.693847,6.731343,0.599781,0.094066,8.772392
1371100,40.6137,7.425191,0.693847,6.731343,0.599781,0.094066,8.779528
1371200,40.6137,7.425191,0.693847,6.731343,0.599781,0.094066,8.751178
1371300,40.6137,7.425191,0.693847,6.731343,0.599781,0.094066,8.751239
1371400,40.6137,7.425191,0.693847,6.731343,0.599781,0.094066,8.812444
1371500,40.6137,7.425191,0.693847,6.731343,0.599781,0.094066,8.857603
1371600,40.6137,7.425191,0.693847,6.731343,0.599781,0.094066,8.840445
1371700,40.6137,7.425191,0.693847,6.731343,0.599781,0.094066,8.751178
1371800,40.6137,7.425191,0.693847,6.731343,0.599781,0.094066,8.751239
1371900,40.6137,7.425191,0.693847,6.731343,0.599781,0.094066,8.780502
1372000,40.6137,7.425191,0.693847,6.731343,0.599781,0.094066,8.809654
1372100,40.6137,7.425191,0.693847,6.731343,0.599781,0.094066,8.751178
1372200,40.6137,7.425191,0.693847,6.731343,0.599781,0.094066,8.765655
1372300,40.6137,7.425191,0.693847,6.731343,0.599781,0.094066,8.821798
1372400,40.6137,7.425191,0.693847,6.731343,0.599781,0.094066,8.751178
1372500,40.6137,7.425191,0.693847,6.731343,0.599781,0.094066,8.785514
1372600,40.6137,7.425191,0.693847,6.731343,0.599781,0.094066,8.778858
1372700,40.6137,7.425191,0.693847,6.731343,0.599781,0.094066,8.751178
1372800,40.6137,7.425191,0.693847,6.731343,0.599781,0.094066,8.855628
1372900,40.6137,7.425191,0.693847,6.731343,0.599781,0.094066,8.777712
1373000,40.6137,7.425191,0.693847,6.731343,0.599781,0.094066,8.751178
1373100,40.6137,7.425191,0.693847,6.731343,0.599781,0.094066,8.809741
1373200,40.6137,7.425191,0.693847,6.731343,0.599781,0.094066,8.777712
1373300,40.6137,7.425191,0.693847,6.731343,0.599781,0.094066,8.751178
1373400,40.6137,7.425191,0.693847,6.731343,0.599781,0.094066,8.813194
1373500,40.6137,7.425191,0.693847,6.731343,0.599781,0.094066,8.751178
1373600,40.6137,7.425191,0.693847,6.731343,0.599781,0.094066,8.774392
1373700,40.6137,7.425191,0.693847,6.731343,0.599781,0.094066,8.836371
1373800,40.6137,7.425191,0.693847,6.731343,0.599781,0.094066,8.751178
1373900,40.6137,7.425191,0.693847,6.731343,0.599781,0.094066,8.765655
1374000,40.6137,7.425191,0.693847,6.731343,0.599781,0.094066,8.807741
1374100,40.6137,7.425191,0.693847,6.731343,0.599781,0.094066,8.751178
1374200,40.6137,7.425191,0.693847,6.731343,0.599781,0.094066,8.784755
1374300,40.6137,7.425191,0.693847,6.731343,0.599781,0.094066,8.771946
1374400,40.6137,7.425191,0.693847,6.731343,0.599781,0.094066,8.751178
1374500,40.6137,7.425191,0.693847,6.731343,0.599781,0.094066,8.828617
1374600,40.6137,7.425191,0.693847,6.731343,0.599781,0.094066,8.780845
1374700,40.6137,7.425191,0.693847,6.731343,0.599781,0.094066,8.751178
1374800,40.6137,7.425191,0.693847,6.731343,0.599781,0.094066,8.805645
1374900,40.6137,7.425191,0.693847,6.731343,0.599781,0.094066,8.769681
1375000,40.6137,7.425191,0.693847,6.731343,0.599781,0.094066,8.751178
1375100,40.6137,7.425191,0.693847,6.731343,0.599781,0.094066,8.807453
1375200,40.6137,7.425191,0.693847,6.731343,0.599781,0.094066,8.751178
1375300,40.6137,7.425191,0.693847,6.731343,0.599781,0.094066,8.776109
1375400,40.6137,7.425191,0.693847,6.731343,0.599781,0.094066,8.778858
1375500,40.6137,7.425191,0.693847,6.731343,0.599781,0.094066,8.751178
1375600,40.6137,7.425191,0.693847,6.731343,0.599781,0.094066,8.751239
1375700,40.6137,7.425191,0.693847,6.731343,0.599781,0.094066,8.812444
1375800,40.6137,7.425191,0.693847,6.731343,0.599781,0.094066,8.777712
1375900,40.6137,7.425191,0.693847,6.731343,0.599781,0.094066,8.752117
1376000,40.6137,7.425191,0.693847,6.731343,0.599781,0.094066,8.829877
1376100,40.6137,7.425191,0.693847,6.731343,0.599781,0.094066,8.838672
1376200,40.6137,7.425191,0.693847,6.731343,0.599781,0.094066,8.848919
1376300,40.6137,7.425191,0.693847,6.731343,0.599781,0.094066,8.839388
1376400,40.6137,7.425191,0.693847,6.731343,0.599781,0.094066,8.819579
1376500,40.6137,7.425191,0.693847,6.731343,0.599781,0.094066,8.751178
1376600,40.6137,7.425191,0.693847,6.731343,0.599781,0.094066,8.751239
1376700,40.6137,7.425191,0.693847,6.731343,0.599781,0.094066,8.812444
1376800,40.6137,7.425191,0.693847,6.731343,0.599781,0.094066,8.827201
1376900,40.6137,7.425191,0.693847,6.731343,0.599781,0.094066,8.844314
1377000,40.6137,7.425191,0.693847,6.731343,0.599781,0.094066,8.777712
1377100,40.6137,7.425191,0.693847,6.731343,0.599781,0.094066,8.751178
1377200,40.6137,7.425191,0.693847,6.731343,0.599781,0.094066,8.751239
1377300,40.6137,7.425191,0.693847,6.731343,0.599781,0.094066,8.838978
1377400,40.6137,7.425191,0.693847,6.731343,0.599781,0.094066,8.751178
1377500,40.6137,7.425191,0.693847,6.731343,0.599781,0.094066,8.765655
1377600,40.6137,7.425191,0.693847,6.731343,0.599781,0.094066,8.807741
1377700,40.6137,7.425191,0.693847,6.731343,0.599781,0.094066,8.751178
1377800,40.6137,7.425191,0.693847,6.731343,0.599781,0.094066,8.784755
1377900,40.6137,7.425191,0.693847,6.731343,0.599781,0.094066,8.771946
1378000,40.6137,7.425191,0.693847,6.731343,0.599781,0.094066,8.751178
1378100,40.6137,7.425191,0.693847,6.731343,0.599781,0.094066,8.800742
1378200,40.6137,7.425191,0.693847,6.731343,0.599781,0.094066,8.751178
1378300,40.6137,7.425191,0.693847,6.731343,0.599781,0.094066,8.751239
1378400,40.6137,7.425191,0.693847,6.731343,0.599781,0.094066,8.787915
1378500,40.6137,7.425191,0.693847,6.731343,0.599781,0.094066,8.806782
1378600,40.6137,7.425191,0.693847,6.731343,0.599781,0.094066,8.751178
1378700,40.6137,7.425191,0.693847,6.731343,0.599781,0.094066,8.795245
1378800,40.6137,7.425191,0.693847,6.731343,0.599781,0.094066,8.791090
1378900,40.6137,7.425191,0.693847,6.731343,0.599781,0.094066,8.751178
1379000,40.6137,7.425191,0.693847,6.731343,0.599781,0.094066,8.789708
1379100,40.6137,7.425191,0.693847,6.731343,0.599781,0.094066,8.776594
1379200,40.6137,7.425191,0.693847,6.731343,0.599781,0.094066,8.753056
1379300,40.6137,7.425191,0.693847,6.731343,0.599781,0.094066,8.856798
1379400,40.6137,7.425191,0.693847,6.731343,0.599781,0.094066,8.834345
1379500,40.6137,7.425191,0.693847,6.731343,0.599781,0.094066,8.859082
1379600,40.6137,7.425191,0.693847,6.731343,0.599781,0.094066,8.835254
1379700,40.6137,7.425191,0.693847,6.731343,0.599781,0.094066,8.751178
1379800,40.6137,7.425191,0.693847,6.731343,0.599781,0.094066,8.768703
1379900,40.6137,7.425191,0.693847,6.731343,0.599781,0.094066,8.793779
1380000,40.6137,7.425191,0.693847,6.731343,0.599781,0.094066,8.751178
1380100,40.6137,7.425191,0.693847,6.731343,0.599781,0.094066,8.784619
1380200,40.6137,7.425191,0.693847,6.731343,0.599781,0.094066,8.765033
1380300,40.6137,7.425191,0.693847,6.731343,0.599781,0.094066,8.751178
1380400,40.6137,7.425191,0.693847,6.731343,0.599781,0.094066,8.832684
1380500,40.6137,7.425191,0.693847,6.731343,0.599781,0.094066,8.777712
1380600,40.6137,7.425191,0.693847,6.731343,0.599781,0.094066,8.751178
1380700,40.6137,7.425191,0.693847,6.731343,0.599781,0.094066,8.795548
1380800,40.6137,7.425191,0.693847,6.731343,0.599781,0.094066,8.763886
1380900,40.6137,7.425191,0.693847,6.731343,0.599781,0.094066,8.751178
1381000,40.6137,7.425191,0.693847,6.731343,0.599781,0.094066,8.798474
1381100,40.6137,7.425191,0.693847,6.731343,0.599781,0.094066,8.751178
1381200,40.6137,7.425191,0.693847,6.731343,0.599781,0.094066,8.774025
1381300,40.6137,7.425191,0.693847,6.731343,0.599781,0.094066,8.777712
1381400,40.6137,7.425191,0.693847,6.731343,0.599781,0.094066,8.751178
1381500,40.6137,7.425191,0.693847,6.731343,0.599781,0.094066,8.751239
1381600,40.6137,7.425191,0.693847,6.731343,0.599781,0.094066,8.838978
1381700,40.6137,7.425191,0.693847,6.731343,0.599781,0.094066,8.751178
1381800,40.6137,7.425191,0.693847,6.731343,0.599781,0.094066,8.761191
1381900,40.6137,7.425191,0.693847,6.731343,0.599781,0.094066,8.829755
1382000,40.6137,7.425191,0.693847,6.731343,0.599781,0.094066,8.838116
1382100,40.6137,7.425191,0.693847,6.731343,0.599781,0.094066,8.806782
1382200,40.6137,7.425191,0.693847,6.731343,0.599781,0.094066,8.751178
1382300,40.6137,7.425191,0.693847,6.731343,0.599781,0.094066,8.788332
1382400,40.6137,7.425191,0.693847,6.731343,0.599781,0.094066,8.783947
1382500,40.6137,7.425191,0.693847,6.731343,0.599781,0.094066,8.751178
1382600,40.6137,7.425191,0.693847,6.731343,0.599781,0.094066,8.788950
1382700,40.6137,7.425191,0.693847,6.731343,0.599781,0.094066,8.769681
1382800,40.6137,7.425191,0.693847,6.731343,0.599781,0.094066,8.753056
1382900,40.6137,7.425191,0.693847,6.731343,0.599781,0.094066,8.801911
1383000,40.6137,7.425191,0.693847,6.731343,0.599781,0.094066,8.751178
1383100,40.6137,7.425191,0.693847,6.731343,0.599781,0.094066,8.751239
1383200,40.6137,7.425191,0.693847,6.731343,0.599781,0.094066,8.812444
1383300,40.6137,7.425191,0.693847,6.731343,0.599781,0.094066,8.834345
1383400,40.6137,7.425191,0.693847,6.731343,0.599781,0.094066,8.777712
1383500,40.6137,7.425191,0.693847,6.731343,0.599781,0.094066,8.751178
1383600,40.6137,7.425191,0.693847,6.731343,0.599781,0.094066,8.813194
1383700,40.6137,7.425191,0.693847,6.731343,0.599781,0.094066,8.751178
1383800,40.6137,7.425191,0.693847,6.731343,0.599781,0.094066,8.774392
1383900,40.6137,7.425191,0.693847,6.731343,0.599781,0.094066,8.777712
1384000,40.6137,7.425191,0.693847,6.731343,0.599781,0.094066,8.751178
1384100,40.6137,7.425191,0.693847,6.731343,0.599781,0.094066,8.751239
1384200,40.6137,7.425191,0.693847,6.731343,0.599781,0.094066,8.838978
1384300,40.6137,7.425191,0.693847,6.731343,0.599781,0.094066,8.751178
1384400,40.6137,7.425191,0.693847,6.731343,0.599781,0.094066,8.765655
1384500,40.6137,7.425191,0.693847,6.731343,0.599781,0.094066,8.821798
1384600,40.6137,7.425191,0.693847,6.731343,0.599781,0.094066,8.751178
1384700,40.6137,7.425191,0.693847,6.731343,0.599781,0.094066,8.785514
1384800,40.6137,7.425191,0.693847,6.731343,0.599781,0.094066,8.778858
1384900,40.6137,7.425191,0.693847,6.731343,0.599781,0.094066,8.751178
1385000,40.6137,7.425191,0.693847,6.731343,0.599781,0.094066,8.800925
1385100,40.6137,7.425191,0.693847,6.731343,0.599781,0.094066,8.751178
1385200,40.6137,7.425191,0.693847,6.731343,0.599781,0.094066,8.751239
1385300,40.6137,7.425191,0.693847,6.731343,0.599781,0.094066,8.805321
1385400,40.6137,7.425191,0.693847,6.731343,0.599781,0.094066,8.827275
1385500,40.6137,7.425191,0.693847,6.731343,0.599781,0.094066,8.832284
1385600,40.6137,7.425191,0.693847,6.731343,0.599781,0.094066,8.830299
1385700,40.6137,7.425191,0.693847,6.731343,0.599781,0.094066,8.855647
1385800,40.6137,7.425191,0.693847,6.731343,0.599781,0.094066,8.843423
1385900,40.6137,7.425191,0.693847,6.731343,0.599781,0.094066,8.787622
1386000,40.6137,7.425191,0.693847,6.731343,0.599781,0.094066,8.751178
1386100,40.6137,7.425191,0.693847,6.731343,0.599781,0.094066,8.802618
1386200,40.6137,7.425191,0.693847,6.731343,0.599781,0.094066,8.784835
1386300,40.6137,7.425191,0.693847,6.731343,0.599781,0.094066,8.751178
1386400,40.6137,7.425191,0.693847,6.731343,0.599781,0.094066,8.813194
1386500,40.6137,7.425191,0.693847,6.731343,0.599781,0.094066,8.751178
1386600,40.6137,7.425191,0.693847,6.731343,0.599781,0.094066,8.762129
1386700,40.6137,7.425191,0.693847,6.731343,0.599781,0.094066,8.847517
1386800,40.6137,7.425191,0.693847,6.731343,0.599781,0.094066,8.751178
1386900,40.6137,7.425191,0.693847,6.731343,0.599781,0.094066,8.755407
1387000,40.6137,7.425191,0.693847,6.731343,0.599781,0.094066,8.833976
1387100,40.6137,7.425191,0.693847,6.731343,0.599781,0.094066,8.751178
1387200,40.6137,7.425191,0.693847,6.731343,0.599781,0.094066,8.760925
1387300,40.6137,7.425191,0.693847,6.731343,0.599781,0.094066,8.805377
1387400,40.6137,7.425191,0.693847,6.731343,0.599781,0.094066,8.751178
1387500,40.6137,7.425191,0.693847,6.731343,0.599781,0.094066,8.803973
1387600,40.6137,7.425191,0.693847,6.731343,0.599781,0.094066,8.751178
1387700,40.6137,7.425191,0.693847,6.731343,0.599781,0.094066,8.751239
1387800,40.6137,7.425191,0.693847,6.731343,0.599781,0.094066,8.755719
1387900,40.6137,7.425191,0.693847,6.731343,0.599781,0.094066,8.837860
1388000,40.6137,7.425191,0.693847,6.731343,0.599781,0.094066,8.751178
1388100,40.6137,7.425191,0.693847,6.731343,0.599781,0.094066,8.768703
1388200,40.6137,7.425191,0.693847,6.731343,0.599781,0.094066,8.807741
1388300,40.6137,7.425191,0.693847,6.731343,0.599781,0.094066,8.751178
1388400,40.6137,7.425191,0.693847,6.731343,0.599781,0.094066,8.784755
1388500,40.6137,7.425191,0.693847,6.731343,0.599781,0.094066,8.771946
1388600,40.6137,7.425191,0.693847,6.731343,0.599781,0.094066,8.751178
1388700,40.6137,7.425191,0.693847,6.731343,0.599781,0.094066,8.825069
1388800,40.6137,7.425191,0.693847,6.731343,0.599781,0.094066,8.844403
1388900,40.6137,7.425191,0.693847,6.731343,0.599781,0.094066,8.843061
1389000,40.6137,7.425191,0.693847,6.731343,0.599781,0.094066,8.792138
1389100,40.6137,7.425191,0.693847,6.731343,0.599781,0.094066,8.751178
1389200,40.6137,7.425191,0.693847,6.731343,0.599781,0.094066,8.751239
1389300,40.6137,7.425191,0.693847,6.731343,0.599781,0.094066,8.812444
1389400,40.6137,7.425191,0.693847,6.731343,0.599781,0.094066,8.848170
1389500,40.6137,7.425191,0.693847,6.731343,0.599781,0.094066,8.763886
1389600,40.6137,7.425191,0.693847,6.731343,0.599781,0.094066,8.752117
1389700,40.6137,7.425191,0.693847,6.731343,0.599781,0.094066,8.812255
1389800,40.6137,7.425191,0.693847,6.731343,0.599781,0.094066,8.751178
1389900,40.6137,7.425191,0.693847,6.731343,0.599781,0.094066,8.774392
1390000,40.6137,7.425191,0.693847,6.731343,0.599781,0.094066,8.777712
1390100,40.6137,7.425191,0.693847,6.731343,0.599781,0.094066,8.751178
1390200,40.6137,7.425191,0.693847,6.731343,0.599781,0.094066,8.751239
1390300,40.6137,7.425191,0.693847,6.731343,0.599781,0.094066,8.838978
1390400,40.6137,7.425191,0.693847,6.731343,0.599781,0.094066,8.751178
1390500,40.6137,7.425191,0.693847,6.731343,0.599781,0.094066,8.765655
1390600,40.6137,7.425191,0.693847,6.731343,0.599781,0.094066,8.807741
1390700,40.6137,7.425191,0.693847,6.731343,0.599781,0.094066,8.751178
1390800,40.6137,7.425191,0.693847,6.731343,0.599781,0.094066,8.784755
1390900,40.6137,7.425191,0.693847,6.731343,0.599781,0.094066,8.771946
1391000,40.6137,7.425191,0.693847,6.731343,0.599781,0.094066,8.751178
1391100,40.6137,7.425191,0.693847,6.731343,0.599781,0.094066,8.800742
1391200,40.6137,7.425191,0.693847,6.731343,0.599781,0.094066,8.751178
1391300,40.6137,7.425191,0.693847,6.731343,0.599781,0.094066,8.751239
1391400,40.6137,7.425191,0.693847,6.731343,0.599781,0.094066,8.808193
1391500,40.6137,7.425191,0.693847,6.731343,0.599781,0.094066,8.831452
1391600,40.6137,7.425191,0.693847,6.731343,0.599781,0.094066,8.850132
1391700,40.6137,7.425191,0.693847,6.731343,0.599781,0.094066,8.856645
1391800,40.6137,7.425191,0.693847,6.731343,0.599781,0.094066,8.841298
1391900,40.6137,7.425191,0.693847,6.731343,0.599781,0.094066,8.851706
1392000,40.6137,7.425191,0.693847,6.731343,0.599781,0.094066,8.784835
1392100,40.6137,7.425191,0.693847,6.731343,0.599781,0.094066,8.751178
1392200,40.6137,7.425191,0.693847,6.731343,0.599781,0.094066,8.809741
1392300,40.6137,7.425191,0.693847,6.731343,0.599781,0.094066,8.777712
1392400,40.6137,7.425191,0.693847,6.731343,0.599781,0.094066,8.751178
1392500,40.6137,7.425191,0.693847,6.731343,0.599781,0.094066,8.813194
1392600,40.6137,7.425191,0.693847,6.731343,0.599781,0.094066,8.751178
1392700,40.6137,7.425191,0.693847,6.731343,0.599781,0.094066,8.762129
1392800,40.6137,7.425191,0.693847,6.731343,0.599781,0.094066,8.848634
1392900,40.6137,7.425191,0.693847,6.731343,0.599781,0.094066,8.751178
1393000,40.6137,7.425191,0.693847,6.731343,0.599781,0.094066,8.756623
1393100,40.6137,7.425191,0.693847,6.731343,0.599781,0.094066,8.816773
1393200,40.6137,7.425191,0.693847,6.731343,0.599781,0.094066,8.751178
1393300,40.6137,7.425191,0.693847,6.731343,0.599781,0.094066,8.777632
1393400,40.6137,7.425191,0.693847,6.731343,0.599781,0.094066,8.779069
1393500,40.6137,7.425191,0.693847,6.731343,0.599781,0.094066,8.751178
1393600,40.6137,7.425191,0.693847,6.731343,0.599781,0.094066,8.800742
1393700,40.6137,7.425191,0.693847,6.731343,0.599781,0.094066,8.751178
1393800,40.6137,7.425191,0.693847,6.731343,0.599781,0.094066,8.751239
1393900,40.6137,7.425191,0.693847,6.731343,0.599781,0.094066,8.779327
1394000,40.6137,7.425191,0.693847,6.731343,0.599781,0.094066,8.810829
1394100,40.6137,7.425191,0.693847,6.731343,0.599781,0.094066,8.751178
1394200,40.6137,7.425191,0.693847,6.731343,0.599781,0.094066,8.765655
1394300,40.6137,7.425191,0.693847,6.731343,0.599781,0.094066,8.840322
1394400,40.6137,7.425191,0.693847,6.731343,0.599781,0.094066,8.873349
1394500,40.6137,7.425191,0.693847,6.731343,0.599781,0.094066,8.834345
1394600,40.6137,7.425191,0.693847,6.731343,0.599781,0.094066,8.777712
1394700,40.6137,7.425191,0.693847,6.731343,0.599781,0.094066,8.751178
1394800,40.6137,7.425191,0.693847,6.731343,0.599781,0.094066,8.813194
1394900,40.6137,7.425191,0.693847,6.731343,0.599781,0.094066,8.751178
1395000,40.6137,7.425191,0.693847,6.731343,0.599781,0.094066,8.774392
1395100,40.6137,7.425191,0.693847,6.731343,0.599781,0.094066,8.777712
1395200,40.6137,7.425191,0.693847,6.731343,0.599781,0.094066,8.751178
1395300,40.6137,7.425191,0.693847,6.731343,0.599781,0.094066,8.751239
1395400,40.6137,7.425191,0.693847,6.731343,0.599781,0.094066,8.851525
1395500,40.6137,7.425191,0.693847,6.731343,0.599781,0.094066,8.854204
1395600,40.6137,7.425191,0.693847,6.731343,0.599781,0.094066,8.826676
1395700,40.6137,7.425191,0.693847,6.731343,0.599781,0.094066,8.751178
1395800,40.6137,7.425191,0.693847,6.731343,0.599781,0.094066,8.751239
1395900,40.6137,7.425191,0.693847,6.731343,0.599781,0.094066,8.808193
1396000,40.6137,7.425191,0.693847,6.731343,0.599781,0.094066,8.831452
1396100,40.6137,7.425191,0.693847,6.731343,0.599781,0.094066,8.844314
1396200,40.6137,7.425191,0.693847,6.731343,0.599781,0.094066,8.777712
1396300,40.6137,7.425191,0.693847,6.731343,0.599781,0.094066,8.751178
1396400,40.6137,7.425191,0.693847,6.731343,0.599781,0.094066,8.751239
1396500,40.6137,7.425191,0.693847,6.731343,0.599781,0.094066,8.851311
1396600,40.6137,7.425191,0.693847,6.731343,0.599781,0.094066,8.839602
1396700,40.6137,7.425191,0.693847,6.731343,0.599781,0.094066,8.845212
1396800,40.6137,7.425191,0.693847,6.731343,0.599781,0.094066,8.846400
1396900,40.6137,7.425191,0.693847,6.731343,0.599781,0.094066,8.841969
1397000,40.6137,7.425191,0.693847,6.731343,0.599781,0.094066,8.848587
1397100,40.6137,7.425191,0.693847,6.731343,0.599781,0.094066,8.751178
1397200,40.6137,7.425191,0.693847,6.731343,0.599781,0.094066,8.753292
1397300,40.6137,7.425191,0.693847,6.731343,0.599781,0.094066,8.820104
1397400,40.6137,7.425191,0.693847,6.731343,0.599781,0.094066,8.751178
1397500,40.6137,7.425191,0.693847,6.731343,0.599781,0.094066,8.757742
1397600,40.6137,7.425191,0.693847,6.731343,0.599781,0.094066,8.798959
1397700,40.6137,7.425191,0.693847,6.731343,0.599781,0.094066,8.751178
1397800,40.6137,7.425191,0.693847,6.731343,0.599781,0.094066,8.808049
1397900,40.6137,7.425191,0.693847,6.731343,0.599781,0.094066,8.802531
1398000,40.6137,7.425191,0.693847,6.731343,0.599781,0.094066,8.751178
1398100,40.6137,7.425191,0.693847,6.731343,0.599781,0.094066,8.796337
1398200,40.6137,7.425191,0.693847,6.731343,0.599781,0.094066,8.791116
1398300,40.6137,7.425191,0.693847,6.731343,0.599781,0.094066,8.751178
1398400,40.6137,7.425191,0.693847,6.731343,0.599781,0.094066,8.813194
1398500,40.6137,7.425191,0.693847,6.731343,0.599781,0.094066,8.751178
1398600,40.6137,7.425191,0.693847,6.731343,0.599781,0.094066,8.753292
1398700,40.6137,7.425191,0.693847,6.731343,0.599781,0.094066,8.798811
1398800,40.6137,7.425191,0.693847,6.731343,0.599781,0.094066,8.751178
1398900,40.6137,7.425191,0.693847,6.731343,0.599781,0.094066,8.751239
1399000,40.6137,7.425191,0.693847,6.731343,0.599781,0.094066,8.812444
1399100,40.6137,7.425191,0.693847,6.731343,0.599781,0.094066,8.777712
1399200,40.6137,7.425191,0.693847,6.731343,0.599781,0.094066,8.751178
1399300,40.6137,7.425191,0.693847,6.731343,0.599781,0.094066,8.809741
1399400,40.6137,7.425191,0.693847,6.731343,0.599781,0.094066,8.777712
1399500,40.6137,7.425191,0.693847,6.731343,0.599781,0.094066,8.751178
1399600,40.6137,7.425191,0.693847,6.731343,0.599781,0.094066,8.813194
1399700,40.6137,7.425191,0.693847,6.731343,0.599781,0.094066,8.751178
1399800,40.6137,7.425191,0.693847,6.731343,0.599781,0.094066,8.796968
1399900,40.6137,7.425191,0.693847,6.731343,0.599781,0.094066,8.848705
1400000,40.6137,7.425191,0.693847,6.731343,0.599781,0.094066,8.825504
1400100,40.6137,7.425191,0.693847,6.731343,0.599781,0.094066,8.812483
1400200,40.6137,7.425191,0.693847,6.731343,0.599781,0.094066,8.751178
1400300,40.6137,7.425191,0.693847,6.731343,0.599781,0.094066,8.751239
1400400,40.6137,7.425191,0.693847,6.731343,0.599781,0.094066,8.805321
1400500,40.6137,7.425191,0.693847,6.731343,0.599781,0.094066,8.841468
1400600,40.6137,7.425191,0.693847,6.731343,0.599781,0.094066,8.857935
1400700,40.6137,7.425191,0.693847,6.731343,0.599781,0.094066,8.778858
1400800,40.6137,7.425191,0.693847,6.731343,0.599781,0.094066,8.751178
1400900,40.6137,7.425191,0.693847,6.731343,0.599781,0.094066,8.751239
1401000,40.6137,7.425191,0.693847,6.731343,0.599781,0.094066,8.840095
1401100,40.6137,7.425191,0.693847,6.731343,0.599781,0.094066,8.829597
1401200,40.6137,7.425191,0.693847,6.731343,0.599781,0.094066,8.819606
1401300,40.6137,7.425191,0.693847,6.731343,0.599781,0.094066,8.751178
1401400,40.6137,7.425191,0.693847,6.731343,0.599781,0.094066,8.751239
1401500,40.6137,7.425191,0.693847,6.731343,0.599781,0.094066,8.755719
1401600,40.6137,7.425191,0.693847,6.731343,0.599781,0.094066,8.851525
1401700,40.6137,7.425191,0.693847,6.731343,0.599781,0.094066,8.839388
1401800,40.6137,7.425191,0.693847,6.731343,0.599781,0.094066,8.870031
1401900,40.6137,7.425191,0.693847,6.731343,0.599781,0.094066,8.824403
1402000,40.6137,7.425191,0.693847,6.731343,0.599781,0.094066,8.830168
1402100,40.6137,7.425191,0.693847,6.731343,0.599781,0.094066,8.836371
1402200,40.6137,7.425191,0.693847,6.731343,0.599781,0.094066,8.751178
1402300,40.6137,7.425191,0.693847,6.731343,0.599781,0.094066,8.765655
1402400,40.6137,7.425191,0.693847,6.731343,0.599781,0.094066,8.821798
1402500,40.6137,7.425191,0.693847,6.731343,0.599781,0.094066,8.751178
1402600,40.6137,7.425191,0.693847,6.731343,0.599781,0.094066,8.785514
1402700,40.6137,7.425191,0.693847,6.731343,0.599781,0.094066,8.778858
1402800,40.6137,7.425191,0.693847,6.731343,0.599781,0.094066,8.751178
1402900,40.6137,7.425191,0.693847,6.731343,0.599781,0.094066,8.833051
1403000,40.6137,7.425191,0.693847,6.731343,0.599781,0.094066,8.777712
1403100,40.6137,7.425191,0.693847,6.731343,0.599781,0.094066,8.751178
1403200,40.6137,7.425191,0.693847,6.731343,0.599781,0.094066,8.802597
1403300,40.6137,7.425191,0.693847,6.731343,0.599781,0.094066,8.770799
1403400,40.6137,7.425191,0.693847,6.731343,0.599781,0.094066,8.751178
1403500,40.6137,7.425191,0.693847,6.731343,0.599781,0.094066,8.805523
1403600,40.6137,7.425191,0.693847,6.731343,0.599781,0.094066,8.751178
1403700,40.6137,7.425191,0.693847,6.731343,0.599781,0.094066,8.774208
1403800,40.6137,7.425191,0.693847,6.731343,0.599781,0.094066,8.777712
1403900,40.6137,7.425191,0.693847,6.731343,0.599781,0.094066,8.751178
1404000,40.6137,7.425191,0.693847,6.731343,0.599781,0.094066,8.751239
1404100,40.6137,7.425191,0.693847,6.731343,0.599781,0.094066,8.838978
1404200,40.6137,7.425191,0.693847,6.731343,0.599781,0.094066,8.751178
1404300,40.6137,7.425191,0.693847,6.731343,0.599781,0.094066,8.756623
1404400,40.6137,7.425191,0.693847,6.731343,0.599781,0.094066,8.841298
1404500,40.6137,7.425191,0.693847,6.731343,0.599781,0.094066,8.822745
1404600,40.6137,7.425191,0.693847,6.731343,0.599781,0.094066,8.848919
1404700,40.6137,7.425191,0.693847,6.731343,0.599781,0.094066,8.840535
1404800,40.6137,7.425191,0.693847,6.731343,0.599781,0.094066,8.818433
1404900,40.6137,7.425191,0.693847,6.731343,0.599781,0.094066,8.751178
1405000,40.6137,7.425191,0.693847,6.731343,0.599781,0.094066,8.751239
1405100,40.6137,7.425191,0.693847,6.731343,0.599781,0.094066,8.812444
1405200,40.6137,7.425191,0.693847,6.731343,0.599781,0.094066,8.827201
1405300,40.6137,7.425191,0.693847,6.731343,0.599781,0.094066,8.770799
1405400,40.6137,7.425191,0.693847,6.731343,0.599781,0.094066,8.751178
1405500,40.6137,7.425191,0.693847,6.731343,0.599781,0.094066,8.805523
1405600,40.6137,7.425191,0.693847,6.731343,0.599781,0.094066,8.751178
1405700,40.6137,7.425191,0.693847,6.731343,0.599781,0.094066,8.774208
1405800,40.6137,7.425191,0.693847,6.731343,0.599781,0.094066,8.777712
1405900,40.6137,7.425191,0.693847,6.731343,0.599781,0.094066,8.751178
1406000,40.6137,7.425191,0.693847,6.731343,0.599781,0.094066,8.751239
1406100,40.6137,7.425191,0.693847,6.731343,0.599781,0.094066,8.851525
1406200,40.6137,7.425191,0.693847,6.731343,0.599781,0.094066,8.839388
1406300,40.6137,7.425191,0.693847,6.731343,0.599781,0.094066,8.819579
1406400,40.6137,7.425191,0.693847,6.731343,0.599781,0.094066,8.751178
1406500,40.6137,7.425191,0.693847,6.731343,0.599781,0.094066,8.751239
1406600,40.6137,7.425191,0.693847,6.731343,0.599781,0.094066,8.812444
1406700,40.6137,7.425191,0.693847,6.731343,0.599781,0.094066,8.827201
1406800,40.6137,7.425191,0.693847,6.731343,0.599781,0.094066,8.861121
1406900,40.6137,7.425191,0.693847,6.731343,0.599781,0.094066,8.850224
1407000,40.6137,7.425191,0.693847,6.731343,0.599781,0.094066,8.843853
1407100,40.6137,7.425191,0.693847,6.731343,0.599781,0.094066,8.846149
1407200,40.6137,7.425191,0.693847,6.731343,0.599781,0.094066,8.783268
1407300,40.6137,7.425191,0.693847,6.731343,0.599781,0.094066,8.751178
1407400,40.6137,7.425191,0.693847,6.731343,0.599781,0.094066,8.802597
1407500,40.6137,7.425191,0.693847,6.731343,0.599781,0.094066,8.770799
1407600,40.6137,7.425191,0.693847,6.731343,0.599781,0.094066,8.751178
1407700,40.6137,7.425191,0.693847,6.731343,0.599781,0.094066,8.805523
1407800,40.6137,7.425191,0.693847,6.731343,0.599781,0.094066,8.751178
1407900,40.6137,7.425191,0.693847,6.731343,0.599781,0.094066,8.767049
1408000,40.6137,7.425191,0.693847,6.731343,0.599781,0.094066,8.843531
1408100,40.6137,7.425191,0.693847,6.731343,0.599781,0.094066,8.751178
1408200,40.6137,7.425191,0.693847,6.731343,0.599781,0.094066,8.760099
1408300,40.6137,7.425191,0.693847,6.731343,0.599781,0.094066,8.813298
1408400,40.6137,7.425191,0.693847,6.731343,0.599781,0.094066,8.751178
1408500,40.6137,7.425191,0.693847,6.731343,0.599781,0.094066,8.777632
1408600,40.6137,7.425191,0.693847,6.731343,0.599781,0.094066,8.779069
1408700,40.6137,7.425191,0.693847,6.731343,0.599781,0.094066,8.751178
1408800,40.6137,7.425191,0.693847,6.731343,0.599781,0.094066,8.800742
1408900,40.6137,7.425191,0.693847,6.731343,0.599781,0.094066,8.751178
1409000,40.6137,7.425191,0.693847,6.731343,0.599781,0.094066,8.751239
1409100,40.6137,7.425191,0.693847,6.731343,0.599781,0.094066,8.755719
1409200,40.6137,7.425191,0.693847,6.731343,0.599781,0.094066,8.838978
1409300,40.6137,7.425191,0.693847,6.731343,0.599781,0.094066,8.751178
1409400,40.6137,7.425191,0.693847,6.731343,0.599781,0.094066,8.765655
1409500,40.6137,7.425191,0.693847,6.731343,0.599781,0.094066,8.821798
1409600,40.6137,7.425191,0.693847,6.731343,0.599781,0.094066,8.751178
1409700,40.6137,7.425191,0.693847,6.731343,0.599781,0.094066,8.785514
1409800,40.6137,7.425191,0.693847,6.731343,0.599781,0.094066,8.778858
1409900,40.6137,7.425191,0.693847,6.731343,0.599781,0.094066,8.751178
1410000,40.6137,7.425191,0.693847,6.731343,0.599781,0.094066,8.848505
1410100,40.6137,7.425191,0.693847,6.731343,0.599781,0.094066,8.827275
1410200,40.6137,7.425191,0.693847,6.731343,0.599781,0.094066,8.829022
1410300,40.6137,7.425191,0.693847,6.731343,0.599781,0.094066,8.778858
1410400,40.6137,7.425191,0.693847,6.731343,0.599781,0.094066,8.751178
1410500,40.6137,7.425191,0.693847,6.731343,0.599781,0.094066,8.751239
1410600,40.6137,7.425191,0.693847,6.731343,0.599781,0.094066,8.844188
1410700,40.6137,7.425191,0.693847,6.731343,0.599781,0.094066,8.854417
1410800,40.6137,7.425191,0.693847,6.731343,0.599781,0.094066,8.833799
1410900,40.6137,7.425191,0.693847,6.731343,0.599781,0.094066,8.751178
1411000,40.6137,7.425191,0.693847,6.731343,0.599781,0.094066,8.751239
1411100,40.6137,7.425191,0.693847,6.731343,0.599781,0.094066,8.783374
1411200,40.6137,7.425191,0.693847,6.731343,0.599781,0.094066,8.846400
1411300,40.6137,7.425191,0.693847,6.731343,0.599781,0.094066,8.841969
1411400,40.6137,7.425191,0.693847,6.731343,0.599781,0.094066,8.789927
1411500,40.6137,7.425191,0.693847,6.731343,0.599781,0.094066,8.751178
1411600,40.6137,7.425191,0.693847,6.731343,0.599781,0.094066,8.751239
1411700,40.6137,7.425191,0.693847,6.731343,0.599781,0.094066,8.812444
1411800,40.6137,7.425191,0.693847,6.731343,0.599781,0.094066,8.837357
1411900,40.6137,7.425191,0.693847,6.731343,0.599781,0.094066,8.835540
1412000,40.6137,7.425191,0.693847,6.731343,0.599781,0.094066,8.848919
1412100,40.6137,7.425191,0.693847,6.731343,0.599781,0.094066,8.839388
1412200,40.6137,7.425191,0.693847,6.731343,0.599781,0.094066,8.851706
1412300,40.6137,7.425191,0.693847,6.731343,0.599781,0.094066,8.777712
1412400,40.6137,7.425191,0.693847,6.731343,0.599781,0.094066,8.751178
1412500,40.6137,7.425191,0.693847,6.731343,0.599781,0.094066,8.809741
1412600,40.6137,7.425191,0.693847,6.731343,0.599781,0.094066,8.777712
1412700,40.6137,7.425191,0.693847,6.731343,0.599781,0.094066,8.751178
1412800,40.6137,7.425191,0.693847,6.731343,0.599781,0.094066,8.813194
1412900,40.6137,7.425191,0.693847,6.731343,0.599781,0.094066,8.751178
1413000,40.6137,7.425191,0.693847,6.731343,0.599781,0.094066,8.774392
1413100,40.6137,7.425191,0.693847,6.731343,0.599781,0.094066,8.836371
1413200,40.6137,7.425191,0.693847,6.731343,0.599781,0.094066,8.751178
1413300,40.6137,7.425191,0.693847,6.731343,0.599781,0.094066,8.765655
1413400,40.6137,7.425191,0.693847,6.731343,0.599781,0.094066,8.793779
1413500,40.6137,7.425191,0.693847,6.731343,0.599781,0.094066,8.751178
1413600,40.6137,7.425191,0.693847,6.731343,0.599781,0.094066,8.784619
1413700,40.6137,7.425191,0.693847,6.731343,0.599781,0.094066,8.765033
1413800,40.6137,7.425191,0.693847,6.731343,0.599781,0.094066,8.751178
1413900,40.6137,7.425191,0.693847,6.731343,0.599781,0.094066,8.800558
1414000,40.6137,7.425191,0.693847,6.731343,0.599781,0.094066,8.751178
1414100,40.6137,7.425191,0.693847,6.731343,0.599781,0.094066,8.751239
1414200,40.6137,7.425191,0.693847,6.731343,0.599781,0.094066,8.812444
1414300,40.6137,7.425191,0.693847,6.731343,0.599781,0.094066,8.777712
1414400,40.6137,7.425191,0.693847,6.731343,0.599781,0.094066,8.751178
1414500,40.6137,7.425191,0.693847,6.731343,0.599781,0.094066,8.802597
1414600,40.6137,7.425191,0.693847,6.731343,0.599781,0.094066,8.857774
1414700,40.6137,7.425191,0.693847,6.731343,0.599781,0.094066,8.850698
1414800,40.6137,7.425191,0.693847,6.731343,0.599781,0.094066,8.829134
1414900,40.6137,7.425191,0.693847,6.731343,0.599781,0.094066,8.751178
1415000,40.6137,7.425191,0.693847,6.731343,0.599781,0.094066,8.778391
1415100,40.6137,7.425191,0.693847,6.731343,0.599781,0.094066,8.785981
1415200,40.6137,7.425191,0.693847,6.731343,0.599781,0.094066,8.751178
1415300,40.6137,7.425191,0.693847,6.731343,0.599781,0.094066,8.800925
1415400,40.6137,7.425191,0.693847,6.731343,0.599781,0.094066,8.751178
1415500,40.6137,7.425191,0.693847,6.731343,0.599781,0.094066,8.751239
1415600,40.6137,7.425191,0.693847,6.731343,0.599781,0.094066,8.780502
1415700,40.6137,7.425191,0.693847,6.731343,0.599781,0.094066,8.851791
1415800,40.6137,7.425191,0.693847,6.731343,0.599781,0.094066,8.854717
1415900,40.6137,7.425191,0.693847,6.731343,0.599781,0.094066,8.796572
1416000,40.6137,7.425191,0.693847,6.731343,0.599781,0.094066,8.751178
1416100,40.6137,7.425191,0.693847,6.731343,0.599781,0.094066,8.751239
1416200,40.6137,7.425191,0.693847,6.731343,0.599781,0.094066,8.812444
1416300,40.6137,7.425191,0.693847,6.731343,0.599781,0.094066,8.827201
1416400,40.6137,7.425191,0.693847,6.731343,0.599781,0.094066,8.855847
1416500,40.6137,7.425191,0.693847,6.731343,0.599781,0.094066,8.766179
1416600,40.6137,7.425191,0.693847,6.731343,0.599781,0.094066,8.751239
1416700,40.6137,7.425191,0.693847,6.731343,0.599781,0.094066,8.779327
1416800,40.6137,7.425191,0.693847,6.731343,0.599781,0.094066,8.823376
1416900,40.6137,7.425191,0.693847,6.731343,0.599781,0.094066,8.839388
1417000,40.6137,7.425191,0.693847,6.731343,0.599781,0.094066,8.874282
1417100,40.6137,7.425191,0.693847,6.731343,0.599781,0.094066,8.834345
1417200,40.6137,7.425191,0.693847,6.731343,0.599781,0.094066,8.859082
1417300,40.6137,7.425191,0.693847,6.731343,0.599781,0.094066,8.836371
1417400,40.6137,7.425191,0.693847,6.731343,0.599781,0.094066,8.751178
1417500,40.6137,7.425191,0.693847,6.731343,0.599781,0.094066,8.765655
1417600,40.6137,7.425191,0.693847,6.731343,0.599781,0.094066,8.821798
1417700,40.6137,7.425191,0.693847,6.731343,0.599781,0.094066,8.751178
1417800,40.6137,7.425191,0.693847,6.731343,0.599781,0.094066,8.785514
1417900,40.6137,7.425191,0.693847,6.731343,0.599781,0.094066,8.778858
1418000,40.6137,7.425191,0.693847,6.731343,0.599781,0.094066,8.751178
1418100,40.6137,7.425191,0.693847,6.731343,0.599781,0.094066,8.833051
1418200,40.6137,7.425191,0.693847,6.731343,0.599781,0.094066,8.777712
1418300,40.6137,7.425191,0.693847,6.731343,0.599781,0.094066,8.751178
1418400,40.6137,7.425191,0.693847,6.731343,0.599781,0.094066,8.802597
1418500,40.6137,7.425191,0.693847,6.731343,0.599781,0.094066,8.770799
1418600,40.6137,7.425191,0.693847,6.731343,0.599781,0.094066,8.751178
1418700,40.6137,7.425191,0.693847,6.731343,0.599781,0.094066,8.805523
1418800,40.6137,7.425191,0.693847,6.731343,0.599781,0.094066,8.751178
1418900,40.6137,7.425191,0.693847,6.731343,0.599781,0.094066,8.774208
1419000,40.6137,7.425191,0.693847,6.731343,0.599781,0.094066,8.777712
1419100,40.6137,7.425191,0.693847,6.731343,0.599781,0.094066,8.751178
1419200,40.6137,7.425191,0.693847,6.731343,0.599781,0.094066,8.751239
1419300,40.6137,7.425191,0.693847,6.731343,0.599781,0.094066,8.838978
1419400,40.6137,7.425191,0.693847,6.731343,0.599781,0.094066,8.751178
1419500,40.6137,7.425191,0.693847,6.731343,0.599781,0.094066,8.760099
1419600,40.6137,7.425191,0.693847,6.731343,0.599781,0.094066,8.844945
1419700,40.6137,7.425191,0.693847,6.731343,0.599781,0.094066,8.843907
1419800,40.6137,7.425191,0.693847,6.731343,0.599781,0.094066,8.840793
1419900,40.6137,7.425191,0.693847,6.731343,0.599781,0.094066,8.828143
1420000,40.6137,7.425191,0.693847,6.731343,0.599781,0.094066,8.789927
1420100,40.6137,7.425191,0.693847,6.731343,0.599781,0.094066,8.751178
1420200,40.6137,7.425191,0.693847,6.731343,0.599781,0.094066,8.751239
1420300,40.6137,7.425191,0.693847,6.731343,0.599781,0.094066,8.812444
1420400,40.6137,7.425191,0.693847,6.731343,0.599781,0.094066,8.777712
1420500,40.6137,7.425191,0.693847,6.731343,0.599781,0.094066,8.751178
1420600,40.6137,7.425191,0.693847,6.731343,0.599781,0.094066,8.822218
1420700,40.6137,7.425191,0.693847,6.731343,0.599781,0.094066,8.751178
1420800,40.6137,7.425191,0.693847,6.731343,0.599781,0.094066,8.753292
1420900,40.6137,7.425191,0.693847,6.731343,0.599781,0.094066,8.803409
1421000,40.6137,7.425191,0.693847,6.731343,0.599781,0.094066,8.751178
1421100,40.6137,7.425191,0.693847,6.731343,0.599781,0.094066,8.774208
1421200,40.6137,7.425191,0.693847,6.731343,0.599781,0.094066,8.777712
1421300,40.6137,7.425191,0.693847,6.731343,0.599781,0.094066,8.751178
1421400,40.6137,7.425191,0.693847,6.731343,0.599781,0.094066,8.779388
1421500,40.6137,7.425191,0.693847,6.731343,0.599781,0.094066,8.823376
1421600,40.6137,7.425191,0.693847,6.731343,0.599781,0.094066,8.825290
1421700,40.6137,7.425191,0.693847,6.731343,0.599781,0.094066,8.812483
1421800,40.6137,7.425191,0.693847,6.731343,0.599781,0.094066,8.751178
1421900,40.6137,7.425191,0.693847,6.731343,0.599781,0.094066,8.751239
1422000,40.6137,7.425191,0.693847,6.731343,0.599781,0.094066,8.878771
1422100,40.6137,7.425191,0.693847,6.731343,0.599781,0.094066,8.784835
1422200,40.6137,7.425191,0.693847,6.731343,0.599781,0.094066,8.751178
1422300,40.6137,7.425191,0.693847,6.731343,0.599781,0.094066,8.809741
1422400,40.6137,7.425191,0.693847,6.731343,0.599781,0.094066,8.776594
1422500,40.6137,7.425191,0.693847,6.731343,0.599781,0.094066,8.751178
1422600,40.6137,7.425191,0.693847,6.731343,0.599781,0.094066,8.815124
1422700,40.6137,7.425191,0.693847,6.731343,0.599781,0.094066,8.751178
1422800,40.6137,7.425191,0.693847,6.731343,0.599781,0.094066,8.765176
1422900,40.6137,7.425191,0.693847,6.731343,0.599781,0.094066,8.844677
1423000,40.6137,7.425191,0.693847,6.731343,0.599781,0.094066,8.777712
1423100,40.6137,7.425191,0.693847,6.731343,0.599781,0.094066,8.751178
1423200,40.6137,7.425191,0.693847,6.731343,0.599781,0.094066,8.809741
1423300,40.6137,7.425191,0.693847,6.731343,0.599781,0.094066,8.777712
1423400,40.6137,7.425191,0.693847,6.731343,0.599781,0.094066,8.751178
1423500,40.6137,7.425191,0.693847,6.731343,0.599781,0.094066,8.813194
1423600,40.6137,7.425191,0.693847,6.731343,0.599781,0.094066,8.751178
1423700,40.6137,7.425191,0.693847,6.731343,0.599781,0.094066,8.774392
1423800,40.6137,7.425191,0.693847,6.731343,0.599781,0.094066,8.835254
1423900,40.6137,7.425191,0.693847,6.731343,0.599781,0.094066,8.751178
1424000,40.6137,7.425191,0.693847,6.731343,0.599781,0.094066,8.768703
1424100,40.6137,7.425191,0.693847,6.731343,0.599781,0.094066,8.820680
1424200,40.6137,7.425191,0.693847,6.731343,0.599781,0.094066,8.751178
1424300,40.6137,7.425191,0.693847,6.731343,0.599781,0.094066,8.788562
1424400,40.6137,7.425191,0.693847,6.731343,0.599781,0.094066,8.777741
1424500,40.6137,7.425191,0.693847,6.731343,0.599781,0.094066,8.751178
1424600,40.6137,7.425191,0.693847,6.731343,0.599781,0.094066,8.836099
1424700,40.6137,7.425191,0.693847,6.731343,0.599781,0.094066,8.777712
1424800,40.6137,7.425191,0.693847,6.731343,0.599781,0.094066,8.751178
1424900,40.6137,7.425191,0.693847,6.731343,0.599781,0.094066,8.802597
1425000,40.6137,7.425191,0.693847,6.731343,0.599781,0.094066,8.770799
1425100,40.6137,7.425191,0.693847,6.731343,0.599781,0.094066,8.751178
1425200,40.6137,7.425191,0.693847,6.731343,0.599781,0.094066,8.805523
1425300,40.6137,7.425191,0.693847,6.731343,0.599781,0.094066,8.751178
1425400,40.6137,7.425191,0.693847,6.731343,0.599781,0.094066,8.774208
1425500,40.6137,7.425191,0.693847,6.731343,0.599781,0.094066,8.777712
1425600,40.6137,7.425191,0.693847,6.731343,0.599781,0.094066,8.751178
1425700,40.6137,7.425191,0.693847,6.731343,0.599781,0.094066,8.751239
1425800,40.6137,7.425191,0.693847,6.731343,0.599781,0.094066,8.838978
1425900,40.6137,7.425191,0.693847,6.731343,0.599781,0.094066,8.751178
1426000,40.6137,7.425191,0.693847,6.731343,0.599781,0.094066,8.765442
1426100,40.6137,7.425191,0.693847,6.731343,0.599781,0.094066,8.839602
1426200,40.6137,7.425191,0.693847,6.731343,0.599781,0.094066,8.849463
1426300,40.6137,7.425191,0.693847,6.731343,0.599781,0.094066,8.802531
1426400,40.6137,7.425191,0.693847,6.731343,0.599781,0.094066,8.751178
1426500,40.6137,7.425191,0.693847,6.731343,0.599781,0.094066,8.796337
1426600,40.6137,7.425191,0.693847,6.731343,0.599781,0.094066,8.789998
1426700,40.6137,7.425191,0.693847,6.731343,0.599781,0.094066,8.751178
1426800,40.6137,7.425191,0.693847,6.731343,0.599781,0.094066,8.808154
1426900,40.6137,7.425191,0.693847,6.731343,0.599781,0.094066,8.758149
1427000,40.6137,7.425191,0.693847,6.731343,0.599781,0.094066,8.754231
1427100,40.6137,7.425191,0.693847,6.731343,0.599781,0.094066,8.800920
1427200,40.6137,7.425191,0.693847,6.731343,0.599781,0.094066,8.751178
1427300,40.6137,7.425191,0.693847,6.731343,0.599781,0.094066,8.751239
1427400,40.6137,7.425191,0.693847,6.731343,0.599781,0.094066,8.812444
1427500,40.6137,7.425191,0.693847,6.731343,0.599781,0.094066,8.777712
1427600,40.6137,7.425191,0.693847,6.731343,0.599781,0.094066,8.751178
1427700,40.6137,7.425191,0.693847,6.731343,0.599781,0.094066,8.809741
1427800,40.6137,7.425191,0.693847,6.731343,0.599781,0.094066,8.777712
1427900,40.6137,7.425191,0.693847,6.731343,0.599781,0.094066,8.751178
1428000,40.6137,7.425191,0.693847,6.731343,0.599781,0.094066,8.813194
1428100,40.6137,7.425191,0.693847,6.731343,0.599781,0.094066,8.751178
1428200,40.6137,7.425191,0.693847,6.731343,0.599781,0.094066,8.774392
1428300,40.6137,7.425191,0.693847,6.731343,0.599781,0.094066,8.777712
1428400,40.6137,7.425191,0.693847,6.731343,0.599781,0.094066,8.751178
1428500,40.6137,7.425191,0.693847,6.731343,0.599781,0.094066,8.751239
1428600,40.6137,7.425191,0.693847,6.731343,0.599781,0.094066,8.851525
1428700,40.6137,7.425191,0.693847,6.731343,0.599781,0.094066,8.839388
1428800,40.6137,7.425191,0.693847,6.731343,0.599781,0.094066,8.819579
1428900,40.6137,7.425191,0.693847,6.731343,0.599781,0.094066,8.751178
1429000,40.6137,7.425191,0.693847,6.731343,0.599781,0.094066,8.751239
1429100,40.6137,7.425191,0.693847,6.731343,0.599781,0.094066,8.808193
1429200,40.6137,7.425191,0.693847,6.731343,0.599781,0.094066,8.781963
1429300,40.6137,7.425191,0.693847,6.731343,0.599781,0.094066,8.751178
1429400,40.6137,7.425191,0.693847,6.731343,0.599781,0.094066,8.809741
1429500,40.6137,7.425191,0.693847,6.731343,0.599781,0.094066,8.777712
1429600,40.6137,7.425191,0.693847,6.731343,0.599781,0.094066,8.751178
1429700,40.6137,7.425191,0.693847,6.731343,0.599781,0.094066,8.813194
1429800,40.6137,7.425191,0.693847,6.731343,0.599781,0.094066,8.751178
1429900,40.6137,7.425191,0.693847,6.731343,0.599781,0.094066,8.774941
1430000,40.6137,7.425191,0.693847,6.731343,0.599781,0.094066,8.831866
1430100,40.6137,7.425191,0.693847,6.731343,0.599781,0.094066,8.865648
1430200,40.6137,7.425191,0.693847,6.731343,0.599781,0.094066,8.874289
1430300,40.6137,7.425191,0.693847,6.731343,0.599781,0.094066,8.788743
1430400,40.6137,7.425191,0.693847,6.731343,0.599781,0.094066,8.751178
1430500,40.6137,7.425191,0.693847,6.731343,0.599781,0.094066,8.802823
1430600,40.6137,7.425191,0.693847,6.731343,0.599781,0.094066,8.786559
1430700,40.6137,7.425191,0.693847,6.731343,0.599781,0.094066,8.751178
1430800,40.6137,7.425191,0.693847,6.731343,0.599781,0.094066,8.813949
1430900,40.6137,7.425191,0.693847,6.731343,0.599781,0.094066,8.752353
1431000,40.6137,7.425191,0.693847,6.731343,0.599781,0.094066,8.755407
1431100,40.6137,7.425191,0.693847,6.731343,0.599781,0.094066,8.831871
1431200,40.6137,7.425191,0.693847,6.731343,0.599781,0.094066,8.777712
1431300,40.6137,7.425191,0.693847,6.731343,0.599781,0.094066,8.751178
1431400,40.6137,7.425191,0.693847,6.731343,0.599781,0.094066,8.836275
1431500,40.6137,7.425191,0.693847,6.731343,0.599781,0.094066,8.751178
1431600,40.6137,7.425191,0.693847,6.731343,0.599781,0.094066,8.755531
1431700,40.6137,7.425191,0.693847,6.731343,0.599781,0.094066,8.808841
1431800,40.6137,7.425191,0.693847,6.731343,0.599781,0.094066,8.751178
1431900,40.6137,7.425191,0.693847,6.731343,0.599781,0.094066,8.788217
1432000,40.6137,7.425191,0.693847,6.731343,0.599781,0.094066,8.763886
1432100,40.6137,7.425191,0.693847,6.731343,0.599781,0.094066,8.751239
1432200,40.6137,7.425191,0.693847,6.731343,0.599781,0.094066,8.755719
1432300,40.6137,7.425191,0.693847,6.731343,0.599781,0.094066,8.837860
1432400,40.6137,7.425191,0.693847,6.731343,0.599781,0.094066,8.751178
1432500,40.6137,7.425191,0.693847,6.731343,0.599781,0.094066,8.768489
1432600,40.6137,7.425191,0.693847,6.731343,0.599781,0.094066,8.820893
1432700,40.6137,7.425191,0.693847,6.731343,0.599781,0.094066,8.751178
1432800,40.6137,7.425191,0.693847,6.731343,0.599781,0.094066,8.784311
1432900,40.6137,7.425191,0.693847,6.731343,0.599781,0.094066,8.781992
1433000,40.6137,7.425191,0.693847,6.731343,0.599781,0.094066,8.751178
1433100,40.6137,7.425191,0.693847,6.731343,0.599781,0.094066,8.800016
1433200,40.6137,7.425191,0.693847,6.731343,0.599781,0.094066,8.836371
1433300,40.6137,7.425191,0.693847,6.731343,0.599781,0.094066,8.751178
1433400,40.6137,7.425191,0.693847,6.731343,0.599781,0.094066,8.765655
1433500,40.6137,7.425191,0.693847,6.731343,0.599781,0.094066,8.821798
1433600,40.6137,7.425191,0.693847,6.731343,0.599781,0.094066,8.751178
1433700,40.6137,7.425191,0.693847,6.731343,0.599781,0.094066,8.785514
1433800,40.6137,7.425191,0.693847,6.731343,0.599781,0.094066,8.778858
1433900,40.6137,7.425191,0.693847,6.731343,0.599781,0.094066,8.751178
1434000,40.6137,7.425191,0.693847,6.731343,0.599781,0.094066,8.800925
1434100,40.6137,7.425191,0.693847,6.731343,0.599781,0.094066,8.751178
1434200,40.6137,7.425191,0.693847,6.731343,0.599781,0.094066,8.751239
1434300,40.6137,7.425191,0.693847,6.731343,0.599781,0.094066,8.812444
1434400,40.6137,7.425191,0.693847,6.731343,0.599781,0.094066,8.827201
1434500,40.6137,7.425191,0.693847,6.731343,0.599781,0.094066,8.844314
1434600,40.6137,7.425191,0.693847,6.731343,0.599781,0.094066,8.777712
1434700,40.6137,7.425191,0.693847,6.731343,0.599781,0.094066,8.751178
1434800,40.6137,7.425191,0.693847,6.731343,0.599781,0.094066,8.751239
1434900,40.6137,7.425191,0.693847,6.731343,0.599781,0.094066,8.851525
1435000,40.6137,7.425191,0.693847,6.731343,0.599781,0.094066,8.839388
1435100,40.6137,7.425191,0.693847,6.731343,0.599781,0.094066,8.819579
1435200,40.6137,7.425191,0.693847,6.731343,0.599781,0.094066,8.751178
1435300,40.6137,7.425191,0.693847,6.731343,0.599781,0.094066,8.751239
1435400,40.6137,7.425191,0.693847,6.731343,0.599781,0.094066,8.812444
1435500,40.6137,7.425191,0.693847,6.731343,0.599781,0.094066,8.834345
1435600,40.6137,7.425191,0.693847,6.731343,0.599781,0.094066,8.870847
1435700,40.6137,7.425191,0.693847,6.731343,0.599781,0.094066,8.847183
1435800,40.6137,7.425191,0.693847,6.731343,0.599781,0.094066,8.751178
1435900,40.6137,7.425191,0.693847,6.731343,0.599781,0.094066,8.753292
1436000,40.6137,7.425191,0.693847,6.731343,0.599781,0.094066,8.820104
1436100,40.6137,7.425191,0.693847,6.731343,0.599781,0.094066,8.751178
1436200,40.6137,7.425191,0.693847,6.731343,0.599781,0.094066,8.761705
1436300,40.6137,7.425191,0.693847,6.731343,0.599781,0.094066,8.794995
1436400,40.6137,7.425191,0.693847,6.731343,0.599781,0.094066,8.751178
1436500,40.6137,7.425191,0.693847,6.731343,0.599781,0.094066,8.820718
1436600,40.6137,7.425191,0.693847,6.731343,0.599781,0.094066,8.789861
1436700,40.6137,7.425191,0.693847,6.731343,0.599781,0.094066,8.751178
1436800,40.6137,7.425191,0.693847,6.731343,0.599781,0.094066,8.794328
1436900,40.6137,7.425191,0.693847,6.731343,0.599781,0.094066,8.779069
1437000,40.6137,7.425191,0.693847,6.731343,0.599781,0.094066,8.751178
1437100,40.6137,7.425191,0.693847,6.731343,0.599781,0.094066,8.805523
1437200,40.6137,7.425191,0.693847,6.731343,0.599781,0.094066,8.751178
1437300,40.6137,7.425191,0.693847,6.731343,0.599781,0.094066,8.753292
1437400,40.6137,7.425191,0.693847,6.731343,0.599781,0.094066,8.830754
1437500,40.6137,7.425191,0.693847,6.731343,0.599781,0.094066,8.777712
1437600,40.6137,7.425191,0.693847,6.731343,0.599781,0.094066,8.751178
1437700,40.6137,7.425191,0.693847,6.731343,0.599781,0.094066,8.822218
1437800,40.6137,7.425191,0.693847,6.731343,0.599781,0.094066,8.751178
1437900,40.6137,7.425191,0.693847,6.731343,0.599781,0.094066,8.755531
1438000,40.6137,7.425191,0.693847,6.731343,0.599781,0.094066,8.801170
1438100,40.6137,7.425191,0.693847,6.731343,0.599781,0.094066,8.751178
1438200,40.6137,7.425191,0.693847,6.731343,0.599781,0.094066,8.799566
1438300,40.6137,7.425191,0.693847,6.731343,0.599781,0.094066,8.752353
1438400,40.6137,7.425191,0.693847,6.731343,0.599781,0.094066,8.751239
1438500,40.6137,7.425191,0.693847,6.731343,0.599781,0.094066,8.779327
1438600,40.6137,7.425191,0.693847,6.731343,0.599781,0.094066,8.809711
1438700,40.6137,7.425191,0.693847,6.731343,0.599781,0.094066,8.751178
1438800,40.6137,7.425191,0.693847,6.731343,0.599781,0.094066,8.768703
1438900,40.6137,7.425191,0.693847,6.731343,0.599781,0.094066,8.807741
1439000,40.6137,7.425191,0.693847,6.731343,0.599781,0.094066,8.751178
1439100,40.6137,7.425191,0.693847,6.731343,0.599781,0.094066,8.784755
1439200,40.6137,7.425191,0.693847,6.731343,0.599781,0.094066,8.771946
1439300,40.6137,7.425191,0.693847,6.731343,0.599781,0.094066,8.751178
1439400,40.6137,7.425191,0.693847,6.731343,0.599781,0.094066,8.848322
1439500,40.6137,7.425191,0.693847,6.731343,0.599781,0.094066,8.834324
1439600,40.6137,7.425191,0.693847,6.731343,0.599781,0.094066,8.844314
1439700,40.6137,7.425191,0.693847,6.731343,0.599781,0.094066,8.777712
1439800,40.6137,7.425191,0.693847,6.731343,0.599781,0.094066,8.751178
1439900,40.6137,7.425191,0.693847,6.731343,0.599781,0.094066,8.751239
1440000,40.6137,7.425191,0.693847,6.731343,0.599781,0.094066,8.914663
1440100,40.6137,7.425191,0.693847,6.731343,0.599781,0.094066,8.839602
1440200,40.6137,7.425191,0.693847,6.731343,0.599781,0.094066,8.825136
1440300,40.6137,7.425191,0.693847,6.731343,0.599781,0.094066,8.751178
1440400,40.6137,7.425191,0.693847,6.731343,0.599781,0.094066,8.751239
1440500,40.6137,7.425191,0.693847,6.731343,0.599781,0.094066,8.800295
1440600,40.6137,7.425191,0.693847,6.731343,0.599781,0.094066,8.789861
1440700,40.6137,7.425191,0.693847,6.731343,0.599781,0.094066,8.751178
1440800,40.6137,7.425191,0.693847,6.731343,0.599781,0.094066,8.801471
1440900,40.6137,7.425191,0.693847,6.731343,0.599781,0.094066,8.784864
1441000,40.6137,7.425191,0.693847,6.731343,0.599781,0.094066,8.751178
1441100,40.6137,7.425191,0.693847,6.731343,0.599781,0.094066,8.815124
1441200,40.6137,7.425191,0.693847,6.731343,0.599781,0.094066,8.751178
1441300,40.6137,7.425191,0.693847,6.731343,0.599781,0.094066,8.755407
1441400,40.6137,7.425191,0.693847,6.731343,0.599781,0.094066,8.799744
1441500,40.6137,7.425191,0.693847,6.731343,0.599781,0.094066,8.751178
1441600,40.6137,7.425191,0.693847,6.731343,0.599781,0.094066,8.751239
1441700,40.6137,7.425191,0.693847,6.731343,0.599781,0.094066,8.812444
1441800,40.6137,7.425191,0.693847,6.731343,0.599781,0.094066,8.827201
1441900,40.6137,7.425191,0.693847,6.731343,0.599781,0.094066,8.866891
1442000,40.6137,7.425191,0.693847,6.731343,0.599781,0.094066,8.836371
1442100,40.6137,7.425191,0.693847,6.731343,0.599781,0.094066,8.751178
1442200,40.6137,7.425191,0.693847,6.731343,0.599781,0.094066,8.765655
1442300,40.6137,7.425191,0.693847,6.731343,0.599781,0.094066,8.821798
1442400,40.6137,7.425191,0.693847,6.731343,0.599781,0.094066,8.751178
1442500,40.6137,7.425191,0.693847,6.731343,0.599781,0.094066,8.785514
1442600,40.6137,7.425191,0.693847,6.731343,0.599781,0.094066,8.778858
1442700,40.6137,7.425191,0.693847,6.731343,0.599781,0.094066,8.751178
1442800,40.6137,7.425191,0.693847,6.731343,0.599781,0.094066,8.833051
1442900,40.6137,7.425191,0.693847,6.731343,0.599781,0.094066,8.776594
1443000,40.6137,7.425191,0.693847,6.731343,0.599781,0.094066,8.751178
1443100,40.6137,7.425191,0.693847,6.731343,0.599781,0.094066,8.805645
1443200,40.6137,7.425191,0.693847,6.731343,0.599781,0.094066,8.770799
1443300,40.6137,7.425191,0.693847,6.731343,0.599781,0.094066,8.751178
1443400,40.6137,7.425191,0.693847,6.731343,0.599781,0.094066,8.805523
1443500,40.6137,7.425191,0.693847,6.731343,0.599781,0.094066,8.751178
1443600,40.6137,7.425191,0.693847,6.731343,0.599781,0.094066,8.774208
1443700,40.6137,7.425191,0.693847,6.731343,0.599781,0.094066,8.836371
1443800,40.6137,7.425191,0.693847,6.731343,0.599781,0.094066,8.751178
1443900,40.6137,7.425191,0.693847,6.731343,0.599781,0.094066,8.765655
1444000,40.6137,7.425191,0.693847,6.731343,0.599781,0.094066,8.820680
1444100,40.6137,7.425191,0.693847,6.731343,0.599781,0.094066,8.751178
1444200,40.6137,7.425191,0.693847,6.731343,0.599781,0.094066,8.788562
1444300,40.6137,7.425191,0.693847,6.731343,0.599781,0.094066,8.777741
1444400,40.6137,7.425191,0.693847,6.731343,0.599781,0.094066,8.751178
1444500,40.6137,7.425191,0.693847,6.731343,0.599781,0.094066,8.803973
1444600,40.6137,7.425191,0.693847,6.731343,0.599781,0.094066,8.751178
1444700,40.6137,7.425191,0.693847,6.731343,0.599781,0.094066,8.751239
1444800,40.6137,7.425191,0.693847,6.731343,0.599781,0.094066,8.800295
1444900,40.6137,7.425191,0.693847,6.731343,0.599781,0.094066,8.789861
1445000,40.6137,7.425191,0.693847,6.731343,0.599781,0.094066,8.751178
1445100,40.6137,7.425191,0.693847,6.731343,0.599781,0.094066,8.795475
1445200,40.6137,7.425191,0.693847,6.731343,0.599781,0.094066,8.777922
1445300,40.6137,7.425191,0.693847,6.731343,0.599781,0.094066,8.751178
1445400,40.6137,7.425191,0.693847,6.731343,0.599781,0.094066,8.805523
1445500,40.6137,7.425191,0.693847,6.731343,0.599781,0.094066,8.751178
1445600,40.6137,7.425191,0.693847,6.731343,0.599781,0.094066,8.755531
1445700,40.6137,7.425191,0.693847,6.731343,0.599781,0.094066,8.851092
1445800,40.6137,7.425191,0.693847,6.731343,0.599781,0.094066,8.777712
1445900,40.6137,7.425191,0.693847,6.731343,0.599781,0.094066,8.751178
1446000,40.6137,7.425191,0.693847,6.731343,0.599781,0.094066,8.809741
1446100,40.6137,7.425191,0.693847,6.731343,0.599781,0.094066,8.777712
1446200,40.6137,7.425191,0.693847,6.731343,0.599781,0.094066,8.751178
1446300,40.6137,7.425191,0.693847,6.731343,0.599781,0.094066,8.813194
1446400,40.6137,7.425191,0.693847,6.731343,0.599781,0.094066,8.751178
1446500,40.6137,7.425191,0.693847,6.731343,0.599781,0.094066,8.774392
1446600,40.6137,7.425191,0.693847,6.731343,0.599781,0.094066,8.777712
1446700,40.6137,7.425191,0.693847,6.731343,0.599781,0.094066,8.751178
1446800,40.6137,7.425191,0.693847,6.731343,0.599781,0.094066,8.751239
1446900,40.6137,7.425191,0.693847,6.731343,0.599781,0.094066,8.838978
1447000,40.6137,7.425191,0.693847,6.731343,0.599781,0.094066,8.751178
1447100,40.6137,7.425191,0.693847,6.731343,0.599781,0.094066,8.765655
1447200,40.6137,7.425191,0.693847,6.731343,0.599781,0.094066,8.807741
1447300,40.6137,7.425191,0.693847,6.731343,0.599781,0.094066,8.751178
1447400,40.6137,7.425191,0.693847,6.731343,0.599781,0.094066,8.784755
1447500,40.6137,7.425191,0.693847,6.731343,0.599781,0.094066,8.771946
1447600,40.6137,7.425191,0.693847,6.731343,0.599781,0.094066,8.751178
1447700,40.6137,7.425191,0.693847,6.731343,0.599781,0.094066,8.800742
1447800,40.6137,7.425191,0.693847,6.731343,0.599781,0.094066,8.751178
1447900,40.6137,7.425191,0.693847,6.731343,0.599781,0.094066,8.751239
1448000,40.6137,7.425191,0.693847,6.731343,0.599781,0.094066,8.803625
1448100,40.6137,7.425191,0.693847,6.731343,0.599781,0.094066,8.843163
1448200,40.6137,7.425191,0.693847,6.731343,0.599781,0.094066,8.857935
1448300,40.6137,7.425191,0.693847,6.731343,0.599781,0.094066,8.778858
1448400,40.6137,7.425191,0.693847,6.731343,0.599781,0.094066,8.751178
1448500,40.6137,7.425191,0.693847,6.731343,0.599781,0.094066,8.751239
1448600,40.6137,7.425191,0.693847,6.731343,0.599781,0.094066,8.816985
1448700,40.6137,7.425191,0.693847,6.731343,0.599781,0.094066,8.777712
1448800,40.6137,7.425191,0.693847,6.731343,0.599781,0.094066,8.751178
1448900,40.6137,7.425191,0.693847,6.731343,0.599781,0.094066,8.802597
1449000,40.6137,7.425191,0.693847,6.731343,0.599781,0.094066,8.770799
1449100,40.6137,7.425191,0.693847,6.731343,0.599781,0.094066,8.751178
1449200,40.6137,7.425191,0.693847,6.731343,0.599781,0.094066,8.805523
1449300,40.6137,7.425191,0.693847,6.731343,0.599781,0.094066,8.751178
1449400,40.6137,7.425191,0.693847,6.731343,0.599781,0.094066,8.796785
1449500,40.6137,7.425191,0.693847,6.731343,0.599781,0.094066,8.836371
1449600,40.6137,7.425191,0.693847,6.731343,0.599781,0.094066,8.751178
1449700,40.6137,7.425191,0.693847,6.731343,0.599781,0.094066,8.765442
1449800,40.6137,7.425191,0.693847,6.731343,0.599781,0.094066,8.807955
1449900,40.6137,7.425191,0.693847,6.731343,0.599781,0.094066,8.751178
1450000,40.6137,7.425191,0.693847,6.731343,0.599781,0.094066,8.780504
1450100,40.6137,7.425191,0.693847,6.731343,0.599781,0.094066,8.776197
1450200,40.6137,7.425191,0.693847,6.731343,0.599781,0.094066,8.751178
1450300,40.6137,7.425191,0.693847,6.731343,0.599781,0.094066,8.825745
1450400,40.6137,7.425191,0.693847,6.731343,0.599781,0.094066,8.783717
1450500,40.6137,7.425191,0.693847,6.731343,0.599781,0.094066,8.751178
1450600,40.6137,7.425191,0.693847,6.731343,0.599781,0.094066,8.805645
1450700,40.6137,7.425191,0.693847,6.731343,0.599781,0.094066,8.769681
1450800,40.6137,7.425191,0.693847,6.731343,0.599781,0.094066,8.751178
1450900,40.6137,7.425191,0.693847,6.731343,0.599781,0.094066,8.807453
1451000,40.6137,7.425191,0.693847,6.731343,0.599781,0.094066,8.751178
1451100,40.6137,7.425191,0.693847,6.731343,0.599781,0.094066,8.765040
1451200,40.6137,7.425191,0.693847,6.731343,0.599781,0.094066,8.855578
1451300,40.6137,7.425191,0.693847,6.731343,0.599781,0.094066,8.859760
1451400,40.6137,7.425191,0.693847,6.731343,0.599781,0.094066,8.826676
1451500,40.6137,7.425191,0.693847,6.731343,0.599781,0.094066,8.751178
1451600,40.6137,7.425191,0.693847,6.731343,0.599781,0.094066,8.751239
1451700,40.6137,7.425191,0.693847,6.731343,0.599781,0.094066,8.800295
1451800,40.6137,7.425191,0.693847,6.731343,0.599781,0.094066,8.788743
1451900,40.6137,7.425191,0.693847,6.731343,0.599781,0.094066,8.751178
1452000,40.6137,7.425191,0.693847,6.731343,0.599781,0.094066,8.798309
1452100,40.6137,7.425191,0.693847,6.731343,0.599781,0.094066,8.778135
1452200,40.6137,7.425191,0.693847,6.731343,0.599781,0.094066,8.751178
1452300,40.6137,7.425191,0.693847,6.731343,0.599781,0.094066,8.805523
1452400,40.6137,7.425191,0.693847,6.731343,0.599781,0.094066,8.751178
1452500,40.6137,7.425191,0.693847,6.731343,0.599781,0.094066,8.759782
1452600,40.6137,7.425191,0.693847,6.731343,0.599781,0.094066,8.846841
1452700,40.6137,7.425191,0.693847,6.731343,0.599781,0.094066,8.834345
1452800,40.6137,7.425191,0.693847,6.731343,0.599781,0.094066,8.777712
1452900,40.6137,7.425191,0.693847,6.731343,0.599781,0.094066,8.751178
1453000,40.6137,7.425191,0.693847,6.731343,0.599781,0.094066,8.813194
1453100,40.6137,7.425191,0.693847,6.731343,0.599781,0.094066,8.751178
1453200,40.6137,7.425191,0.693847,6.731343,0.599781,0.094066,8.774392
1453300,40.6137,7.425191,0.693847,6.731343,0.599781,0.094066,8.777712
1453400,40.6137,7.425191,0.693847,6.731343,0.599781,0.094066,8.751178
1453500,40.6137,7.425191,0.693847,6.731343,0.599781,0.094066,8.751239
1453600,40.6137,7.425191,0.693847,6.731343,0.599781,0.094066,8.851525
1453700,40.6137,7.425191,0.693847,6.731343,0.599781,0.094066,8.839388
1453800,40.6137,7.425191,0.693847,6.731343,0.599781,0.094066,8.819579
1453900,40.6137,7.425191,0.693847,6.731343,0.599781,0.094066,8.751178
1454000,40.6137,7.425191,0.693847,6.731343,0.599781,0.094066,8.751239
1454100,40.6137,7.425191,0.693847,6.731343,0.599781,0.094066,8.805321
1454200,40.6137,7.425191,0.693847,6.731343,0.599781,0.094066,8.784835
1454300,40.6137,7.425191,0.693847,6.731343,0.599781,0.094066,8.751178
1454400,40.6137,7.425191,0.693847,6.731343,0.599781,0.094066,8.795548
1454500,40.6137,7.425191,0.693847,6.731343,0.599781,0.094066,8.763886
1454600,40.6137,7.425191,0.693847,6.731343,0.599781,0.094066,8.751178
1454700,40.6137,7.425191,0.693847,6.731343,0.599781,0.094066,8.798474
1454800,40.6137,7.425191,0.693847,6.731343,0.599781,0.094066,8.751178
1454900,40.6137,7.425191,0.693847,6.731343,0.599781,0.094066,8.772878
1455000,40.6137,7.425191,0.693847,6.731343,0.599781,0.094066,8.778858
1455100,40.6137,7.425191,0.693847,6.731343,0.599781,0.094066,8.751178
1455200,40.6137,7.425191,0.693847,6.731343,0.599781,0.094066,8.751239
1455300,40.6137,7.425191,0.693847,6.731343,0.599781,0.094066,8.838978
1455400,40.6137,7.425191,0.693847,6.731343,0.599781,0.094066,8.751178
1455500,40.6137,7.425191,0.693847,6.731343,0.599781,0.094066,8.753292
1455600,40.6137,7.425191,0.693847,6.731343,0.599781,0.094066,8.806142
1455700,40.6137,7.425191,0.693847,6.731343,0.599781,0.094066,8.751178
1455800,40.6137,7.425191,0.693847,6.731343,0.599781,0.094066,8.759172
1455900,40.6137,7.425191,0.693847,6.731343,0.599781,0.094066,8.790480
1456000,40.6137,7.425191,0.693847,6.731343,0.599781,0.094066,8.751178
1456100,40.6137,7.425191,0.693847,6.731343,0.599781,0.094066,8.796601
1456200,40.6137,7.425191,0.693847,6.731343,0.599781,0.094066,8.836371
1456300,40.6137,7.425191,0.693847,6.731343,0.599781,0.094066,8.751178
1456400,40.6137,7.425191,0.693847,6.731343,0.599781,0.094066,8.765655
1456500,40.6137,7.425191,0.693847,6.731343,0.599781,0.094066,8.807741
1456600,40.6137,7.425191,0.693847,6.731343,0.599781,0.094066,8.751178
1456700,40.6137,7.425191,0.693847,6.731343,0.599781,0.094066,8.784755
1456800,40.6137,7.425191,0.693847,6.731343,0.599781,0.094066,8.771946
1456900,40.6137,7.425191,0.693847,6.731343,0.599781,0.094066,8.751178
1457000,40.6137,7.425191,0.693847,6.731343,0.599781,0.094066,8.832868
1457100,40.6137,7.425191,0.693847,6.731343,0.599781,0.094066,8.776594
1457200,40.6137,7.425191,0.693847,6.731343,0.599781,0.094066,8.751178
1457300,40.6137,7.425191,0.693847,6.731343,0.599781,0.094066,8.805645
1457400,40.6137,7.425191,0.693847,6.731343,0.599781,0.094066,8.770799
1457500,40.6137,7.425191,0.693847,6.731343,0.599781,0.094066,8.751178
1457600,40.6137,7.425191,0.693847,6.731343,0.599781,0.094066,8.805523
1457700,40.6137,7.425191,0.693847,6.731343,0.599781,0.094066,8.751178
1457800,40.6137,7.425191,0.693847,6.731343,0.599781,0.094066,8.774208
1457900,40.6137,7.425191,0.693847,6.731343,0.599781,0.094066,8.835254
1458000,40.6137,7.425191,0.693847,6.731343,0.599781,0.094066,8.751178
1458100,40.6137,7.425191,0.693847,6.731343,0.599781,0.094066,8.768703
1458200,40.6137,7.425191,0.693847,6.731343,0.599781,0.094066,8.805506
1458300,40.6137,7.425191,0.693847,6.731343,0.599781,0.094066,8.751178
1458400,40.6137,7.425191,0.693847,6.731343,0.599781,0.094066,8.790850
1458500,40.6137,7.425191,0.693847,6.731343,0.599781,0.094066,8.769710
1458600,40.6137,7.425191,0.693847,6.731343,0.599781,0.094066,8.751178
1458700,40.6137,7.425191,0.693847,6.731343,0.599781,0.094066,8.806837
1458800,40.6137,7.425191,0.693847,6.731343,0.599781,0.094066,8.751178
1458900,40.6137,7.425191,0.693847,6.731343,0.599781,0.094066,8.751239
1459000,40.6137,7.425191,0.693847,6.731343,0.599781,0.094066,8.783868
1459100,40.6137,7.425191,0.693847,6.731343,0.599781,0.094066,8.809711
1459200,40.6137,7.425191,0.693847,6.731343,0.599781,0.094066,8.751178
1459300,40.6137,7.425191,0.693847,6.731343,0.599781,0.094066,8.768703
1459400,40.6137,7.425191,0.693847,6.731343,0.599781,0.094066,8.807741
1459500,40.6137,7.425191,0.693847,6.731343,0.599781,0.094066,8.751178
1459600,40.6137,7.425191,0.693847,6.731343,0.599781,0.094066,8.784755
1459700,40.6137,7.425191,0.693847,6.731343,0.599781,0.094066,8.771946
1459800,40.6137,7.425191,0.693847,6.731343,0.599781,0.094066,8.751178
1459900,40.6137,7.425191,0.693847,6.731343,0.599781,0.094066,8.855445
1460000,40.6137,7.425191,0.693847,6.731343,0.599781,0.094066,8.777712
1460100,40.6137,7.425191,0.693847,6.731343,0.599781,0.094066,8.751178
1460200,40.6137,7.425191,0.693847,6.731343,0.599781,0.094066,8.802597
1460300,40.6137,7.425191,0.693847,6.731343,0.599781,0.094066,8.770799
1460400,40.6137,7.425191,0.693847,6.731343,0.599781,0.094066,8.751178
1460500,40.6137,7.425191,0.693847,6.731343,0.599781,0.094066,8.805523
1460600,40.6137,7.425191,0.693847,6.731343,0.599781,0.094066,8.751178
1460700,40.6137,7.425191,0.693847,6.731343,0.599781,0.094066,8.774208
1460800,40.6137,7.425191,0.693847,6.731343,0.599781,0.094066,8.777712
1460900,40.6137,7.425191,0.693847,6.731343,0.599781,0.094066,8.751178
1461000,40.6137,7.425191,0.693847,6.731343,0.599781,0.094066,8.751239
1461100,40.6137,7.425191,0.693847,6.731343,0.599781,0.094066,8.838978
1461200,40.6137,7.425191,0.693847,6.731343,0.599781,0.094066,8.751178
1461300,40.6137,7.425191,0.693847,6.731343,0.599781,0.094066,8.758319
1461400,40.6137,7.425191,0.693847,6.731343,0.599781,0.094066,8.815078
1461500,40.6137,7.425191,0.693847,6.731343,0.599781,0.094066,8.751178
1461600,40.6137,7.425191,0.693847,6.731343,0.599781,0.094066,8.777632
1461700,40.6137,7.425191,0.693847,6.731343,0.599781,0.094066,8.779069
1461800,40.6137,7.425191,0.693847,6.731343,0.599781,0.094066,8.751178
1461900,40.6137,7.425191,0.693847,6.731343,0.599781,0.094066,8.800742
1462000,40.6137,7.425191,0.693847,6.731343,0.599781,0.094066,8.751178
1462100,40.6137,7.425191,0.693847,6.731343,0.599781,0.094066,8.751239
1462200,40.6137,7.425191,0.693847,6.731343,0.599781,0.094066,8.780502
1462300,40.6137,7.425191,0.693847,6.731343,0.599781,0.094066,8.809654
1462400,40.6137,7.425191,0.693847,6.731343,0.599781,0.094066,8.751178
1462500,40.6137,7.425191,0.693847,6.731343,0.599781,0.094066,8.765655
1462600,40.6137,7.425191,0.693847,6.731343,0.599781,0.094066,8.820680
1462700,40.6137,7.425191,0.693847,6.731343,0.599781,0.094066,8.751178
1462800,40.6137,7.425191,0.693847,6.731343,0.599781,0.094066,8.788562
1462900,40.6137,7.425191,0.693847,6.731343,0.599781,0.094066,8.777741
1463000,40.6137,7.425191,0.693847,6.731343,0.599781,0.094066,8.751178
1463100,40.6137,7.425191,0.693847,6.731343,0.599781,0.094066,8.803973
1463200,40.6137,7.425191,0.693847,6.731343,0.599781,0.094066,8.751178
1463300,40.6137,7.425191,0.693847,6.731343,0.599781,0.094066,8.751239
1463400,40.6137,7.425191,0.693847,6.731343,0.599781,0.094066,8.812444
1463500,40.6137,7.425191,0.693847,6.731343,0.599781,0.094066,8.777712
1463600,40.6137,7.425191,0.693847,6.731343,0.599781,0.094066,8.751178
1463700,40.6137,7.425191,0.693847,6.731343,0.599781,0.094066,8.802597
1463800,40.6137,7.425191,0.693847,6.731343,0.599781,0.094066,8.770799
1463900,40.6137,7.425191,0.693847,6.731343,0.599781,0.094066,8.751178
1464000,40.6137,7.425191,0.693847,6.731343,0.599781,0.094066,8.805523
1464100,40.6137,7.425191,0.693847,6.731343,0.599781,0.094066,8.751178
1464200,40.6137,7.425191,0.693847,6.731343,0.599781,0.094066,8.796785
1464300,40.6137,7.425191,0.693847,6.731343,0.599781,0.094066,8.836371
1464400,40.6137,7.425191,0.693847,6.731343,0.599781,0.094066,8.751178
1464500,40.6137,7.425191,0.693847,6.731343,0.599781,0.094066,8.761191
1464600,40.6137,7.425191,0.693847,6.731343,0.599781,0.094066,8.812206
1464700,40.6137,7.425191,0.693847,6.731343,0.599781,0.094066,8.751178
1464800,40.6137,7.425191,0.693847,6.731343,0.599781,0.094066,8.779199
1464900,40.6137,7.425191,0.693847,6.731343,0.599781,0.094066,8.777502
1465000,40.6137,7.425191,0.693847,6.731343,0.599781,0.094066,8.751178
1465100,40.6137,7.425191,0.693847,6.731343,0.599781,0.094066,8.825745
1465200,40.6137,7.425191,0.693847,6.731343,0.599781,0.094066,8.783717
1465300,40.6137,7.425191,0.693847,6.731343,0.599781,0.094066,8.751178
1465400,40.6137,7.425191,0.693847,6.731343,0.599781,0.094066,8.805645
1465500,40.6137,7.425191,0.693847,6.731343,0.599781,0.094066,8.769681
1465600,40.6137,7.425191,0.693847,6.731343,0.599781,0.094066,8.751178
1465700,40.6137,7.425191,0.693847,6.731343,0.599781,0.094066,8.807453
1465800,40.6137,7.425191,0.693847,6.731343,0.599781,0.094066,8.751178
1465900,40.6137,7.425191,0.693847,6.731343,0.599781,0.094066,8.765040
1466000,40.6137,7.425191,0.693847,6.731343,0.599781,0.094066,8.848587
1466100,40.6137,7.425191,0.693847,6.731343,0.599781,0.094066,8.751178
1466200,40.6137,7.425191,0.693847,6.731343,0.599781,0.094066,8.754226
1466300,40.6137,7.425191,0.693847,6.731343,0.599781,0.094066,8.833227
1466400,40.6137,7.425191,0.693847,6.731343,0.599781,0.094066,8.751178
1466500,40.6137,7.425191,0.693847,6.731343,0.599781,0.094066,8.764026
1466600,40.6137,7.425191,0.693847,6.731343,0.599781,0.094066,8.800347
1466700,40.6137,7.425191,0.693847,6.731343,0.599781,0.094066,8.751178
1466800,40.6137,7.425191,0.693847,6.731343,0.599781,0.094066,8.800925
1466900,40.6137,7.425191,0.693847,6.731343,0.599781,0.094066,8.751178
1467000,40.6137,7.425191,0.693847,6.731343,0.599781,0.094066,8.751239
1467100,40.6137,7.425191,0.693847,6.731343,0.599781,0.094066,8.779327
1467200,40.6137,7.425191,0.693847,6.731343,0.599781,0.094066,8.809711
1467300,40.6137,7.425191,0.693847,6.731343,0.599781,0.094066,8.751178
1467400,40.6137,7.425191,0.693847,6.731343,0.599781,0.094066,8.768703
1467500,40.6137,7.425191,0.693847,6.731343,0.599781,0.094066,8.820680
1467600,40.6137,7.425191,0.693847,6.731343,0.599781,0.094066,8.751178
1467700,40.6137,7.425191,0.693847,6.731343,0.599781,0.094066,8.788562
1467800,40.6137,7.425191,0.693847,6.731343,0.599781,0.094066,8.777741
1467900,40.6137,7.425191,0.693847,6.731343,0.599781,0.094066,8.751178
1468000,40.6137,7.425191,0.693847,6.731343,0.599781,0.094066,8.858676
1468100,40.6137,7.425191,0.693847,6.731343,0.599781,0.094066,8.777712
1468200,40.6137,7.425191,0.693847,6.731343,0.599781,0.094066,8.751178
1468300,40.6137,7.425191,0.693847,6.731343,0.599781,0.094066,8.802597
1468400,40.6137,7.425191,0.693847,6.731343,0.599781,0.094066,8.770799
1468500,40.6137,7.425191,0.693847,6.731343,0.599781,0.094066,8.751178
1468600,40.6137,7.425191,0.693847,6.731343,0.599781,0.094066,8.805523
1468700,40.6137,7.425191,0.693847,6.731343,0.599781,0.094066,8.751178
1468800,40.6137,7.425191,0.693847,6.731343,0.599781,0.094066,8.773061
1468900,40.6137,7.425191,0.693847,6.731343,0.599781,0.094066,8.778858
1469000,40.6137,7.425191,0.693847,6.731343,0.599781,0.094066,8.751178
1469100,40.6137,7.425191,0.693847,6.731343,0.599781,0.094066,8.751239
1469200,40.6137,7.425191,0.693847,6.731343,0.599781,0.094066,8.903345
1469300,40.6137,7.425191,0.693847,6.731343,0.599781,0.094066,8.751178
1469400,40.6137,7.425191,0.693847,6.731343,0.599781,0.094066,8.756623
1469500,40.6137,7.425191,0.693847,6.731343,0.599781,0.094066,8.830830
1469600,40.6137,7.425191,0.693847,6.731343,0.599781,0.094066,8.751178
1469700,40.6137,7.425191,0.693847,6.731343,0.599781,0.094066,8.778391
1469800,40.6137,7.425191,0.693847,6.731343,0.599781,0.094066,8.785981
1469900,40.6137,7.425191,0.693847,6.731343,0.599781,0.094066,8.751178
1470000,40.6137,7.425191,0.693847,6.731343,0.599781,0.094066,8.800925
1470100,40.6137,7.425191,0.693847,6.731343,0.599781,0.094066,8.751178
1470200,40.6137,7.425191,0.693847,6.731343,0.599781,0.094066,8.751239
1470300,40.6137,7.425191,0.693847,6.731343,0.599781,0.094066,8.779327
1470400,40.6137,7.425191,0.693847,6.731343,0.599781,0.094066,8.810829
1470500,40.6137,7.425191,0.693847,6.731343,0.599781,0.094066,8.751178
1470600,40.6137,7.425191,0.693847,6.731343,0.599781,0.094066,8.765655
1470700,40.6137,7.425191,0.693847,6.731343,0.599781,0.094066,8.821798
1470800,40.6137,7.425191,0.693847,6.731343,0.599781,0.094066,8.751178
1470900,40.6137,7.425191,0.693847,6.731343,0.599781,0.094066,8.785514
1471000,40.6137,7.425191,0.693847,6.731343,0.599781,0.094066,8.778858
1471100,40.6137,7.425191,0.693847,6.731343,0.599781,0.094066,8.751178
1471200,40.6137,7.425191,0.693847,6.731343,0.599781,0.094066,8.800925
1471300,40.6137,7.425191,0.693847,6.731343,0.599781,0.094066,8.751178
1471400,40.6137,7.425191,0.693847,6.731343,0.599781,0.094066,8.751239
1471500,40.6137,7.425191,0.693847,6.731343,0.599781,0.094066,8.812444
1471600,40.6137,7.425191,0.693847,6.731343,0.599781,0.094066,8.777712
1471700,40.6137,7.425191,0.693847,6.731343,0.599781,0.094066,8.751178
1471800,40.6137,7.425191,0.693847,6.731343,0.599781,0.094066,8.809741
1471900,40.6137,7.425191,0.693847,6.731343,0.599781,0.094066,8.777712
1472000,40.6137,7.425191,0.693847,6.731343,0.599781,0.094066,8.751178
1472100,40.6137,7.425191,0.693847,6.731343,0.599781,0.094066,8.813194
1472200,40.6137,7.425191,0.693847,6.731343,0.599781,0.094066,8.751178
1472300,40.6137,7.425191,0.693847,6.731343,0.599781,0.094066,8.792504
1472400,40.6137,7.425191,0.693847,6.731343,0.599781,0.094066,8.840836
1472500,40.6137,7.425191,0.693847,6.731343,0.599781,0.094066,8.751178
1472600,40.6137,7.425191,0.693847,6.731343,0.599781,0.094066,8.760099
1472700,40.6137,7.425191,0.693847,6.731343,0.599781,0.094066,8.813298
1472800,40.6137,7.425191,0.693847,6.731343,0.599781,0.094066,8.751178
1472900,40.6137,7.425191,0.693847,6.731343,0.599781,0.094066,8.777632
1473000,40.6137,7.425191,0.693847,6.731343,0.599781,0.094066,8.779069
1473100,40.6137,7.425191,0.693847,6.731343,0.599781,0.094066,8.751178
1473200,40.6137,7.425191,0.693847,6.731343,0.599781,0.094066,8.825745
1473300,40.6137,7.425191,0.693847,6.731343,0.599781,0.094066,8.783717
1473400,40.6137,7.425191,0.693847,6.731343,0.599781,0.094066,8.751178
1473500,40.6137,7.425191,0.693847,6.731343,0.599781,0.094066,8.805645
1473600,40.6137,7.425191,0.693847,6.731343,0.599781,0.094066,8.769681
1473700,40.6137,7.425191,0.693847,6.731343,0.599781,0.094066,8.751178
1473800,40.6137,7.425191,0.693847,6.731343,0.599781,0.094066,8.807453
1473900,40.6137,7.425191,0.693847,6.731343,0.599781,0.094066,8.751178
1474000,40.6137,7.425191,0.693847,6.731343,0.599781,0.094066,8.765040
1474100,40.6137,7.425191,0.693847,6.731343,0.599781,0.094066,8.848587
1474200,40.6137,7.425191,0.693847,6.731343,0.599781,0.094066,8.751178
1474300,40.6137,7.425191,0.693847,6.731343,0.599781,0.094066,8.756623
1474400,40.6137,7.425191,0.693847,6.731343,0.599781,0.094066,8.830830
1474500,40.6137,7.425191,0.693847,6.731343,0.599781,0.094066,8.751178
1474600,40.6137,7.425191,0.693847,6.731343,0.599781,0.094066,8.778391
1474700,40.6137,7.425191,0.693847,6.731343,0.599781,0.094066,8.785981
1474800,40.6137,7.425191,0.693847,6.731343,0.599781,0.094066,8.751178
1474900,40.6137,7.425191,0.693847,6.731343,0.599781,0.094066,8.800925
1475000,40.6137,7.425191,0.693847,6.731343,0.599781,0.094066,8.751178
1475100,40.6137,7.425191,0.693847,6.731343,0.599781,0.094066,8.751239
1475200,40.6137,7.425191,0.693847,6.731343,0.599781,0.094066,8.779327
1475300,40.6137,7.425191,0.693847,6.731343,0.599781,0.094066,8.809711
1475400,40.6137,7.425191,0.693847,6.731343,0.599781,0.094066,8.751178
1475500,40.6137,7.425191,0.693847,6.731343,0.599781,0.094066,8.768703
1475600,40.6137,7.425191,0.693847,6.731343,0.599781,0.094066,8.807741
1475700,40.6137,7.425191,0.693847,6.731343,0.599781,0.094066,8.751178
1475800,40.6137,7.425191,0.693847,6.731343,0.599781,0.094066,8.784755
1475900,40.6137,7.425191,0.693847,6.731343,0.599781,0.094066,8.771946
1476000,40.6137,7.425191,0.693847,6.731343,0.599781,0.094066,8.751178
1476100,40.6137,7.425191,0.693847,6.731343,0.599781,0.094066,8.855445
1476200,40.6137,7.425191,0.693847,6.731343,0.599781,0.094066,8.777712
1476300,40.6137,7.425191,0.693847,6.731343,0.599781,0.094066,8.751178
1476400,40.6137,7.425191,0.693847,6.731343,0.599781,0.094066,8.802597
1476500,40.6137,7.425191,0.693847,6.731343,0.599781,0.094066,8.770799
1476600,40.6137,7.425191,0.693847,6.731343,0.599781,0.094066,8.751178
1476700,40.6137,7.425191,0.693847,6.731343,0.599781,0.094066,8.805523
1476800,40.6137,7.425191,0.693847,6.731343,0.599781,0.094066,8.751178
1476900,40.6137,7.425191,0.693847,6.731343,0.599781,0.094066,8.774208
1477000,40.6137,7.425191,0.693847,6.731343,0.599781,0.094066,8.777712
1477100,40.6137,7.425191,0.693847,6.731343,0.599781,0.094066,8.751178
1477200,40.6137,7.425191,0.693847,6.731343,0.599781,0.094066,8.751239
1477300,40.6137,7.425191,0.693847,6.731343,0.599781,0.094066,8.851311
1477400,40.6137,7.425191,0.693847,6.731343,0.599781,0.094066,8.822011
1477500,40.6137,7.425191,0.693847,6.731343,0.599781,0.094066,8.751178
1477600,40.6137,7.425191,0.693847,6.731343,0.599781,0.094066,8.781263
1477700,40.6137,7.425191,0.693847,6.731343,0.599781,0.094066,8.783109
1477800,40.6137,7.425191,0.693847,6.731343,0.599781,0.094066,8.751178
1477900,40.6137,7.425191,0.693847,6.731343,0.599781,0.094066,8.800925
1478000,40.6137,7.425191,0.693847,6.731343,0.599781,0.094066,8.751178
1478100,40.6137,7.425191,0.693847,6.731343,0.599781,0.094066,8.751239
1478200,40.6137,7.425191,0.693847,6.731343,0.599781,0.094066,8.800295
1478300,40.6137,7.425191,0.693847,6.731343,0.599781,0.094066,8.832014
1478400,40.6137,7.425191,0.693847,6.731343,0.599781,0.094066,8.839435
1478500,40.6137,7.425191,0.693847,6.731343,0.599781,0.094066,8.789927
1478600,40.6137,7.425191,0.693847,6.731343,0.599781,0.094066,8.751178
1478700,40.6137,7.425191,0.693847,6.731343,0.599781,0.094066,8.751239
1478800,40.6137,7.425191,0.693847,6.731343,0.599781,0.094066,8.816985
1478900,40.6137,7.425191,0.693847,6.731343,0.599781,0.094066,8.777712
1479000,40.6137,7.425191,0.693847,6.731343,0.599781,0.094066,8.751178
1479100,40.6137,7.425191,0.693847,6.731343,0.599781,0.094066,8.795548
1479200,40.6137,7.425191,0.693847,6.731343,0.599781,0.094066,8.763886
1479300,40.6137,7.425191,0.693847,6.731343,0.599781,0.094066,8.751178
1479400,40.6137,7.425191,0.693847,6.731343,0.599781,0.094066,8.798474
1479500,40.6137,7.425191,0.693847,6.731343,0.599781,0.094066,8.751178
1479600,40.6137,7.425191,0.693847,6.731343,0.599781,0.094066,8.789898
1479700,40.6137,7.425191,0.693847,6.731343,0.599781,0.094066,8.850065
1479800,40.6137,7.425191,0.693847,6.731343,0.599781,0.094066,8.859760
1479900,40.6137,7.425191,0.693847,6.731343,0.599781,0.094066,8.854551
1480000,40.6137,7.425191,0.693847,6.731343,0.599781,0.094066,8.780845
1480100,40.6137,7.425191,0.693847,6.731343,0.599781,0.094066,8.751178
1480200,40.6137,7.425191,0.693847,6.731343,0.599781,0.094066,8.805645
1480300,40.6137,7.425191,0.693847,6.731343,0.599781,0.094066,8.770799
1480400,40.6137,7.425191,0.693847,6.731343,0.599781,0.094066,8.751178
1480500,40.6137,7.425191,0.693847,6.731343,0.599781,0.094066,8.805523
1480600,40.6137,7.425191,0.693847,6.731343,0.599781,0.094066,8.751178
1480700,40.6137,7.425191,0.693847,6.731343,0.599781,0.094066,8.773061
1480800,40.6137,7.425191,0.693847,6.731343,0.599781,0.094066,8.850065
1480900,40.6137,7.425191,0.693847,6.731343,0.599781,0.094066,8.821798
1481000,40.6137,7.425191,0.693847,6.731343,0.599781,0.094066,8.751178
1481100,40.6137,7.425191,0.693847,6.731343,0.599781,0.094066,8.785514
1481200,40.6137,7.425191,0.693847,6.731343,0.599781,0.094066,8.778858
1481300,40.6137,7.425191,0.693847,6.731343,0.599781,0.094066,8.751178
1481400,40.6137,7.425191,0.693847,6.731343,0.599781,0.094066,8.800925
1481500,40.6137,7.425191,0.693847,6.731343,0.599781,0.094066,8.751178
1481600,40.6137,7.425191,0.693847,6.731343,0.599781,0.094066,8.751239
1481700,40.6137,7.425191,0.693847,6.731343,0.599781,0.094066,8.800295
1481800,40.6137,7.425191,0.693847,6.731343,0.599781,0.094066,8.788743
1481900,40.6137,7.425191,0.693847,6.731343,0.599781,0.094066,8.751178
1482000,40.6137,7.425191,0.693847,6.731343,0.599781,0.094066,8.795774
1482100,40.6137,7.425191,0.693847,6.731343,0.599781,0.094066,8.779552
1482200,40.6137,7.425191,0.693847,6.731343,0.599781,0.094066,8.751178
1482300,40.6137,7.425191,0.693847,6.731343,0.599781,0.094066,8.806278
1482400,40.6137,7.425191,0.693847,6.731343,0.599781,0.094066,8.752353
1482500,40.6137,7.425191,0.693847,6.731343,0.599781,0.094066,8.755407
1482600,40.6137,7.425191,0.693847,6.731343,0.599781,0.094066,8.854264
1482700,40.6137,7.425191,0.693847,6.731343,0.599781,0.094066,8.827201
1482800,40.6137,7.425191,0.693847,6.731343,0.599781,0.094066,8.844314
1482900,40.6137,7.425191,0.693847,6.731343,0.599781,0.094066,8.777712
1483000,40.6137,7.425191,0.693847,6.731343,0.599781,0.094066,8.751178
1483100,40.6137,7.425191,0.693847,6.731343,0.599781,0.094066,8.751239
1483200,40.6137,7.425191,0.693847,6.731343,0.599781,0.094066,8.838978
1483300,40.6137,7.425191,0.693847,6.731343,0.599781,0.094066,8.751178
1483400,40.6137,7.425191,0.693847,6.731343,0.599781,0.094066,8.765655
1483500,40.6137,7.425191,0.693847,6.731343,0.599781,0.094066,8.821798
1483600,40.6137,7.425191,0.693847,6.731343,0.599781,0.094066,8.751178
1483700,40.6137,7.425191,0.693847,6.731343,0.599781,0.094066,8.785514
1483800,40.6137,7.425191,0.693847,6.731343,0.599781,0.094066,8.778858
1483900,40.6137,7.425191,0.693847,6.731343,0.599781,0.094066,8.751178
1484000,40.6137,7.425191,0.693847,6.731343,0.599781,0.094066,8.800925
1484100,40.6137,7.425191,0.693847,6.731343,0.599781,0.094066,8.751178
1484200,40.6137,7.425191,0.693847,6.731343,0.599781,0.094066,8.751239
1484300,40.6137,7.425191,0.693847,6.731343,0.599781,0.094066,8.805321
1484400,40.6137,7.425191,0.693847,6.731343,0.599781,0.094066,8.784835
1484500,40.6137,7.425191,0.693847,6.731343,0.599781,0.094066,8.751178
1484600,40.6137,7.425191,0.693847,6.731343,0.599781,0.094066,8.802597
1484700,40.6137,7.425191,0.693847,6.731343,0.599781,0.094066,8.770799
1484800,40.6137,7.425191,0.693847,6.731343,0.599781,0.094066,8.751178
1484900,40.6137,7.425191,0.693847,6.731343,0.599781,0.094066,8.805523
1485000,40.6137,7.425191,0.693847,6.731343,0.599781,0.094066,8.751178
1485100,40.6137,7.425191,0.693847,6.731343,0.599781,0.094066,8.768141
1485200,40.6137,7.425191,0.693847,6.731343,0.599781,0.094066,8.783779
1485300,40.6137,7.425191,0.693847,6.731343,0.599781,0.094066,8.751178
1485400,40.6137,7.425191,0.693847,6.731343,0.599781,0.094066,8.751239
1485500,40.6137,7.425191,0.693847,6.731343,0.599781,0.094066,8.812444
1485600,40.6137,7.425191,0.693847,6.731343,0.599781,0.094066,8.777712
1485700,40.6137,7.425191,0.693847,6.731343,0.599781,0.094066,8.752117
1485800,40.6137,7.425191,0.693847,6.731343,0.599781,0.094066,8.835336
1485900,40.6137,7.425191,0.693847,6.731343,0.599781,0.094066,8.751178
1486000,40.6137,7.425191,0.693847,6.731343,0.599781,0.094066,8.757878
1486100,40.6137,7.425191,0.693847,6.731343,0.599781,0.094066,8.806495
1486200,40.6137,7.425191,0.693847,6.731343,0.599781,0.094066,8.751178
1486300,40.6137,7.425191,0.693847,6.731343,0.599781,0.094066,8.796968
1486400,40.6137,7.425191,0.693847,6.731343,0.599781,0.094066,8.836371
1486500,40.6137,7.425191,0.693847,6.731343,0.599781,0.094066,8.751178
1486600,40.6137,7.425191,0.693847,6.731343,0.599781,0.094066,8.765655
1486700,40.6137,7.425191,0.693847,6.731343,0.599781,0.094066,8.807741
1486800,40.6137,7.425191,0.693847,6.731343,0.599781,0.094066,8.751178
1486900,40.6137,7.425191,0.693847,6.731343,0.599781,0.094066,8.784755
1487000,40.6137,7.425191,0.693847,6.731343,0.599781,0.094066,8.771946
1487100,40.6137,7.425191,0.693847,6.731343,0.599781,0.094066,8.751178
1487200,40.6137,7.425191,0.693847,6.731343,0.599781,0.094066,8.832868
1487300,40.6137,7.425191,0.693847,6.731343,0.599781,0.094066,8.777712
1487400,40.6137,7.425191,0.693847,6.731343,0.599781,0.094066,8.751178
1487500,40.6137,7.425191,0.693847,6.731343,0.599781,0.094066,8.802597
1487600,40.6137,7.425191,0.693847,6.731343,0.599781,0.094066,8.770799
1487700,40.6137,7.425191,0.693847,6.731343,0.599781,0.094066,8.751178
1487800,40.6137,7.425191,0.693847,6.731343,0.599781,0.094066,8.805523
1487900,40.6137,7.425191,0.693847,6.731343,0.599781,0.094066,8.751178
1488000,40.6137,7.425191,0.693847,6.731343,0.599781,0.094066,8.774208
1488100,40.6137,7.425191,0.693847,6.731343,0.599781,0.094066,8.836371
1488200,40.6137,7.425191,0.693847,6.731343,0.599781,0.094066,8.751178
1488300,40.6137,7.425191,0.693847,6.731343,0.599781,0.094066,8.765655
1488400,40.6137,7.425191,0.693847,6.731343,0.599781,0.094066,8.821798
1488500,40.6137,7.425191,0.693847,6.731343,0.599781,0.094066,8.751178
1488600,40.6137,7.425191,0.693847,6.731343,0.599781,0.094066,8.785514
1488700,40.6137,7.425191,0.693847,6.731343,0.599781,0.094066,8.778858
1488800,40.6137,7.425191,0.693847,6.731343,0.599781,0.094066,8.751178
1488900,40.6137,7.425191,0.693847,6.731343,0.599781,0.094066,8.800925
1489000,40.6137,7.425191,0.693847,6.731343,0.599781,0.094066,8.751178
1489100,40.6137,7.425191,0.693847,6.731343,0.599781,0.094066,8.751239
1489200,40.6137,7.425191,0.693847,6.731343,0.599781,0.094066,8.783868
1489300,40.6137,7.425191,0.693847,6.731343,0.599781,0.094066,8.809711
1489400,40.6137,7.425191,0.693847,6.731343,0.599781,0.094066,8.751178
1489500,40.6137,7.425191,0.693847,6.731343,0.599781,0.094066,8.768703
1489600,40.6137,7.425191,0.693847,6.731343,0.599781,0.094066,8.807741
1489700,40.6137,7.425191,0.693847,6.731343,0.599781,0.094066,8.751178
1489800,40.6137,7.425191,0.693847,6.731343,0.599781,0.094066,8.784755
1489900,40.6137,7.425191,0.693847,6.731343,0.599781,0.094066,8.771946
1490000,40.6137,7.425191,0.693847,6.731343,0.599781,0.094066,8.751178
1490100,40.6137,7.425191,0.693847,6.731343,0.599781,0.094066,8.855445
1490200,40.6137,7.425191,0.693847,6.731343,0.599781,0.094066,8.777712
1490300,40.6137,7.425191,0.693847,6.731343,0.599781,0.094066,8.751178
1490400,40.6137,7.425191,0.693847,6.731343,0.599781,0.094066,8.802597
1490500,40.6137,7.425191,0.693847,6.731343,0.599781,0.094066,8.770799
1490600,40.6137,7.425191,0.693847,6.731343,0.599781,0.094066,8.751178
1490700,40.6137,7.425191,0.693847,6.731343,0.599781,0.094066,8.805523
1490800,40.6137,7.425191,0.693847,6.731343,0.599781,0.094066,8.751178
1490900,40.6137,7.425191,0.693847,6.731343,0.599781,0.094066,8.774208
1491000,40.6137,7.425191,0.693847,6.731343,0.599781,0.094066,8.777712
1491100,40.6137,7.425191,0.693847,6.731343,0.599781,0.094066,8.751178
1491200,40.6137,7.425191,0.693847,6.731343,0.599781,0.094066,8.751239
1491300,40.6137,7.425191,0.693847,6.731343,0.599781,0.094066,8.838978
1491400,40.6137,7.425191,0.693847,6.731343,0.599781,0.094066,8.751178
1491500,40.6137,7.425191,0.693847,6.731343,0.599781,0.094066,8.759885
1491600,40.6137,7.425191,0.693847,6.731343,0.599781,0.094066,8.813511
1491700,40.6137,7.425191,0.693847,6.731343,0.599781,0.094066,8.751178
1491800,40.6137,7.425191,0.693847,6.731343,0.599781,0.094066,8.777632
1491900,40.6137,7.425191,0.693847,6.731343,0.599781,0.094066,8.779069
1492000,40.6137,7.425191,0.693847,6.731343,0.599781,0.094066,8.751178
1492100,40.6137,7.425191,0.693847,6.731343,0.599781,0.094066,8.800742
1492200,40.6137,7.425191,0.693847,6.731343,0.599781,0.094066,8.751178
1492300,40.6137,7.425191,0.693847,6.731343,0.599781,0.094066,8.751239
1492400,40.6137,7.425191,0.693847,6.731343,0.599781,0.094066,8.782068
1492500,40.6137,7.425191,0.693847,6.731343,0.599781,0.094066,8.808087
1492600,40.6137,7.425191,0.693847,6.731343,0.599781,0.094066,8.751178
1492700,40.6137,7.425191,0.693847,6.731343,0.599781,0.094066,8.793939
1492800,40.6137,7.425191,0.693847,6.731343,0.599781,0.094066,8.792396
1492900,40.6137,7.425191,0.693847,6.731343,0.599781,0.094066,8.751178
1493000,40.6137,7.425191,0.693847,6.731343,0.599781,0.094066,8.789495
1493100,40.6137,7.425191,0.693847,6.731343,0.599781,0.094066,8.776807
1493200,40.6137,7.425191,0.693847,6.731343,0.599781,0.094066,8.752117
1493300,40.6137,7.425191,0.693847,6.731343,0.599781,0.094066,8.803034
1493400,40.6137,7.425191,0.693847,6.731343,0.599781,0.094066,8.751178
1493500,40.6137,7.425191,0.693847,6.731343,0.599781,0.094066,8.751239
1493600,40.6137,7.425191,0.693847,6.731343,0.599781,0.094066,8.812444
1493700,40.6137,7.425191,0.693847,6.731343,0.599781,0.094066,8.777712
1493800,40.6137,7.425191,0.693847,6.731343,0.599781,0.094066,8.751178
1493900,40.6137,7.425191,0.693847,6.731343,0.599781,0.094066,8.802597
1494000,40.6137,7.425191,0.693847,6.731343,0.599781,0.094066,8.770799
1494100,40.6137,7.425191,0.693847,6.731343,0.599781,0.094066,8.751178
1494200,40.6137,7.425191,0.693847,6.731343,0.599781,0.094066,8.805523
1494300,40.6137,7.425191,0.693847,6.731343,0.599781,0.094066,8.751178
1494400,40.6137,7.425191,0.693847,6.731343,0.599781,0.094066,8.796785
1494500,40.6137,7.425191,0.693847,6.731343,0.599781,0.094066,8.836371
1494600,40.6137,7.425191,0.693847,6.731343,0.599781,0.094066,8.751178
1494700,40.6137,7.425191,0.693847,6.731343,0.599781,0.094066,8.765442
1494800,40.6137,7.425191,0.693847,6.731343,0.599781,0.094066,8.822011
1494900,40.6137,7.425191,0.693847,6.731343,0.599781,0.094066,8.751178
1495000,40.6137,7.425191,0.693847,6.731343,0.599781,0.094066,8.781263
1495100,40.6137,7.425191,0.693847,6.731343,0.599781,0.094066,8.783109
1495200,40.6137,7.425191,0.693847,6.731343,0.599781,0.094066,8.751178
1495300,40.6137,7.425191,0.693847,6.731343,0.599781,0.094066,8.825929
1495400,40.6137,7.425191,0.693847,6.731343,0.599781,0.094066,8.783717
1495500,40.6137,7.425191,0.693847,6.731343,0.599781,0.094066,8.751178
1495600,40.6137,7.425191,0.693847,6.731343,0.599781,0.094066,8.812789
1495700,40.6137,7.425191,0.693847,6.731343,0.599781,0.094066,8.776594
1495800,40.6137,7.425191,0.693847,6.731343,0.599781,0.094066,8.751178
1495900,40.6137,7.425191,0.693847,6.731343,0.599781,0.094066,8.815124
1496000,40.6137,7.425191,0.693847,6.731343,0.599781,0.094066,8.751178
1496100,40.6137,7.425191,0.693847,6.731343,0.599781,0.094066,8.765176
1496200,40.6137,7.425191,0.693847,6.731343,0.599781,0.094066,8.848634
1496300,40.6137,7.425191,0.693847,6.731343,0.599781,0.094066,8.751178
1496400,40.6137,7.425191,0.693847,6.731343,0.599781,0.094066,8.758319
1496500,40.6137,7.425191,0.693847,6.731343,0.599781,0.094066,8.829134
1496600,40.6137,7.425191,0.693847,6.731343,0.599781,0.094066,8.751178
1496700,40.6137,7.425191,0.693847,6.731343,0.599781,0.094066,8.778391
1496800,40.6137,7.425191,0.693847,6.731343,0.599781,0.094066,8.785981
1496900,40.6137,7.425191,0.693847,6.731343,0.599781,0.094066,8.751178
1497000,40.6137,7.425191,0.693847,6.731343,0.599781,0.094066,8.800925
1497100,40.6137,7.425191,0.693847,6.731343,0.599781,0.094066,8.751178
1497200,40.6137,7.425191,0.693847,6.731343,0.599781,0.094066,8.751239
1497300,40.6137,7.425191,0.693847,6.731343,0.599781,0.094066,8.780502
1497400,40.6137,7.425191,0.693847,6.731343,0.599781,0.094066,8.808536
1497500,40.6137,7.425191,0.693847,6.731343,0.599781,0.094066,8.751178
1497600,40.6137,7.425191,0.693847,6.731343,0.599781,0.094066,8.768703
1497700,40.6137,7.425191,0.693847,6.731343,0.599781,0.094066,8.806624
1497800,40.6137,7.425191,0.693847,6.731343,0.599781,0.094066,8.751178
1497900,40.6137,7.425191,0.693847,6.731343,0.599781,0.094066,8.787803
1498000,40.6137,7.425191,0.693847,6.731343,0.599781,0.094066,8.770828
1498100,40.6137,7.425191,0.693847,6.731343,0.599781,0.094066,8.751178
1498200,40.6137,7.425191,0.693847,6.731343,0.599781,0.094066,8.858492
1498300,40.6137,7.425191,0.693847,6.731343,0.599781,0.094066,8.777712
1498400,40.6137,7.425191,0.693847,6.731343,0.599781,0.094066,8.751178
1498500,40.6137,7.425191,0.693847,6.731343,0.599781,0.094066,8.809741
1498600,40.6137,7.425191,0.693847,6.731343,0.599781,0.094066,8.777712
1498700,40.6137,7.425191,0.693847,6.731343,0.599781,0.094066,8.751178
1498800,40.6137,7.425191,0.693847,6.731343,0.599781,0.094066,8.813194
1498900,40.6137,7.425191,0.693847,6.731343,0.599781,0.094066,8.751178
1499000,40.6137,7.425191,0.693847,6.731343,0.599781,0.094066,8.774392
1499100,40.6137,7.425191,0.693847,6.731343,0.599781,0.094066,8.777712
1499200,40.6137,7.425191,0.693847,6.731343,0.599781,0.094066,8.751178
1499300,40.6137,7.425191,0.693847,6.731343,0.599781,0.094066,8.751239
1499400,40.6137,7.425191,0.693847,6.731343,0.599781,0.094066,8.907886
1499500,40.6137,7.425191,0.693847,6.731343,0.599781,0.094066,8.751178
1499600,40.6137,7.425191,0.693847,6.731343,0.599781,0.094066,8.759885
1499700,40.6137,7.425191,0.693847,6.731343,0.599781,0.094066,8.813511
1499800,40.6137,7.425191,0.693847,6.731343,0.599781,0.094066,8.751178
1499900,40.6137,7.425191,0.693847,6.731343,0.599781,0.094066,8.777632
1500000,40.6137,7.425191,0.693847,6.731343,0.599781,0.094066,8.779069
1500100,40.6137,7.425191,0.693847,6.731343,0.599781,0.094066,8.751178
1500200,40.6137,7.425191,0.693847,6.731343,0.599781,0.094066,8.800742
1500300,40.6137,7.425191,0.693847,6.731343,0.599781,0.094066,8.751178
1500400,40.6137,7.425191,0.693847,6.731343,0.599781,0.094066,8.751239
1500500,40.6137,7.425191,0.693847,6.731343,0.599781,0.094066,8.782068
1500600,40.6137,7.425191,0.693847,6.731343,0.599781,0.094066,8.808087
1500700,40.6137,7.425191,0.693847,6.731343,0.599781,0.094066,8.751178
1500800,40.6137,7.425191,0.693847,6.731343,0.599781,0.094066,8.793939
1500900,40.6137,7.425191,0.693847,6.731343,0.599781,0.094066,8.793513
1501000,40.6137,7.425191,0.693847,6.731343,0.599781,0.094066,8.751178
1501100,40.6137,7.425191,0.693847,6.731343,0.599781,0.094066,8.786661
1501200,40.6137,7.425191,0.693847,6.731343,0.599781,0.094066,8.777712
1501300,40.6137,7.425191,0.693847,6.731343,0.599781,0.094066,8.752117
1501400,40.6137,7.425191,0.693847,6.731343,0.599781,0.094066,8.799986
1501500,40.6137,7.425191,0.693847,6.731343,0.599781,0.094066,8.751178
1501600,40.6137,7.425191,0.693847,6.731343,0.599781,0.094066,8.751239
1501700,40.6137,7.425191,0.693847,6.731343,0.599781,0.094066,8.812444
1501800,40.6137,7.425191,0.693847,6.731343,0.599781,0.094066,8.777712
1501900,40.6137,7.425191,0.693847,6.731343,0.599781,0.094066,8.751178
1502000,40.6137,7.425191,0.693847,6.731343,0.599781,0.094066,8.809741
1502100,40.6137,7.425191,0.693847,6.731343,0.599781,0.094066,8.777712
1502200,40.6137,7.425191,0.693847,6.731343,0.599781,0.094066,8.751178
1502300,40.6137,7.425191,0.693847,6.731343,0.599781,0.094066,8.813194
1502400,40.6137,7.425191,0.693847,6.731343,0.599781,0.094066,8.751178
1502500,40.6137,7.425191,0.693847,6.731343,0.599781,0.094066,8.796968
1502600,40.6137,7.425191,0.693847,6.731343,0.599781,0.094066,8.836371
1502700,40.6137,7.425191,0.693847,6.731343,0.599781,0.094066,8.751178
1502800,40.6137,7.425191,0.693847,6.731343,0.599781,0.094066,8.765442
1502900,40.6137,7.425191,0.693847,6.731343,0.599781,0.094066,8.807955
1503000,40.6137,7.425191,0.693847,6.731343,0.599781,0.094066,8.751178
1503100,40.6137,7.425191,0.693847,6.731343,0.599781,0.094066,8.784755
1503200,40.6137,7.425191,0.693847,6.731343,0.599781,0.094066,8.771946
1503300,40.6137,7.425191,0.693847,6.731343,0.599781,0.094066,8.751178
1503400,40.6137,7.425191,0.693847,6.731343,0.599781,0.094066,8.825745
1503500,40.6137,7.425191,0.693847,6.731343,0.599781,0.094066,8.783717
1503600,40.6137,7.425191,0.693847,6.731343,0.599781,0.094066,8.751178
1503700,40.6137,7.425191,0.693847,6.731343,0.599781,0.094066,8.812789
1503800,40.6137,7.425191,0.693847,6.731343,0.599781,0.094066,8.776594
1503900,40.6137,7.425191,0.693847,6.731343,0.599781,0.094066,8.751178
1504000,40.6137,7.425191,0.693847,6.731343,0.599781,0.094066,8.815124
1504100,40.6137,7.425191,0.693847,6.731343,0.599781,0.094066,8.751178
1504200,40.6137,7.425191,0.693847,6.731343,0.599781,0.094066,8.768048
1504300,40.6137,7.425191,0.693847,6.731343,0.599781,0.094066,8.845762
1504400,40.6137,7.425191,0.693847,6.731343,0.599781,0.094066,8.751178
1504500,40.6137,7.425191,0.693847,6.731343,0.599781,0.094066,8.759885
1504600,40.6137,7.425191,0.693847,6.731343,0.599781,0.094066,8.813511
1504700,40.6137,7.425191,0.693847,6.731343,0.599781,0.094066,8.751178
1504800,40.6137,7.425191,0.693847,6.731343,0.599781,0.094066,8.777632
1504900,40.6137,7.425191,0.693847,6.731343,0.599781,0.094066,8.779069
1505000,40.6137,7.425191,0.693847,6.731343,0.599781,0.094066,8.751178
1505100,40.6137,7.425191,0.693847,6.731343,0.599781,0.094066,8.800742
1505200,40.6137,7.425191,0.693847,6.731343,0.599781,0.094066,8.751178
1505300,40.6137,7.425191,0.693847,6.731343,0.599781,0.094066,8.751239
1505400,40.6137,7.425191,0.693847,6.731343,0.599781,0.094066,8.782068
1505500,40.6137,7.425191,0.693847,6.731343,0.599781,0.094066,8.806970
1505600,40.6137,7.425191,0.693847,6.731343,0.599781,0.094066,8.751178
1505700,40.6137,7.425191,0.693847,6.731343,0.599781,0.094066,8.768703
1505800,40.6137,7.425191,0.693847,6.731343,0.599781,0.094066,8.820680
1505900,40.6137,7.425191,0.693847,6.731343,0.599781,0.094066,8.751178
1506000,40.6137,7.425191,0.693847,6.731343,0.599781,0.094066,8.788562
1506100,40.6137,7.425191,0.693847,6.731343,0.599781,0.094066,8.777741
1506200,40.6137,7.425191,0.693847,6.731343,0.599781,0.094066,8.751178
1506300,40.6137,7.425191,0.693847,6.731343,0.599781,0.094066,8.858676
1506400,40.6137,7.425191,0.693847,6.731343,0.599781,0.094066,8.777712
1506500,40.6137,7.425191,0.693847,6.731343,0.599781,0.094066,8.751178
1506600,40.6137,7.425191,0.693847,6.731343,0.599781,0.094066,8.802597
1506700,40.6137,7.425191,0.693847,6.731343,0.599781,0.094066,8.770799
1506800,40.6137,7.425191,0.693847,6.731343,0.599781,0.094066,8.751178
1506900,40.6137,7.425191,0.693847,6.731343,0.599781,0.094066,8.805523
1507000,40.6137,7.425191,0.693847,6.731343,0.599781,0.094066,8.751178
1507100,40.6137,7.425191,0.693847,6.731343,0.599781,0.094066,8.774208
1507200,40.6137,7.425191,0.693847,6.731343,0.599781,0.094066,8.777712
1507300,40.6137,7.425191,0.693847,6.731343,0.599781,0.094066,8.751178
1507400,40.6137,7.425191,0.693847,6.731343,0.599781,0.094066,8.751239
1507500,40.6137,7.425191,0.693847,6.731343,0.599781,0.094066,8.851311
1507600,40.6137,7.425191,0.693847,6.731343,0.599781,0.094066,8.854417
1507700,40.6137,7.425191,0.693847,6.731343,0.599781,0.094066,8.826676
1507800,40.6137,7.425191,0.693847,6.731343,0.599781,0.094066,8.751178
1507900,40.6137,7.425191,0.693847,6.731343,0.599781,0.094066,8.751239
1508000,40.6137,7.425191,0.693847,6.731343,0.599781,0.094066,8.800295
1508100,40.6137,7.425191,0.693847,6.731343,0.599781,0.094066,8.789861
1508200,40.6137,7.425191,0.693847,6.731343,0.599781,0.094066,8.751178
1508300,40.6137,7.425191,0.693847,6.731343,0.599781,0.094066,8.802618
1508400,40.6137,7.425191,0.693847,6.731343,0.599781,0.094066,8.784835
1508500,40.6137,7.425191,0.693847,6.731343,0.599781,0.094066,8.751178
1508600,40.6137,7.425191,0.693847,6.731343,0.599781,0.094066,8.813194
1508700,40.6137,7.425191,0.693847,6.731343,0.599781,0.094066,8.751178
1508800,40.6137,7.425191,0.693847,6.731343,0.599781,0.094066,8.762129
1508900,40.6137,7.425191,0.693847,6.731343,0.599781,0.094066,8.789974
1509000,40.6137,7.425191,0.693847,6.731343,0.599781,0.094066,8.751178
1509100,40.6137,7.425191,0.693847,6.731343,0.599781,0.094066,8.751239
1509200,40.6137,7.425191,0.693847,6.731343,0.599781,0.094066,8.816985
1509300,40.6137,7.425191,0.693847,6.731343,0.599781,0.094066,8.777712
1509400,40.6137,7.425191,0.693847,6.731343,0.599781,0.094066,8.751178
1509500,40.6137,7.425191,0.693847,6.731343,0.599781,0.094066,8.802597
1509600,40.6137,7.425191,0.693847,6.731343,0.599781,0.094066,8.770799
1509700,40.6137,7.425191,0.693847,6.731343,0.599781,0.094066,8.751178
1509800,40.6137,7.425191,0.693847,6.731343,0.599781,0.094066,8.805523
1509900,40.6137,7.425191,0.693847,6.731343,0.599781,0.094066,8.751178
1510000,40.6137,7.425191,0.693847,6.731343,0.599781,0.094066,8.787669
1510100,40.6137,7.425191,0.693847,6.731343,0.599781,0.094066,8.845488
1510200,40.6137,7.425191,0.693847,6.731343,0.599781,0.094066,8.751178
1510300,40.6137,7.425191,0.693847,6.731343,0.599781,0.094066,8.754226
1510400,40.6137,7.425191,0.693847,6.731343,0.599781,0.094066,8.819171
1510500,40.6137,7.425191,0.693847,6.731343,0.599781,0.094066,8.751178
1510600,40.6137,7.425191,0.693847,6.731343,0.599781,0.094066,8.763890
1510700,40.6137,7.425191,0.693847,6.731343,0.599781,0.094066,8.792811
1510800,40.6137,7.425191,0.693847,6.731343,0.599781,0.094066,8.751178
1510900,40.6137,7.425191,0.693847,6.731343,0.599781,0.094066,8.820718
1511000,40.6137,7.425191,0.693847,6.731343,0.599781,0.094066,8.788743
1511100,40.6137,7.425191,0.693847,6.731343,0.599781,0.094066,8.751178
1511200,40.6137,7.425191,0.693847,6.731343,0.599781,0.094066,8.804519
1511300,40.6137,7.425191,0.693847,6.731343,0.599781,0.094066,8.784864
1511400,40.6137,7.425191,0.693847,6.731343,0.599781,0.094066,8.751178
1511500,40.6137,7.425191,0.693847,6.731343,0.599781,0.094066,8.802416
1511600,40.6137,7.425191,0.693847,6.731343,0.599781,0.094066,8.763886
1511700,40.6137,7.425191,0.693847,6.731343,0.599781,0.094066,8.754231
1511800,40.6137,7.425191,0.693847,6.731343,0.599781,0.094066,8.833046
1511900,40.6137,7.425191,0.693847,6.731343,0.599781,0.094066,8.851455
1512000,40.6137,7.425191,0.693847,6.731343,0.599781,0.094066,8.846593
1512100,40.6137,7.425191,0.693847,6.731343,0.599781,0.094066,8.751178
1512200,40.6137,7.425191,0.693847,6.731343,0.599781,0.094066,8.751239
1512300,40.6137,7.425191,0.693847,6.731343,0.599781,0.094066,8.779327
1512400,40.6137,7.425191,0.693847,6.731343,0.599781,0.094066,8.809711
1512500,40.6137,7.425191,0.693847,6.731343,0.599781,0.094066,8.751178
1512600,40.6137,7.425191,0.693847,6.731343,0.599781,0.094066,8.768703
1512700,40.6137,7.425191,0.693847,6.731343,0.599781,0.094066,8.807741
1512800,40.6137,7.425191,0.693847,6.731343,0.599781,0.094066,8.751178
1512900,40.6137,7.425191,0.693847,6.731343,0.599781,0.094066,8.784755
1513000,40.6137,7.425191,0.693847,6.731343,0.599781,0.094066,8.771946
1513100,40.6137,7.425191,0.693847,6.731343,0.599781,0.094066,8.751178
1513200,40.6137,7.425191,0.693847,6.731343,0.599781,0.094066,8.855445
1513300,40.6137,7.425191,0.693847,6.731343,0.599781,0.094066,8.827201
1513400,40.6137,7.425191,0.693847,6.731343,0.599781,0.094066,8.844314
1513500,40.6137,7.425191,0.693847,6.731343,0.599781,0.094066,8.777712
1513600,40.6137,7.425191,0.693847,6.731343,0.599781,0.094066,8.751178
1513700,40.6137,7.425191,0.693847,6.731343,0.599781,0.094066,8.751239
1513800,40.6137,7.425191,0.693847,6.731343,0.599781,0.094066,8.838978
1513900,40.6137,7.425191,0.693847,6.731343,0.599781,0.094066,8.751178
1514000,40.6137,7.425191,0.693847,6.731343,0.599781,0.094066,8.765442
1514100,40.6137,7.425191,0.693847,6.731343,0.599781,0.094066,8.820893
1514200,40.6137,7.425191,0.693847,6.731343,0.599781,0.094066,8.751178
1514300,40.6137,7.425191,0.693847,6.731343,0.599781,0.094066,8.784311
1514400,40.6137,7.425191,0.693847,6.731343,0.599781,0.094066,8.781992
1514500,40.6137,7.425191,0.693847,6.731343,0.599781,0.094066,8.751178
1514600,40.6137,7.425191,0.693847,6.731343,0.599781,0.094066,8.803973
1514700,40.6137,7.425191,0.693847,6.731343,0.599781,0.094066,8.751178
1514800,40.6137,7.425191,0.693847,6.731343,0.599781,0.094066,8.751239
1514900,40.6137,7.425191,0.693847,6.731343,0.599781,0.094066,8.787625
1515000,40.6137,7.425191,0.693847,6.731343,0.599781,0.094066,8.850894
1515100,40.6137,7.425191,0.693847,6.731343,0.599781,0.094066,8.855089
1515200,40.6137,7.425191,0.693847,6.731343,0.599781,0.094066,8.789974
1515300,40.6137,7.425191,0.693847,6.731343,0.599781,0.094066,8.751178
1515400,40.6137,7.425191,0.693847,6.731343,0.599781,0.094066,8.751239
1515500,40.6137,7.425191,0.693847,6.731343,0.599781,0.094066,8.812444
1515600,40.6137,7.425191,0.693847,6.731343,0.599781,0.094066,8.777712
1515700,40.6137,7.425191,0.693847,6.731343,0.599781,0.094066,8.751178
1515800,40.6137,7.425191,0.693847,6.731343,0.599781,0.094066,8.814130
1515900,40.6137,7.425191,0.693847,6.731343,0.599781,0.094066,8.759266
1516000,40.6137,7.425191,0.693847,6.731343,0.599781,0.094066,8.753292
1516100,40.6137,7.425191,0.693847,6.731343,0.599781,0.094066,8.803409
1516200,40.6137,7.425191,0.693847,6.731343,0.599781,0.094066,8.751178
1516300,40.6137,7.425191,0.693847,6.731343,0.599781,0.094066,8.796785
1516400,40.6137,7.425191,0.693847,6.731343,0.599781,0.094066,8.836371
1516500,40.6137,7.425191,0.693847,6.731343,0.599781,0.094066,8.751178
1516600,40.6137,7.425191,0.693847,6.731343,0.599781,0.094066,8.765655
1516700,40.6137,7.425191,0.693847,6.731343,0.599781,0.094066,8.793779
1516800,40.6137,7.425191,0.693847,6.731343,0.599781,0.094066,8.751178
1516900,40.6137,7.425191,0.693847,6.731343,0.599781,0.094066,8.784619
1517000,40.6137,7.425191,0.693847,6.731343,0.599781,0.094066,8.765033
1517100,40.6137,7.425191,0.693847,6.731343,0.599781,0.094066,8.751178
1517200,40.6137,7.425191,0.693847,6.731343,0.599781,0.094066,8.832684
1517300,40.6137,7.425191,0.693847,6.731343,0.599781,0.094066,8.776594
1517400,40.6137,7.425191,0.693847,6.731343,0.599781,0.094066,8.751178
1517500,40.6137,7.425191,0.693847,6.731343,0.599781,0.094066,8.812789
1517600,40.6137,7.425191,0.693847,6.731343,0.599781,0.094066,8.776594
1517700,40.6137,7.425191,0.693847,6.731343,0.599781,0.094066,8.751178
1517800,40.6137,7.425191,0.693847,6.731343,0.599781,0.094066,8.816242
1517900,40.6137,7.425191,0.693847,6.731343,0.599781,0.094066,8.751178
1518000,40.6137,7.425191,0.693847,6.731343,0.599781,0.094066,8.774178
1518100,40.6137,7.425191,0.693847,6.731343,0.599781,0.094066,8.835467
1518200,40.6137,7.425191,0.693847,6.731343,0.599781,0.094066,8.751178
1518300,40.6137,7.425191,0.693847,6.731343,0.599781,0.094066,8.768703
1518400,40.6137,7.425191,0.693847,6.731343,0.599781,0.094066,8.806624
1518500,40.6137,7.425191,0.693847,6.731343,0.599781,0.094066,8.751178
1518600,40.6137,7.425191,0.693847,6.731343,0.599781,0.094066,8.787803
1518700,40.6137,7.425191,0.693847,6.731343,0.599781,0.094066,8.770828
1518800,40.6137,7.425191,0.693847,6.731343,0.599781,0.094066,8.751178
1518900,40.6137,7.425191,0.693847,6.731343,0.599781,0.094066,8.803789
1519000,40.6137,7.425191,0.693847,6.731343,0.599781,0.094066,8.751178
1519100,40.6137,7.425191,0.693847,6.731343,0.599781,0.094066,8.751239
1519200,40.6137,7.425191,0.693847,6.731343,0.599781,0.094066,8.783868
1519300,40.6137,7.425191,0.693847,6.731343,0.599781,0.094066,8.810829
1519400,40.6137,7.425191,0.693847,6.731343,0.599781,0.094066,8.751178
1519500,40.6137,7.425191,0.693847,6.731343,0.599781,0.094066,8.765655
1519600,40.6137,7.425191,0.693847,6.731343,0.599781,0.094066,8.839388
1519700,40.6137,7.425191,0.693847,6.731343,0.599781,0.094066,8.874282
1519800,40.6137,7.425191,0.693847,6.731343,0.599781,0.094066,8.820152
1519900,40.6137,7.425191,0.693847,6.731343,0.599781,0.094066,8.830168
1520000,40.6137,7.425191,0.693847,6.731343,0.599781,0.094066,8.777712
1520100,40.6137,7.425191,0.693847,6.731343,0.599781,0.094066,8.751178
1520200,40.6137,7.425191,0.693847,6.731343,0.599781,0.094066,8.751239
1520300,40.6137,7.425191,0.693847,6.731343,0.599781,0.094066,8.838978
1520400,40.6137,7.425191,0.693847,6.731343,0.599781,0.094066,8.751178
1520500,40.6137,7.425191,0.693847,6.731343,0.599781,0.094066,8.765442
1520600,40.6137,7.425191,0.693847,6.731343,0.599781,0.094066,8.820893
1520700,40.6137,7.425191,0.693847,6.731343,0.599781,0.094066,8.751178
1520800,40.6137,7.425191,0.693847,6.731343,0.599781,0.094066,8.788562
1520900,40.6137,7.425191,0.693847,6.731343,0.599781,0.094066,8.777741
1521000,40.6137,7.425191,0.693847,6.731343,0.599781,0.094066,8.751178
1521100,40.6137,7.425191,0.693847,6.731343,0.599781,0.094066,8.803973
1521200,40.6137,7.425191,0.693847,6.731343,0.599781,0.094066,8.751178
1521300,40.6137,7.425191,0.693847,6.731343,0.599781,0.094066,8.751239
1521400,40.6137,7.425191,0.693847,6.731343,0.599781,0.094066,8.800295
1521500,40.6137,7.425191,0.693847,6.731343,0.599781,0.094066,8.789861
1521600,40.6137,7.425191,0.693847,6.731343,0.599781,0.094066,8.751178
1521700,40.6137,7.425191,0.693847,6.731343,0.599781,0.094066,8.792727
1521800,40.6137,7.425191,0.693847,6.731343,0.599781,0.094066,8.780670
1521900,40.6137,7.425191,0.693847,6.731343,0.599781,0.094066,8.751178
1522000,40.6137,7.425191,0.693847,6.731343,0.599781,0.094066,8.805523
1522100,40.6137,7.425191,0.693847,6.731343,0.599781,0.094066,8.751178
1522200,40.6137,7.425191,0.693847,6.731343,0.599781,0.094066,8.753292
1522300,40.6137,7.425191,0.693847,6.731343,0.599781,0.094066,8.798627
1522400,40.6137,7.425191,0.693847,6.731343,0.599781,0.094066,8.751178
1522500,40.6137,7.425191,0.693847,6.731343,0.599781,0.094066,8.751239
1522600,40.6137,7.425191,0.693847,6.731343,0.599781,0.094066,8.812444
1522700,40.6137,7.425191,0.693847,6.731343,0.599781,0.094066,8.777712
1522800,40.6137,7.425191,0.693847,6.731343,0.599781,0.094066,8.751178
1522900,40.6137,7.425191,0.693847,6.731343,0.599781,0.094066,8.802597
1523000,40.6137,7.425191,0.693847,6.731343,0.599781,0.094066,8.770799
1523100,40.6137,7.425191,0.693847,6.731343,0.599781,0.094066,8.751178
1523200,40.6137,7.425191,0.693847,6.731343,0.599781,0.094066,8.805523
1523300,40.6137,7.425191,0.693847,6.731343,0.599781,0.094066,8.751178
1523400,40.6137,7.425191,0.693847,6.731343,0.599781,0.094066,8.796785
1523500,40.6137,7.425191,0.693847,6.731343,0.599781,0.094066,8.836371
1523600,40.6137,7.425191,0.693847,6.731343,0.599781,0.094066,8.751178
1523700,40.6137,7.425191,0.693847,6.731343,0.599781,0.094066,8.765655
1523800,40.6137,7.425191,0.693847,6.731343,0.599781,0.094066,8.821798
1523900,40.6137,7.425191,0.693847,6.731343,0.599781,0.094066,8.751178
1524000,40.6137,7.425191,0.693847,6.731343,0.599781,0.094066,8.785514
1524100,40.6137,7.425191,0.693847,6.731343,0.599781,0.094066,8.778858
1524200,40.6137,7.425191,0.693847,6.731343,0.599781,0.094066,8.751178
1524300,40.6137,7.425191,0.693847,6.731343,0.599781,0.094066,8.833051
1524400,40.6137,7.425191,0.693847,6.731343,0.599781,0.094066,8.776594
1524500,40.6137,7.425191,0.693847,6.731343,0.599781,0.094066,8.751178
1524600,40.6137,7.425191,0.693847,6.731343,0.599781,0.094066,8.805645
1524700,40.6137,7.425191,0.693847,6.731343,0.599781,0.094066,8.769681
1524800,40.6137,7.425191,0.693847,6.731343,0.599781,0.094066,8.751178
1524900,40.6137,7.425191,0.693847,6.731343,0.599781,0.094066,8.808570
1525000,40.6137,7.425191,0.693847,6.731343,0.599781,0.094066,8.751178
1525100,40.6137,7.425191,0.693847,6.731343,0.599781,0.094066,8.773061
1525200,40.6137,7.425191,0.693847,6.731343,0.599781,0.094066,8.837518
1525300,40.6137,7.425191,0.693847,6.731343,0.599781,0.094066,8.751178
1525400,40.6137,7.425191,0.693847,6.731343,0.599781,0.094066,8.765442
1525500,40.6137,7.425191,0.693847,6.731343,0.599781,0.094066,8.807955
1525600,40.6137,7.425191,0.693847,6.731343,0.599781,0.094066,8.751178
1525700,40.6137,7.425191,0.693847,6.731343,0.599781,0.094066,8.784755
1525800,40.6137,7.425191,0.693847,6.731343,0.599781,0.094066,8.771946
1525900,40.6137,7.425191,0.693847,6.731343,0.599781,0.094066,8.751178
1526000,40.6137,7.425191,0.693847,6.731343,0.599781,0.094066,8.800742
1526100,40.6137,7.425191,0.693847,6.731343,0.599781,0.094066,8.751178
1526200,40.6137,7.425191,0.693847,6.731343,0.599781,0.094066,8.751239
1526300,40.6137,7.425191,0.693847,6.731343,0.599781,0.094066,8.800295
1526400,40.6137,7.425191,0.693847,6.731343,0.599781,0.094066,8.788743
1526500,40.6137,7.425191,0.693847,6.731343,0.599781,0.094066,8.751178
1526600,40.6137,7.425191,0.693847,6.731343,0.599781,0.094066,8.788725
1526700,40.6137,7.425191,0.693847,6.731343,0.599781,0.094066,8.773757
1526800,40.6137,7.425191,0.693847,6.731343,0.599781,0.094066,8.751178
1526900,40.6137,7.425191,0.693847,6.731343,0.599781,0.094066,8.798474
1527000,40.6137,7.425191,0.693847,6.731343,0.599781,0.094066,8.751178
1527100,40.6137,7.425191,0.693847,6.731343,0.599781,0.094066,8.753292
1527200,40.6137,7.425191,0.693847,6.731343,0.599781,0.094066,8.853147
1527300,40.6137,7.425191,0.693847,6.731343,0.599781,0.094066,8.777712
1527400,40.6137,7.425191,0.693847,6.731343,0.599781,0.094066,8.751178
1527500,40.6137,7.425191,0.693847,6.731343,0.599781,0.094066,8.802597
1527600,40.6137,7.425191,0.693847,6.731343,0.599781,0.094066,8.770799
1527700,40.6137,7.425191,0.693847,6.731343,0.599781,0.094066,8.751178
1527800,40.6137,7.425191,0.693847,6.731343,0.599781,0.094066,8.805523
1527900,40.6137,7.425191,0.693847,6.731343,0.599781,0.094066,8.751178
1528000,40.6137,7.425191,0.693847,6.731343,0.599781,0.094066,8.774208
1528100,40.6137,7.425191,0.693847,6.731343,0.599781,0.094066,8.777712
1528200,40.6137,7.425191,0.693847,6.731343,0.599781,0.094066,8.751178
1528300,40.6137,7.425191,0.693847,6.731343,0.599781,0.094066,8.751239
1528400,40.6137,7.425191,0.693847,6.731343,0.599781,0.094066,8.838978
1528500,40.6137,7.425191,0.693847,6.731343,0.599781,0.094066,8.751178
1528600,40.6137,7.425191,0.693847,6.731343,0.599781,0.094066,8.765655
1528700,40.6137,7.425191,0.693847,6.731343,0.599781,0.094066,8.807741
1528800,40.6137,7.425191,0.693847,6.731343,0.599781,0.094066,8.751178
1528900,40.6137,7.425191,0.693847,6.731343,0.599781,0.094066,8.784755
1529000,40.6137,7.425191,0.693847,6.731343,0.599781,0.094066,8.771946
1529100,40.6137,7.425191,0.693847,6.731343,0.599781,0.094066,8.751178
1529200,40.6137,7.425191,0.693847,6.731343,0.599781,0.094066,8.800742
1529300,40.6137,7.425191,0.693847,6.731343,0.599781,0.094066,8.751178
1529400,40.6137,7.425191,0.693847,6.731343,0.599781,0.094066,8.751239
1529500,40.6137,7.425191,0.693847,6.731343,0.599781,0.094066,8.800295
1529600,40.6137,7.425191,0.693847,6.731343,0.599781,0.094066,8.789861
1529700,40.6137,7.425191,0.693847,6.731343,0.599781,0.094066,8.751178
1529800,40.6137,7.425191,0.693847,6.731343,0.599781,0.094066,8.795475
1529900,40.6137,7.425191,0.693847,6.731343,0.599781,0.094066,8.777922
1530000,40.6137,7.425191,0.693847,6.731343,0.599781,0.094066,8.751178
1530100,40.6137,7.425191,0.693847,6.731343,0.599781,0.094066,8.805523
1530200,40.6137,7.425191,0.693847,6.731343,0.599781,0.094066,8.751178
1530300,40.6137,7.425191,0.693847,6.731343,0.599781,0.094066,8.761993
1530400,40.6137,7.425191,0.693847,6.731343,0.599781,0.094066,8.789927
1530500,40.6137,7.425191,0.693847,6.731343,0.599781,0.094066,8.751178
1530600,40.6137,7.425191,0.693847,6.731343,0.599781,0.094066,8.751239
1530700,40.6137,7.425191,0.693847,6.731343,0.599781,0.094066,8.812444
1530800,40.6137,7.425191,0.693847,6.731343,0.599781,0.094066,8.777712
1530900,40.6137,7.425191,0.693847,6.731343,0.599781,0.094066,8.751178
1531000,40.6137,7.425191,0.693847,6.731343,0.599781,0.094066,8.828187
1531100,40.6137,7.425191,0.693847,6.731343,0.599781,0.094066,8.758149
1531200,40.6137,7.425191,0.693847,6.731343,0.599781,0.094066,8.754231
1531300,40.6137,7.425191,0.693847,6.731343,0.599781,0.094066,8.812071
1531400,40.6137,7.425191,0.693847,6.731343,0.599781,0.094066,8.751178
1531500,40.6137,7.425191,0.693847,6.731343,0.599781,0.094066,8.800016
1531600,40.6137,7.425191,0.693847,6.731343,0.599781,0.094066,8.836371
1531700,40.6137,7.425191,0.693847,6.731343,0.599781,0.094066,8.751178
1531800,40.6137,7.425191,0.693847,6.731343,0.599781,0.094066,8.765655
1531900,40.6137,7.425191,0.693847,6.731343,0.599781,0.094066,8.807741
1532000,40.6137,7.425191,0.693847,6.731343,0.599781,0.094066,8.751178
1532100,40.6137,7.425191,0.693847,6.731343,0.599781,0.094066,8.784755
1532200,40.6137,7.425191,0.693847,6.731343,0.599781,0.094066,8.771946
1532300,40.6137,7.425191,0.693847,6.731343,0.599781,0.094066,8.751178
1532400,40.6137,7.425191,0.693847,6.731343,0.599781,0.094066,8.832868
1532500,40.6137,7.425191,0.693847,6.731343,0.599781,0.094066,8.776594
1532600,40.6137,7.425191,0.693847,6.731343,0.599781,0.094066,8.751178
1532700,40.6137,7.425191,0.693847,6.731343,0.599781,0.094066,8.805645
1532800,40.6137,7.425191,0.693847,6.731343,0.599781,0.094066,8.769681
1532900,40.6137,7.425191,0.693847,6.731343,0.599781,0.094066,8.751178
1533000,40.6137,7.425191,0.693847,6.731343,0.599781,0.094066,8.807453
1533100,40.6137,7.425191,0.693847,6.731343,0.599781,0.094066,8.751178
1533200,40.6137,7.425191,0.693847,6.731343,0.599781,0.094066,8.776109
1533300,40.6137,7.425191,0.693847,6.731343,0.599781,0.094066,8.836401
1533400,40.6137,7.425191,0.693847,6.731343,0.599781,0.094066,8.751178
1533500,40.6137,7.425191,0.693847,6.731343,0.599781,0.094066,8.768489
1533600,40.6137,7.425191,0.693847,6.731343,0.599781,0.094066,8.820893
1533700,40.6137,7.425191,0.693847,6.731343,0.599781,0.094066,8.751178
1533800,40.6137,7.425191,0.693847,6.731343,0.599781,0.094066,8.788562
1533900,40.6137,7.425191,0.693847,6.731343,0.599781,0.094066,8.777741
1534000,40.6137,7.425191,0.693847,6.731343,0.599781,0.094066,8.751178
1534100,40.6137,7.425191,0.693847,6.731343,0.599781,0.094066,8.803973
1534200,40.6137,7.425191,0.693847,6.731343,0.599781,0.094066,8.751178
1534300,40.6137,7.425191,0.693847,6.731343,0.599781,0.094066,8.751239
1534400,40.6137,7.425191,0.693847,6.731343,0.599781,0.094066,8.800295
1534500,40.6137,7.425191,0.693847,6.731343,0.599781,0.094066,8.788743
1534600,40.6137,7.425191,0.693847,6.731343,0.599781,0.094066,8.751178
1534700,40.6137,7.425191,0.693847,6.731343,0.599781,0.094066,8.800477
1534800,40.6137,7.425191,0.693847,6.731343,0.599781,0.094066,8.788906
1534900,40.6137,7.425191,0.693847,6.731343,0.599781,0.094066,8.751178
1535000,40.6137,7.425191,0.693847,6.731343,0.599781,0.094066,8.812774
1535100,40.6137,7.425191,0.693847,6.731343,0.599781,0.094066,8.753529
1535200,40.6137,7.425191,0.693847,6.731343,0.599781,0.094066,8.754231
1535300,40.6137,7.425191,0.693847,6.731343,0.599781,0.094066,8.855623
1535400,40.6137,7.425191,0.693847,6.731343,0.599781,0.094066,8.777712
1535500,40.6137,7.425191,0.693847,6.731343,0.599781,0.094066,8.751178
1535600,40.6137,7.425191,0.693847,6.731343,0.599781,0.094066,8.795548
1535700,40.6137,7.425191,0.693847,6.731343,0.599781,0.094066,8.763886
1535800,40.6137,7.425191,0.693847,6.731343,0.599781,0.094066,8.751178
1535900,40.6137,7.425191,0.693847,6.731343,0.599781,0.094066,8.798474
1536000,40.6137,7.425191,0.693847,6.731343,0.599781,0.094066,8.751178
1536100,40.6137,7.425191,0.693847,6.731343,0.599781,0.094066,8.774025
1536200,40.6137,7.425191,0.693847,6.731343,0.599781,0.094066,8.777712
1536300,40.6137,7.425191,0.693847,6.731343,0.599781,0.094066,8.751178
1536400,40.6137,7.425191,0.693847,6.731343,0.599781,0.094066,8.751239
1536500,40.6137,7.425191,0.693847,6.731343,0.599781,0.094066,8.851525
1536600,40.6137,7.425191,0.693847,6.731343,0.599781,0.094066,8.854204
1536700,40.6137,7.425191,0.693847,6.731343,0.599781,0.094066,8.826676
1536800,40.6137,7.425191,0.693847,6.731343,0.599781,0.094066,8.751178
1536900,40.6137,7.425191,0.693847,6.731343,0.599781,0.094066,8.751239
1537000,40.6137,7.425191,0.693847,6.731343,0.599781,0.094066,8.805321
1537100,40.6137,7.425191,0.693847,6.731343,0.599781,0.094066,8.784835
1537200,40.6137,7.425191,0.693847,6.731343,0.599781,0.094066,8.751178
1537300,40.6137,7.425191,0.693847,6.731343,0.599781,0.094066,8.802597
1537400,40.6137,7.425191,0.693847,6.731343,0.599781,0.094066,8.770799
1537500,40.6137,7.425191,0.693847,6.731343,0.599781,0.094066,8.751178
1537600,40.6137,7.425191,0.693847,6.731343,0.599781,0.094066,8.805523
1537700,40.6137,7.425191,0.693847,6.731343,0.599781,0.094066,8.751178
1537800,40.6137,7.425191,0.693847,6.731343,0.599781,0.094066,8.765957
1537900,40.6137,7.425191,0.693847,6.731343,0.599781,0.094066,8.785963
1538000,40.6137,7.425191,0.693847,6.731343,0.599781,0.094066,8.751178
1538100,40.6137,7.425191,0.693847,6.731343,0.599781,0.094066,8.751239
1538200,40.6137,7.425191,0.693847,6.731343,0.599781,0.094066,8.816985
1538300,40.6137,7.425191,0.693847,6.731343,0.599781,0.094066,8.777712
1538400,40.6137,7.425191,0.693847,6.731343,0.599781,0.094066,8.751178
1538500,40.6137,7.425191,0.693847,6.731343,0.599781,0.094066,8.809741
1538600,40.6137,7.425191,0.693847,6.731343,0.599781,0.094066,8.777712
1538700,40.6137,7.425191,0.693847,6.731343,0.599781,0.094066,8.751178
1538800,40.6137,7.425191,0.693847,6.731343,0.599781,0.094066,8.813194
1538900,40.6137,7.425191,0.693847,6.731343,0.599781,0.094066,8.751178
1539000,40.6137,7.425191,0.693847,6.731343,0.599781,0.094066,8.791198
1539100,40.6137,7.425191,0.693847,6.731343,0.599781,0.094066,8.842141
1539200,40.6137,7.425191,0.693847,6.731343,0.599781,0.094066,8.751178
1539300,40.6137,7.425191,0.693847,6.731343,0.599781,0.094066,8.759885
1539400,40.6137,7.425191,0.693847,6.731343,0.599781,0.094066,8.813511
1539500,40.6137,7.425191,0.693847,6.731343,0.599781,0.094066,8.751178
1539600,40.6137,7.425191,0.693847,6.731343,0.599781,0.094066,8.777632
1539700,40.6137,7.425191,0.693847,6.731343,0.599781,0.094066,8.779069
1539800,40.6137,7.425191,0.693847,6.731343,0.599781,0.094066,8.751178
1539900,40.6137,7.425191,0.693847,6.731343,0.599781,0.094066,8.825745
1540000,40.6137,7.425191,0.693847,6.731343,0.599781,0.094066,8.783717
1540100,40.6137,7.425191,0.693847,6.731343,0.599781,0.094066,8.751178
1540200,40.6137,7.425191,0.693847,6.731343,0.599781,0.094066,8.801394
1540300,40.6137,7.425191,0.693847,6.731343,0.599781,0.094066,8.773932
1540400,40.6137,7.425191,0.693847,6.731343,0.599781,0.094066,8.751178
1540500,40.6137,7.425191,0.693847,6.731343,0.599781,0.094066,8.808570
1540600,40.6137,7.425191,0.693847,6.731343,0.599781,0.094066,8.751178
1540700,40.6137,7.425191,0.693847,6.731343,0.599781,0.094066,8.761993
1540800,40.6137,7.425191,0.693847,6.731343,0.599781,0.094066,8.853798
1540900,40.6137,7.425191,0.693847,6.731343,0.599781,0.094066,8.854417
1541000,40.6137,7.425191,0.693847,6.731343,0.599781,0.094066,8.833799
1541100,40.6137,7.425191,0.693847,6.731343,0.599781,0.094066,8.751178
1541200,40.6137,7.425191,0.693847,6.731343,0.599781,0.094066,8.751239
1541300,40.6137,7.425191,0.693847,6.731343,0.599781,0.094066,8.787625
1541400,40.6137,7.425191,0.693847,6.731343,0.599781,0.094066,8.801413
1541500,40.6137,7.425191,0.693847,6.731343,0.599781,0.094066,8.751178
1541600,40.6137,7.425191,0.693847,6.731343,0.599781,0.094066,8.798292
1541700,40.6137,7.425191,0.693847,6.731343,0.599781,0.094066,8.791090
1541800,40.6137,7.425191,0.693847,6.731343,0.599781,0.094066,8.751178
1541900,40.6137,7.425191,0.693847,6.731343,0.599781,0.094066,8.789708
1542000,40.6137,7.425191,0.693847,6.731343,0.599781,0.094066,8.776594
1542100,40.6137,7.425191,0.693847,6.731343,0.599781,0.094066,8.753056
1542200,40.6137,7.425191,0.693847,6.731343,0.599781,0.094066,8.856798
1542300,40.6137,7.425191,0.693847,6.731343,0.599781,0.094066,8.777712
1542400,40.6137,7.425191,0.693847,6.731343,0.599781,0.094066,8.751178
1542500,40.6137,7.425191,0.693847,6.731343,0.599781,0.094066,8.809741
1542600,40.6137,7.425191,0.693847,6.731343,0.599781,0.094066,8.777712
1542700,40.6137,7.425191,0.693847,6.731343,0.599781,0.094066,8.751178
1542800,40.6137,7.425191,0.693847,6.731343,0.599781,0.094066,8.813194
1542900,40.6137,7.425191,0.693847,6.731343,0.599781,0.094066,8.751178
1543000,40.6137,7.425191,0.693847,6.731343,0.599781,0.094066,8.774392
1543100,40.6137,7.425191,0.693847,6.731343,0.599781,0.094066,8.777712
1543200,40.6137,7.425191,0.693847,6.731343,0.599781,0.094066,8.751178
1543300,40.6137,7.425191,0.693847,6.731343,0.599781,0.094066,8.751239
1543400,40.6137,7.425191,0.693847,6.731343,0.599781,0.094066,8.838978
1543500,40.6137,7.425191,0.693847,6.731343,0.599781,0.094066,8.751178
1543600,40.6137,7.425191,0.693847,6.731343,0.599781,0.094066,8.765442
1543700,40.6137,7.425191,0.693847,6.731343,0.599781,0.094066,8.793993
1543800,40.6137,7.425191,0.693847,6.731343,0.599781,0.094066,8.751178
1543900,40.6137,7.425191,0.693847,6.731343,0.599781,0.094066,8.784619
1544000,40.6137,7.425191,0.693847,6.731343,0.599781,0.094066,8.765033
1544100,40.6137,7.425191,0.693847,6.731343,0.599781,0.094066,8.751178
1544200,40.6137,7.425191,0.693847,6.731343,0.599781,0.094066,8.800558
1544300,40.6137,7.425191,0.693847,6.731343,0.599781,0.094066,8.751178
1544400,40.6137,7.425191,0.693847,6.731343,0.599781,0.094066,8.751239
1544500,40.6137,7.425191,0.693847,6.731343,0.599781,0.094066,8.800295
1544600,40.6137,7.425191,0.693847,6.731343,0.599781,0.094066,8.789861
1544700,40.6137,7.425191,0.693847,6.731343,0.599781,0.094066,8.751178
1544800,40.6137,7.425191,0.693847,6.731343,0.599781,0.094066,8.801471
1544900,40.6137,7.425191,0.693847,6.731343,0.599781,0.094066,8.785981
1545000,40.6137,7.425191,0.693847,6.731343,0.599781,0.094066,8.751178
1545100,40.6137,7.425191,0.693847,6.731343,0.599781,0.094066,8.813194
1545200,40.6137,7.425191,0.693847,6.731343,0.599781,0.094066,8.751178
1545300,40.6137,7.425191,0.693847,6.731343,0.599781,0.094066,8.754226
1545400,40.6137,7.425191,0.693847,6.731343,0.599781,0.094066,8.797878
1545500,40.6137,7.425191,0.693847,6.731343,0.599781,0.094066,8.751178
1545600,40.6137,7.425191,0.693847,6.731343,0.599781,0.094066,8.751239
1545700,40.6137,7.425191,0.693847,6.731343,0.599781,0.094066,8.812444
1545800,40.6137,7.425191,0.693847,6.731343,0.599781,0.094066,8.834345
1545900,40.6137,7.425191,0.693847,6.731343,0.599781,0.094066,8.881658
1546000,40.6137,7.425191,0.693847,6.731343,0.599781,0.094066,8.836371
1546100,40.6137,7.425191,0.693847,6.731343,0.599781,0.094066,8.751178
1546200,40.6137,7.425191,0.693847,6.731343,0.599781,0.094066,8.765655
1546300,40.6137,7.425191,0.693847,6.731343,0.599781,0.094066,8.807741
1546400,40.6137,7.425191,0.693847,6.731343,0.599781,0.094066,8.751178
1546500,40.6137,7.425191,0.693847,6.731343,0.599781,0.094066,8.784755
1546600,40.6137,7.425191,0.693847,6.731343,0.599781,0.094066,8.771946
1546700,40.6137,7.425191,0.693847,6.731343,0.599781,0.094066,8.751178
1546800,40.6137,7.425191,0.693847,6.731343,0.599781,0.094066,8.832868
1546900,40.6137,7.425191,0.693847,6.731343,0.599781,0.094066,8.776594
1547000,40.6137,7.425191,0.693847,6.731343,0.599781,0.094066,8.751178
1547100,40.6137,7.425191,0.693847,6.731343,0.599781,0.094066,8.805645
1547200,40.6137,7.425191,0.693847,6.731343,0.599781,0.094066,8.769681
1547300,40.6137,7.425191,0.693847,6.731343,0.599781,0.094066,8.751178
1547400,40.6137,7.425191,0.693847,6.731343,0.599781,0.094066,8.807453
1547500,40.6137,7.425191,0.693847,6.731343,0.599781,0.094066,8.751178
1547600,40.6137,7.425191,0.693847,6.731343,0.599781,0.094066,8.777256
1547700,40.6137,7.425191,0.693847,6.731343,0.599781,0.094066,8.836371
1547800,40.6137,7.425191,0.693847,6.731343,0.599781,0.094066,8.751178
1547900,40.6137,7.425191,0.693847,6.731343,0.599781,0.094066,8.765655
1548000,40.6137,7.425191,0.693847,6.731343,0.599781,0.094066,8.807741
1548100,40.6137,7.425191,0.693847,6.731343,0.599781,0.094066,8.751178
1548200,40.6137,7.425191,0.693847,6.731343,0.599781,0.094066,8.784755
1548300,40.6137,7.425191,0.693847,6.731343,0.599781,0.094066,8.771946
1548400,40.6137,7.425191,0.693847,6.731343,0.599781,0.094066,8.751178
1548500,40.6137,7.425191,0.693847,6.731343,0.599781,0.094066,8.800742
1548600,40.6137,7.425191,0.693847,6.731343,0.599781,0.094066,8.751178
1548700,40.6137,7.425191,0.693847,6.731343,0.599781,0.094066,8.751239
1548800,40.6137,7.425191,0.693847,6.731343,0.599781,0.094066,8.783868
1548900,40.6137,7.425191,0.693847,6.731343,0.599781,0.094066,8.809711
1549000,40.6137,7.425191,0.693847,6.731343,0.599781,0.094066,8.751178
1549100,40.6137,7.425191,0.693847,6.731343,0.599781,0.094066,8.768703
1549200,40.6137,7.425191,0.693847,6.731343,0.599781,0.094066,8.807741
1549300,40.6137,7.425191,0.693847,6.731343,0.599781,0.094066,8.751178
1549400,40.6137,7.425191,0.693847,6.731343,0.599781,0.094066,8.784755
1549500,40.6137,7.425191,0.693847,6.731343,0.599781,0.094066,8.771946
1549600,40.6137,7.425191,0.693847,6.731343,0.599781,0.094066,8.751178
1549700,40.6137,7.425191,0.693847,6.731343,0.599781,0.094066,8.855445
1549800,40.6137,7.425191,0.693847,6.731343,0.599781,0.094066,8.820152
1549900,40.6137,7.425191,0.693847,6.731343,0.599781,0.094066,8.830168
1550000,40.6137,7.425191,0.693847,6.731343,0.599781,0.094066,8.777712
1550100,40.6137,7.425191,0.693847,6.731343,0.599781,0.094066,8.751178
1550200,40.6137,7.425191,0.693847,6.731343,0.599781,0.094066,8.751239
1550300,40.6137,7.425191,0.693847,6.731343,0.599781,0.094066,8.838978
1550400,40.6137,7.425191,0.693847,6.731343,0.599781,0.094066,8.751178
1550500,40.6137,7.425191,0.693847,6.731343,0.599781,0.094066,8.765442
1550600,40.6137,7.425191,0.693847,6.731343,0.599781,0.094066,8.807955
1550700,40.6137,7.425191,0.693847,6.731343,0.599781,0.094066,8.751178
1550800,40.6137,7.425191,0.693847,6.731343,0.599781,0.094066,8.780504
1550900,40.6137,7.425191,0.693847,6.731343,0.599781,0.094066,8.776197
1551000,40.6137,7.425191,0.693847,6.731343,0.599781,0.094066,8.751178
1551100,40.6137,7.425191,0.693847,6.731343,0.599781,0.094066,8.800742
1551200,40.6137,7.425191,0.693847,6.731343,0.599781,0.094066,8.751178
1551300,40.6137,7.425191,0.693847,6.731343,0.599781,0.094066,8.751239
1551400,40.6137,7.425191,0.693847,6.731343,0.599781,0.094066,8.800295
1551500,40.6137,7.425191,0.693847,6.731343,0.599781,0.094066,8.789861
1551600,40.6137,7.425191,0.693847,6.731343,0.599781,0.094066,8.751178
1551700,40.6137,7.425191,0.693847,6.731343,0.599781,0.094066,8.792727
1551800,40.6137,7.425191,0.693847,6.731343,0.599781,0.094066,8.780670
1551900,40.6137,7.425191,0.693847,6.731343,0.599781,0.094066,8.751178
1552000,40.6137,7.425191,0.693847,6.731343,0.599781,0.094066,8.805523
1552100,40.6137,7.425191,0.693847,6.731343,0.599781,0.094066,8.751178
1552200,40.6137,7.425191,0.693847,6.731343,0.599781,0.094066,8.753292
1552300,40.6137,7.425191,0.693847,6.731343,0.599781,0.094066,8.798627
1552400,40.6137,7.425191,0.693847,6.731343,0.599781,0.094066,8.751178
1552500,40.6137,7.425191,0.693847,6.731343,0.599781,0.094066,8.751239
1552600,40.6137,7.425191,0.693847,6.731343,0.599781,0.094066,8.812444
1552700,40.6137,7.425191,0.693847,6.731343,0.599781,0.094066,8.777712
1552800,40.6137,7.425191,0.693847,6.731343,0.599781,0.094066,8.751178
1552900,40.6137,7.425191,0.693847,6.731343,0.599781,0.094066,8.802597
1553000,40.6137,7.425191,0.693847,6.731343,0.599781,0.094066,8.770799
1553100,40.6137,7.425191,0.693847,6.731343,0.599781,0.094066,8.751178
1553200,40.6137,7.425191,0.693847,6.731343,0.599781,0.094066,8.805523
1553300,40.6137,7.425191,0.693847,6.731343,0.599781,0.094066,8.751178
1553400,40.6137,7.425191,0.693847,6.731343,0.599781,0.094066,8.796785
1553500,40.6137,7.425191,0.693847,6.731343,0.599781,0.094066,8.836371
1553600,40.6137,7.425191,0.693847,6.731343,0.599781,0.094066,8.751178
1553700,40.6137,7.425191,0.693847,6.731343,0.599781,0.094066,8.765655
1553800,40.6137,7.425191,0.693847,6.731343,0.599781,0.094066,8.807741
1553900,40.6137,7.425191,0.693847,6.731343,0.599781,0.094066,8.751178
1554000,40.6137,7.425191,0.693847,6.731343,0.599781,0.094066,8.784755
1554100,40.6137,7.425191,0.693847,6.731343,0.599781,0.094066,8.771946
1554200,40.6137,7.425191,0.693847,6.731343,0.599781,0.094066,8.751178
1554300,40.6137,7.425191,0.693847,6.731343,0.599781,0.094066,8.832868
1554400,40.6137,7.425191,0.693847,6.731343,0.599781,0.094066,8.776594
1554500,40.6137,7.425191,0.693847,6.731343,0.599781,0.094066,8.751178
1554600,40.6137,7.425191,0.693847,6.731343,0.599781,0.094066,8.805645
1554700,40.6137,7.425191,0.693847,6.731343,0.599781,0.094066,8.769681
1554800,40.6137,7.425191,0.693847,6.731343,0.599781,0.094066,8.751178
1554900,40.6137,7.425191,0.693847,6.731343,0.599781,0.094066,8.807453
1555000,40.6137,7.425191,0.693847,6.731343,0.599781,0.094066,8.751178
1555100,40.6137,7.425191,0.693847,6.731343,0.599781,0.094066,8.775439
1555200,40.6137,7.425191,0.693847,6.731343,0.599781,0.094066,8.838188
1555300,40.6137,7.425191,0.693847,6.731343,0.599781,0.094066,8.751178
1555400,40.6137,7.425191,0.693847,6.731343,0.599781,0.094066,8.761191
1555500,40.6137,7.425191,0.693847,6.731343,0.599781,0.094066,8.811088
1555600,40.6137,7.425191,0.693847,6.731343,0.599781,0.094066,8.751178
1555700,40.6137,7.425191,0.693847,6.731343,0.599781,0.094066,8.780680
1555800,40.6137,7.425191,0.693847,6.731343,0.599781,0.094066,8.777951
1555900,40.6137,7.425191,0.693847,6.731343,0.599781,0.094066,8.751178
1556000,40.6137,7.425191,0.693847,6.731343,0.599781,0.094066,8.803789
1556100,40.6137,7.425191,0.693847,6.731343,0.599781,0.094066,8.751178
1556200,40.6137,7.425191,0.693847,6.731343,0.599781,0.094066,8.751239
1556300,40.6137,7.425191,0.693847,6.731343,0.599781,0.094066,8.782068
1556400,40.6137,7.425191,0.693847,6.731343,0.599781,0.094066,8.806970
1556500,40.6137,7.425191,0.693847,6.731343,0.599781,0.094066,8.751178
1556600,40.6137,7.425191,0.693847,6.731343,0.599781,0.094066,8.768703
1556700,40.6137,7.425191,0.693847,6.731343,0.599781,0.094066,8.793779
1556800,40.6137,7.425191,0.693847,6.731343,0.599781,0.094066,8.751178
1556900,40.6137,7.425191,0.693847,6.731343,0.599781,0.094066,8.785552
1557000,40.6137,7.425191,0.693847,6.731343,0.599781,0.094066,8.764099
1557100,40.6137,7.425191,0.693847,6.731343,0.599781,0.094066,8.752117
1557200,40.6137,7.425191,0.693847,6.731343,0.599781,0.094066,8.854322
1557300,40.6137,7.425191,0.693847,6.731343,0.599781,0.094066,8.777712
1557400,40.6137,7.425191,0.693847,6.731343,0.599781,0.094066,8.751178
1557500,40.6137,7.425191,0.693847,6.731343,0.599781,0.094066,8.809741
1557600,40.6137,7.425191,0.693847,6.731343,0.599781,0.094066,8.776594
1557700,40.6137,7.425191,0.693847,6.731343,0.599781,0.094066,8.751178
1557800,40.6137,7.425191,0.693847,6.731343,0.599781,0.094066,8.815124
1557900,40.6137,7.425191,0.693847,6.731343,0.599781,0.094066,8.751178
1558000,40.6137,7.425191,0.693847,6.731343,0.599781,0.094066,8.777439
1558100,40.6137,7.425191,0.693847,6.731343,0.599781,0.094066,8.777712
1558200,40.6137,7.425191,0.693847,6.731343,0.599781,0.094066,8.751178
1558300,40.6137,7.425191,0.693847,6.731343,0.599781,0.094066,8.751239
1558400,40.6137,7.425191,0.693847,6.731343,0.599781,0.094066,8.838978
1558500,40.6137,7.425191,0.693847,6.731343,0.599781,0.094066,8.751178
1558600,40.6137,7.425191,0.693847,6.731343,0.599781,0.094066,8.761191
1558700,40.6137,7.425191,0.693847,6.731343,0.599781,0.094066,8.826262
1558800,40.6137,7.425191,0.693847,6.731343,0.599781,0.094066,8.751178
1558900,40.6137,7.425191,0.693847,6.731343,0.599781,0.094066,8.779957
1559000,40.6137,7.425191,0.693847,6.731343,0.599781,0.094066,8.784415
1559100,40.6137,7.425191,0.693847,6.731343,0.599781,0.094066,8.751178
1559200,40.6137,7.425191,0.693847,6.731343,0.599781,0.094066,8.800925
1559300,40.6137,7.425191,0.693847,6.731343,0.599781,0.094066,8.751178
1559400,40.6137,7.425191,0.693847,6.731343,0.599781,0.094066,8.751239
1559500,40.6137,7.425191,0.693847,6.731343,0.599781,0.094066,8.787625
1559600,40.6137,7.425191,0.693847,6.731343,0.599781,0.094066,8.802531
1559700,40.6137,7.425191,0.693847,6.731343,0.599781,0.094066,8.751178
1559800,40.6137,7.425191,0.693847,6.731343,0.599781,0.094066,8.789424
1559900,40.6137,7.425191,0.693847,6.731343,0.599781,0.094066,8.783972
1560000,40.6137,7.425191,0.693847,6.731343,0.599781,0.094066,8.751178
1560100,40.6137,7.425191,0.693847,6.731343,0.599781,0.094066,8.805523
1560200,40.6137,7.425191,0.693847,6.731343,0.599781,0.094066,8.751178
1560300,40.6137,7.425191,0.693847,6.731343,0.599781,0.094066,8.753292
1560400,40.6137,7.425191,0.693847,6.731343,0.599781,0.094066,8.798627
1560500,40.6137,7.425191,0.693847,6.731343,0.599781,0.094066,8.751178
1560600,40.6137,7.425191,0.693847,6.731343,0.599781,0.094066,8.751239
1560700,40.6137,7.425191,0.693847,6.731343,0.599781,0.094066,8.812444
1560800,40.6137,7.425191,0.693847,6.731343,0.599781,0.094066,8.777712
1560900,40.6137,7.425191,0.693847,6.731343,0.599781,0.094066,8.751178
1561000,40.6137,7.425191,0.693847,6.731343,0.599781,0.094066,8.802597
1561100,40.6137,7.425191,0.693847,6.731343,0.599781,0.094066,8.770799
1561200,40.6137,7.425191,0.693847,6.731343,0.599781,0.094066,8.751178
1561300,40.6137,7.425191,0.693847,6.731343,0.599781,0.094066,8.805523
1561400,40.6137,7.425191,0.693847,6.731343,0.599781,0.094066,8.751178
1561500,40.6137,7.425191,0.693847,6.731343,0.599781,0.094066,8.796785
1561600,40.6137,7.425191,0.693847,6.731343,0.599781,0.094066,8.836371
1561700,40.6137,7.425191,0.693847,6.731343,0.599781,0.094066,8.751178
1561800,40.6137,7.425191,0.693847,6.731343,0.599781,0.094066,8.765655
1561900,40.6137,7.425191,0.693847,6.731343,0.599781,0.094066,8.807741
1562000,40.6137,7.425191,0.693847,6.731343,0.599781,0.094066,8.751178
1562100,40.6137,7.425191,0.693847,6.731343,0.599781,0.094066,8.784755
1562200,40.6137,7.425191,0.693847,6.731343,0.599781,0.094066,8.771946
1562300,40.6137,7.425191,0.693847,6.731343,0.599781,0.094066,8.751178
1562400,40.6137,7.425191,0.693847,6.731343,0.599781,0.094066,8.828617
1562500,40.6137,7.425191,0.693847,6.731343,0.599781,0.094066,8.780845
1562600,40.6137,7.425191,0.693847,6.731343,0.599781,0.094066,8.751178
1562700,40.6137,7.425191,0.693847,6.731343,0.599781,0.094066,8.812789
1562800,40.6137,7.425191,0.693847,6.731343,0.599781,0.094066,8.776594
1562900,40.6137,7.425191,0.693847,6.731343,0.599781,0.094066,8.751178
1563000,40.6137,7.425191,0.693847,6.731343,0.599781,0.094066,8.815124
1563100,40.6137,7.425191,0.693847,6.731343,0.599781,0.094066,8.751178
1563200,40.6137,7.425191,0.693847,6.731343,0.599781,0.094066,8.775576
1563300,40.6137,7.425191,0.693847,6.731343,0.599781,0.094066,8.838235
1563400,40.6137,7.425191,0.693847,6.731343,0.599781,0.094066,8.751178
1563500,40.6137,7.425191,0.693847,6.731343,0.599781,0.094066,8.761191
1563600,40.6137,7.425191,0.693847,6.731343,0.599781,0.094066,8.826262
1563700,40.6137,7.425191,0.693847,6.731343,0.599781,0.094066,8.751178
1563800,40.6137,7.425191,0.693847,6.731343,0.599781,0.094066,8.779957
1563900,40.6137,7.425191,0.693847,6.731343,0.599781,0.094066,8.784415
1564000,40.6137,7.425191,0.693847,6.731343,0.599781,0.094066,8.751178
1564100,40.6137,7.425191,0.693847,6.731343,0.599781,0.094066,8.800925
1564200,40.6137,7.425191,0.693847,6.731343,0.599781,0.094066,8.751178
1564300,40.6137,7.425191,0.693847,6.731343,0.599781,0.094066,8.751239
1564400,40.6137,7.425191,0.693847,6.731343,0.599781,0.094066,8.787625
1564500,40.6137,7.425191,0.693847,6.731343,0.599781,0.094066,8.801413
1564600,40.6137,7.425191,0.693847,6.731343,0.599781,0.094066,8.751178
1564700,40.6137,7.425191,0.693847,6.731343,0.599781,0.094066,8.791380
1564800,40.6137,7.425191,0.693847,6.731343,0.599781,0.094066,8.783947
1564900,40.6137,7.425191,0.693847,6.731343,0.599781,0.094066,8.751178
1565000,40.6137,7.425191,0.693847,6.731343,0.599781,0.094066,8.788950
1565100,40.6137,7.425191,0.693847,6.731343,0.599781,0.094066,8.769681
1565200,40.6137,7.425191,0.693847,6.731343,0.599781,0.094066,8.753056
1565300,40.6137,7.425191,0.693847,6.731343,0.599781,0.094066,8.856614
1565400,40.6137,7.425191,0.693847,6.731343,0.599781,0.094066,8.777712
1565500,40.6137,7.425191,0.693847,6.731343,0.599781,0.094066,8.751178
1565600,40.6137,7.425191,0.693847,6.731343,0.599781,0.094066,8.802597
1565700,40.6137,7.425191,0.693847,6.731343,0.599781,0.094066,8.770799
1565800,40.6137,7.425191,0.693847,6.731343,0.599781,0.094066,8.751178
1565900,40.6137,7.425191,0.693847,6.731343,0.599781,0.094066,8.805523
1566000,40.6137,7.425191,0.693847,6.731343,0.599781,0.094066,8.751178
1566100,40.6137,7.425191,0.693847,6.731343,0.599781,0.094066,8.774208
1566200,40.6137,7.425191,0.693847,6.731343,0.599781,0.094066,8.777712
1566300,40.6137,7.425191,0.693847,6.731343,0.599781,0.094066,8.751178
1566400,40.6137,7.425191,0.693847,6.731343,0.599781,0.094066,8.751239
1566500,40.6137,7.425191,0.693847,6.731343,0.599781,0.094066,8.838978
1566600,40.6137,7.425191,0.693847,6.731343,0.599781,0.094066,8.751178
1566700,40.6137,7.425191,0.693847,6.731343,0.599781,0.094066,8.765442
1566800,40.6137,7.425191,0.693847,6.731343,0.599781,0.094066,8.822011
1566900,40.6137,7.425191,0.693847,6.731343,0.599781,0.094066,8.751178
1567000,40.6137,7.425191,0.693847,6.731343,0.599781,0.094066,8.785514
1567100,40.6137,7.425191,0.693847,6.731343,0.599781,0.094066,8.778858
1567200,40.6137,7.425191,0.693847,6.731343,0.599781,0.094066,8.751178
1567300,40.6137,7.425191,0.693847,6.731343,0.599781,0.094066,8.800925
1567400,40.6137,7.425191,0.693847,6.731343,0.599781,0.094066,8.751178
1567500,40.6137,7.425191,0.693847,6.731343,0.599781,0.094066,8.751239
1567600,40.6137,7.425191,0.693847,6.731343,0.599781,0.094066,8.800295
1567700,40.6137,7.425191,0.693847,6.731343,0.599781,0.094066,8.789861
1567800,40.6137,7.425191,0.693847,6.731343,0.599781,0.094066,8.751178
1567900,40.6137,7.425191,0.693847,6.731343,0.599781,0.094066,8.787279
1568000,40.6137,7.425191,0.693847,6.731343,0.599781,0.094066,8.772156
1568100,40.6137,7.425191,0.693847,6.731343,0.599781,0.094066,8.751178
1568200,40.6137,7.425191,0.693847,6.731343,0.599781,0.094066,8.798474
1568300,40.6137,7.425191,0.693847,6.731343,0.599781,0.094066,8.751178
1568400,40.6137,7.425191,0.693847,6.731343,0.599781,0.094066,8.754226
1568500,40.6137,7.425191,0.693847,6.731343,0.599781,0.094066,8.797511
1568600,40.6137,7.425191,0.693847,6.731343,0.599781,0.094066,8.751178
1568700,40.6137,7.425191,0.693847,6.731343,0.599781,0.094066,8.751239
1568800,40.6137,7.425191,0.693847,6.731343,0.599781,0.094066,8.816985
1568900,40.6137,7.425191,0.693847,6.731343,0.599781,0.094066,8.777712
1569000,40.6137,7.425191,0.693847,6.731343,0.599781,0.094066,8.751178
1569100,40.6137,7.425191,0.693847,6.731343,0.599781,0.094066,8.809741
1569200,40.6137,7.425191,0.693847,6.731343,0.599781,0.094066,8.777712
1569300,40.6137,7.425191,0.693847,6.731343,0.599781,0.094066,8.751178
1569400,40.6137,7.425191,0.693847,6.731343,0.599781,0.094066,8.813194
1569500,40.6137,7.425191,0.693847,6.731343,0.599781,0.094066,8.751178
1569600,40.6137,7.425191,0.693847,6.731343,0.599781,0.094066,8.778026
1569700,40.6137,7.425191,0.693847,6.731343,0.599781,0.094066,8.854139
1569800,40.6137,7.425191,0.693847,6.731343,0.599781,0.094066,8.752353
1569900,40.6137,7.425191,0.693847,6.731343,0.599781,0.094066,8.753292
1570000,40.6137,7.425191,0.693847,6.731343,0.599781,0.094066,8.820104
1570100,40.6137,7.425191,0.693847,6.731343,0.599781,0.094066,8.751178
1570200,40.6137,7.425191,0.693847,6.731343,0.599781,0.094066,8.757742
1570300,40.6137,7.425191,0.693847,6.731343,0.599781,0.094066,8.798959
1570400,40.6137,7.425191,0.693847,6.731343,0.599781,0.094066,8.751178
1570500,40.6137,7.425191,0.693847,6.731343,0.599781,0.094066,8.820718
1570600,40.6137,7.425191,0.693847,6.731343,0.599781,0.094066,8.788743
1570700,40.6137,7.425191,0.693847,6.731343,0.599781,0.094066,8.751178
1570800,40.6137,7.425191,0.693847,6.731343,0.599781,0.094066,8.791380
1570900,40.6137,7.425191,0.693847,6.731343,0.599781,0.094066,8.783947
1571000,40.6137,7.425191,0.693847,6.731343,0.599781,0.094066,8.751178
1571100,40.6137,7.425191,0.693847,6.731343,0.599781,0.094066,8.788736
1571200,40.6137,7.425191,0.693847,6.731343,0.599781,0.094066,8.769895
1571300,40.6137,7.425191,0.693847,6.731343,0.599781,0.094066,8.752117
1571400,40.6137,7.425191,0.693847,6.731343,0.599781,0.094066,8.834977
1571500,40.6137,7.425191,0.693847,6.731343,0.599781,0.094066,8.777712
1571600,40.6137,7.425191,0.693847,6.731343,0.599781,0.094066,8.751178
1571700,40.6137,7.425191,0.693847,6.731343,0.599781,0.094066,8.814130
1571800,40.6137,7.425191,0.693847,6.731343,0.599781,0.094066,8.759266
1571900,40.6137,7.425191,0.693847,6.731343,0.599781,0.094066,8.753292
1572000,40.6137,7.425191,0.693847,6.731343,0.599781,0.094066,8.803409
1572100,40.6137,7.425191,0.693847,6.731343,0.599781,0.094066,8.751178
1572200,40.6137,7.425191,0.693847,6.731343,0.599781,0.094066,8.774208
1572300,40.6137,7.425191,0.693847,6.731343,0.599781,0.094066,8.777712
1572400,40.6137,7.425191,0.693847,6.731343,0.599781,0.094066,8.751178
1572500,40.6137,7.425191,0.693847,6.731343,0.599781,0.094066,8.751239
1572600,40.6137,7.425191,0.693847,6.731343,0.599781,0.094066,8.838978
1572700,40.6137,7.425191,0.693847,6.731343,0.599781,0.094066,8.751178
1572800,40.6137,7.425191,0.693847,6.731343,0.599781,0.094066,8.765655
1572900,40.6137,7.425191,0.693847,6.731343,0.599781,0.094066,8.807741
1573000,40.6137,7.425191,0.693847,6.731343,0.599781,0.094066,8.751178
1573100,40.6137,7.425191,0.693847,6.731343,0.599781,0.094066,8.784755
1573200,40.6137,7.425191,0.693847,6.731343,0.599781,0.094066,8.771946
1573300,40.6137,7.425191,0.693847,6.731343,0.599781,0.094066,8.751178
1573400,40.6137,7.425191,0.693847,6.731343,0.599781,0.094066,8.848322
1573500,40.6137,7.425191,0.693847,6.731343,0.599781,0.094066,8.841468
1573600,40.6137,7.425191,0.693847,6.731343,0.599781,0.094066,8.858868
1573700,40.6137,7.425191,0.693847,6.731343,0.599781,0.094066,8.777925
1573800,40.6137,7.425191,0.693847,6.731343,0.599781,0.094066,8.751178
1573900,40.6137,7.425191,0.693847,6.731343,0.599781,0.094066,8.751239
1574000,40.6137,7.425191,0.693847,6.731343,0.599781,0.094066,8.838978
1574100,40.6137,7.425191,0.693847,6.731343,0.599781,0.094066,8.751178
1574200,40.6137,7.425191,0.693847,6.731343,0.599781,0.094066,8.758319
1574300,40.6137,7.425191,0.693847,6.731343,0.599781,0.094066,8.801116
1574400,40.6137,7.425191,0.693847,6.731343,0.599781,0.094066,8.751178
1574500,40.6137,7.425191,0.693847,6.731343,0.599781,0.094066,8.777496
1574600,40.6137,7.425191,0.693847,6.731343,0.599781,0.094066,8.772156
1574700,40.6137,7.425191,0.693847,6.731343,0.599781,0.094066,8.751178
1574800,40.6137,7.425191,0.693847,6.731343,0.599781,0.094066,8.800558
1574900,40.6137,7.425191,0.693847,6.731343,0.599781,0.094066,8.751178
1575000,40.6137,7.425191,0.693847,6.731343,0.599781,0.094066,8.751239
1575100,40.6137,7.425191,0.693847,6.731343,0.599781,0.094066,8.780502
1575200,40.6137,7.425191,0.693847,6.731343,0.599781,0.094066,8.809654
1575300,40.6137,7.425191,0.693847,6.731343,0.599781,0.094066,8.751178
1575400,40.6137,7.425191,0.693847,6.731343,0.599781,0.094066,8.765655
1575500,40.6137,7.425191,0.693847,6.731343,0.599781,0.094066,8.807741
1575600,40.6137,7.425191,0.693847,6.731343,0.599781,0.094066,8.751178
1575700,40.6137,7.425191,0.693847,6.731343,0.599781,0.094066,8.784755
1575800,40.6137,7.425191,0.693847,6.731343,0.599781,0.094066,8.771946
1575900,40.6137,7.425191,0.693847,6.731343,0.599781,0.094066,8.751178
1576000,40.6137,7.425191,0.693847,6.731343,0.599781,0.094066,8.800742
1576100,40.6137,7.425191,0.693847,6.731343,0.599781,0.094066,8.751178
1576200,40.6137,7.425191,0.693847,6.731343,0.599781,0.094066,8.751239
1576300,40.6137,7.425191,0.693847,6.731343,0.599781,0.094066,8.812444
1576400,40.6137,7.425191,0.693847,6.731343,0.599781,0.094066,8.777712
1576500,40.6137,7.425191,0.693847,6.731343,0.599781,0.094066,8.751178
1576600,40.6137,7.425191,0.693847,6.731343,0.599781,0.094066,8.802597
1576700,40.6137,7.425191,0.693847,6.731343,0.599781,0.094066,8.770799
1576800,40.6137,7.425191,0.693847,6.731343,0.599781,0.094066,8.751178
1576900,40.6137,7.425191,0.693847,6.731343,0.599781,0.094066,8.805523
1577000,40.6137,7.425191,0.693847,6.731343,0.599781,0.094066,8.751178
1577100,40.6137,7.425191,0.693847,6.731343,0.599781,0.094066,8.796785
1577200,40.6137,7.425191,0.693847,6.731343,0.599781,0.094066,8.836371
1577300,40.6137,7.425191,0.693847,6.731343,0.599781,0.094066,8.751178
1577400,40.6137,7.425191,0.693847,6.731343,0.599781,0.094066,8.761191
1577500,40.6137,7.425191,0.693847,6.731343,0.599781,0.094066,8.812206
1577600,40.6137,7.425191,0.693847,6.731343,0.599781,0.094066,8.751178
1577700,40.6137,7.425191,0.693847,6.731343,0.599781,0.094066,8.779199
1577800,40.6137,7.425191,0.693847,6.731343,0.599781,0.094066,8.777502
1577900,40.6137,7.425191,0.693847,6.731343,0.599781,0.094066,8.751178
1578000,40.6137,7.425191,0.693847,6.731343,0.599781,0.094066,8.825745
1578100,40.6137,7.425191,0.693847,6.731343,0.599781,0.094066,8.783717
1578200,40.6137,7.425191,0.693847,6.731343,0.599781,0.094066,8.751178
1578300,40.6137,7.425191,0.693847,6.731343,0.599781,0.094066,8.805645
1578400,40.6137,7.425191,0.693847,6.731343,0.599781,0.094066,8.769681
1578500,40.6137,7.425191,0.693847,6.731343,0.599781,0.094066,8.751178
1578600,40.6137,7.425191,0.693847,6.731343,0.599781,0.094066,8.807453
1578700,40.6137,7.425191,0.693847,6.731343,0.599781,0.094066,8.751178
1578800,40.6137,7.425191,0.693847,6.731343,0.599781,0.094066,8.765040
1578900,40.6137,7.425191,0.693847,6.731343,0.599781,0.094066,8.848587
1579000,40.6137,7.425191,0.693847,6.731343,0.599781,0.094066,8.751178
1579100,40.6137,7.425191,0.693847,6.731343,0.599781,0.094066,8.754226
1579200,40.6137,7.425191,0.693847,6.731343,0.599781,0.094066,8.833227
1579300,40.6137,7.425191,0.693847,6.731343,0.599781,0.094066,8.751178
1579400,40.6137,7.425191,0.693847,6.731343,0.599781,0.094066,8.764026
1579500,40.6137,7.425191,0.693847,6.731343,0.599781,0.094066,8.800347
1579600,40.6137,7.425191,0.693847,6.731343,0.599781,0.094066,8.751178
1579700,40.6137,7.425191,0.693847,6.731343,0.599781,0.094066,8.800925
1579800,40.6137,7.425191,0.693847,6.731343,0.599781,0.094066,8.751178
1579900,40.6137,7.425191,0.693847,6.731343,0.599781,0.094066,8.751239
1580000,40.6137,7.425191,0.693847,6.731343,0.599781,0.094066,8.755719
1580100,40.6137,7.425191,0.693847,6.731343,0.599781,0.094066,8.837860
1580200,40.6137,7.425191,0.693847,6.731343,0.599781,0.094066,8.751178
1580300,40.6137,7.425191,0.693847,6.731343,0.599781,0.094066,8.768703
1580400,40.6137,7.425191,0.693847,6.731343,0.599781,0.094066,8.807741
1580500,40.6137,7.425191,0.693847,6.731343,0.599781,0.094066,8.751178
1580600,40.6137,7.425191,0.693847,6.731343,0.599781,0.094066,8.784755
1580700,40.6137,7.425191,0.693847,6.731343,0.599781,0.094066,8.771946
1580800,40.6137,7.425191,0.693847,6.731343,0.599781,0.094066,8.751178
1580900,40.6137,7.425191,0.693847,6.731343,0.599781,0.094066,8.843295
1581000,40.6137,7.425191,0.693847,6.731343,0.599781,0.094066,8.789861
1581100,40.6137,7.425191,0.693847,6.731343,0.599781,0.094066,8.751178
1581200,40.6137,7.425191,0.693847,6.731343,0.599781,0.094066,8.794328
1581300,40.6137,7.425191,0.693847,6.731343,0.599781,0.094066,8.779069
1581400,40.6137,7.425191,0.693847,6.731343,0.599781,0.094066,8.751178
1581500,40.6137,7.425191,0.693847,6.731343,0.599781,0.094066,8.805523
1581600,40.6137,7.425191,0.693847,6.731343,0.599781,0.094066,8.751178
1581700,40.6137,7.425191,0.693847,6.731343,0.599781,0.094066,8.754226
1581800,40.6137,7.425191,0.693847,6.731343,0.599781,0.094066,8.797694
1581900,40.6137,7.425191,0.693847,6.731343,0.599781,0.094066,8.751178
1582000,40.6137,7.425191,0.693847,6.731343,0.599781,0.094066,8.751239
1582100,40.6137,7.425191,0.693847,6.731343,0.599781,0.094066,8.812444
1582200,40.6137,7.425191,0.693847,6.731343,0.599781,0.094066,8.834345
1582300,40.6137,7.425191,0.693847,6.731343,0.599781,0.094066,8.777712
1582400,40.6137,7.425191,0.693847,6.731343,0.599781,0.094066,8.752117
1582500,40.6137,7.425191,0.693847,6.731343,0.599781,0.094066,8.812255
1582600,40.6137,7.425191,0.693847,6.731343,0.599781,0.094066,8.751178
1582700,40.6137,7.425191,0.693847,6.731343,0.599781,0.094066,8.774392
1582800,40.6137,7.425191,0.693847,6.731343,0.599781,0.094066,8.777712
1582900,40.6137,7.425191,0.693847,6.731343,0.599781,0.094066,8.751178
1583000,40.6137,7.425191,0.693847,6.731343,0.599781,0.094066,8.751239
1583100,40.6137,7.425191,0.693847,6.731343,0.599781,0.094066,8.838978
1583200,40.6137,7.425191,0.693847,6.731343,0.599781,0.094066,8.751178
1583300,40.6137,7.425191,0.693847,6.731343,0.599781,0.094066,8.765655
1583400,40.6137,7.425191,0.693847,6.731343,0.599781,0.094066,8.807741
1583500,40.6137,7.425191,0.693847,6.731343,0.599781,0.094066,8.751178
1583600,40.6137,7.425191,0.693847,6.731343,0.599781,0.094066,8.784755
1583700,40.6137,7.425191,0.693847,6.731343,0.599781,0.094066,8.771946
1583800,40.6137,7.425191,0.693847,6.731343,0.599781,0.094066,8.751178
1583900,40.6137,7.425191,0.693847,6.731343,0.599781,0.094066,8.800742
1584000,40.6137,7.425191,0.693847,6.731343,0.599781,0.094066,8.751178
1584100,40.6137,7.425191,0.693847,6.731343,0.599781,0.094066,8.751239
1584200,40.6137,7.425191,0.693847,6.731343,0.599781,0.094066,8.812444
1584300,40.6137,7.425191,0.693847,6.731343,0.599781,0.094066,8.777712
1584400,40.6137,7.425191,0.693847,6.731343,0.599781,0.094066,8.751178
1584500,40.6137,7.425191,0.693847,6.731343,0.599781,0.094066,8.802597
1584600,40.6137,7.425191,0.693847,6.731343,0.599781,0.094066,8.770799
1584700,40.6137,7.425191,0.693847,6.731343,0.599781,0.094066,8.751178
1584800,40.6137,7.425191,0.693847,6.731343,0.599781,0.094066,8.805523
1584900,40.6137,7.425191,0.693847,6.731343,0.599781,0.094066,8.751178
1585000,40.6137,7.425191,0.693847,6.731343,0.599781,0.094066,8.774757
1585100,40.6137,7.425191,0.693847,6.731343,0.599781,0.094066,8.831866
1585200,40.6137,7.425191,0.693847,6.731343,0.599781,0.094066,8.777712
1585300,40.6137,7.425191,0.693847,6.731343,0.599781,0.094066,8.751178
1585400,40.6137,7.425191,0.693847,6.731343,0.599781,0.094066,8.836275
1585500,40.6137,7.425191,0.693847,6.731343,0.599781,0.094066,8.751178
1585600,40.6137,7.425191,0.693847,6.731343,0.599781,0.094066,8.755531
1585700,40.6137,7.425191,0.693847,6.731343,0.599781,0.094066,8.808841
1585800,40.6137,7.425191,0.693847,6.731343,0.599781,0.094066,8.751178
1585900,40.6137,7.425191,0.693847,6.731343,0.599781,0.094066,8.788217
1586000,40.6137,7.425191,0.693847,6.731343,0.599781,0.094066,8.821428
1586100,40.6137,7.425191,0.693847,6.731343,0.599781,0.094066,8.751178
1586200,40.6137,7.425191,0.693847,6.731343,0.599781,0.094066,8.768703
1586300,40.6137,7.425191,0.693847,6.731343,0.599781,0.094066,8.806624
1586400,40.6137,7.425191,0.693847,6.731343,0.599781,0.094066,8.751178
1586500,40.6137,7.425191,0.693847,6.731343,0.599781,0.094066,8.787803
1586600,40.6137,7.425191,0.693847,6.731343,0.599781,0.094066,8.770828
1586700,40.6137,7.425191,0.693847,6.731343,0.599781,0.094066,8.751178
1586800,40.6137,7.425191,0.693847,6.731343,0.599781,0.094066,8.835915
1586900,40.6137,7.425191,0.693847,6.731343,0.599781,0.094066,8.777712
1587000,40.6137,7.425191,0.693847,6.731343,0.599781,0.094066,8.751178
1587100,40.6137,7.425191,0.693847,6.731343,0.599781,0.094066,8.809741
1587200,40.6137,7.425191,0.693847,6.731343,0.599781,0.094066,8.777712
1587300,40.6137,7.425191,0.693847,6.731343,0.599781,0.094066,8.752117
1587400,40.6137,7.425191,0.693847,6.731343,0.599781,0.094066,8.812255
1587500,40.6137,7.425191,0.693847,6.731343,0.599781,0.094066,8.751178
1587600,40.6137,7.425191,0.693847,6.731343,0.599781,0.094066,8.774392
1587700,40.6137,7.425191,0.693847,6.731343,0.599781,0.094066,8.777712
1587800,40.6137,7.425191,0.693847,6.731343,0.599781,0.094066,8.751178
1587900,40.6137,7.425191,0.693847,6.731343,0.599781,0.094066,8.751239
1588000,40.6137,7.425191,0.693847,6.731343,0.599781,0.094066,8.837860
1588100,40.6137,7.425191,0.693847,6.731343,0.599781,0.094066,8.751178
1588200,40.6137,7.425191,0.693847,6.731343,0.599781,0.094066,8.768703
1588300,40.6137,7.425191,0.693847,6.731343,0.599781,0.094066,8.820680
1588400,40.6137,7.425191,0.693847,6.731343,0.599781,0.094066,8.751178
1588500,40.6137,7.425191,0.693847,6.731343,0.599781,0.094066,8.788562
1588600,40.6137,7.425191,0.693847,6.731343,0.599781,0.094066,8.777741
1588700,40.6137,7.425191,0.693847,6.731343,0.599781,0.094066,8.751178
1588800,40.6137,7.425191,0.693847,6.731343,0.599781,0.094066,8.847460
1588900,40.6137,7.425191,0.693847,6.731343,0.599781,0.094066,8.788928
1589000,40.6137,7.425191,0.693847,6.731343,0.599781,0.094066,8.751178
1589100,40.6137,7.425191,0.693847,6.731343,0.599781,0.094066,8.795475
1589200,40.6137,7.425191,0.693847,6.731343,0.599781,0.094066,8.777922
1589300,40.6137,7.425191,0.693847,6.731343,0.599781,0.094066,8.751178
1589400,40.6137,7.425191,0.693847,6.731343,0.599781,0.094066,8.805523
1589500,40.6137,7.425191,0.693847,6.731343,0.599781,0.094066,8.751178
1589600,40.6137,7.425191,0.693847,6.731343,0.599781,0.094066,8.761993
1589700,40.6137,7.425191,0.693847,6.731343,0.599781,0.094066,8.789927
1589800,40.6137,7.425191,0.693847,6.731343,0.599781,0.094066,8.751178
1589900,40.6137,7.425191,0.693847,6.731343,0.599781,0.094066,8.751239
1590000,40.6137,7.425191,0.693847,6.731343,0.599781,0.094066,8.881352
1590100,40.6137,7.425191,0.693847,6.731343,0.599781,0.094066,8.777712
1590200,40.6137,7.425191,0.693847,6.731343,0.599781,0.094066,8.751178
1590300,40.6137,7.425191,0.693847,6.731343,0.599781,0.094066,8.822218
1590400,40.6137,7.425191,0.693847,6.731343,0.599781,0.094066,8.751178
1590500,40.6137,7.425191,0.693847,6.731343,0.599781,0.094066,8.753292
1590600,40.6137,7.425191,0.693847,6.731343,0.599781,0.094066,8.803409
1590700,40.6137,7.425191,0.693847,6.731343,0.599781,0.094066,8.751178
1590800,40.6137,7.425191,0.693847,6.731343,0.599781,0.094066,8.774208
1590900,40.6137,7.425191,0.693847,6.731343,0.599781,0.094066,8.777712
1591000,40.6137,7.425191,0.693847,6.731343,0.599781,0.094066,8.751178
1591100,40.6137,7.425191,0.693847,6.731343,0.599781,0.094066,8.779388
1591200,40.6137,7.425191,0.693847,6.731343,0.599781,0.094066,8.810829
1591300,40.6137,7.425191,0.693847,6.731343,0.599781,0.094066,8.751178
1591400,40.6137,7.425191,0.693847,6.731343,0.599781,0.094066,8.765655
1591500,40.6137,7.425191,0.693847,6.731343,0.599781,0.094066,8.807741
1591600,40.6137,7.425191,0.693847,6.731343,0.599781,0.094066,8.751178
1591700,40.6137,7.425191,0.693847,6.731343,0.599781,0.094066,8.784755
1591800,40.6137,7.425191,0.693847,6.731343,0.599781,0.094066,8.771946
1591900,40.6137,7.425191,0.693847,6.731343,0.599781,0.094066,8.751178
1592000,40.6137,7.425191,0.693847,6.731343,0.599781,0.094066,8.800742
1592100,40.6137,7.425191,0.693847,6.731343,0.599781,0.094066,8.751178
1592200,40.6137,7.425191,0.693847,6.731343,0.599781,0.094066,8.751239
1592300,40.6137,7.425191,0.693847,6.731343,0.599781,0.094066,8.812444
1592400,40.6137,7.425191,0.693847,6.731343,0.599781,0.094066,8.777712
1592500,40.6137,7.425191,0.693847,6.731343,0.599781,0.094066,8.751178
1592600,40.6137,7.425191,0.693847,6.731343,0.599781,0.094066,8.802597
1592700,40.6137,7.425191,0.693847,6.731343,0.599781,0.094066,8.770799
1592800,40.6137,7.425191,0.693847,6.731343,0.599781,0.094066,8.751178
1592900,40.6137,7.425191,0.693847,6.731343,0.599781,0.094066,8.805523
1593000,40.6137,7.425191,0.693847,6.731343,0.599781,0.094066,8.751178
1593100,40.6137,7.425191,0.693847,6.731343,0.599781,0.094066,8.774757
1593200,40.6137,7.425191,0.693847,6.731343,0.599781,0.094066,8.831866
1593300,40.6137,7.425191,0.693847,6.731343,0.599781,0.094066,8.777712
1593400,40.6137,7.425191,0.693847,6.731343,0.599781,0.094066,8.752117
1593500,40.6137,7.425191,0.693847,6.731343,0.599781,0.094066,8.835336
1593600,40.6137,7.425191,0.693847,6.731343,0.599781,0.094066,8.751178
1593700,40.6137,7.425191,0.693847,6.731343,0.599781,0.094066,8.757878
1593800,40.6137,7.425191,0.693847,6.731343,0.599781,0.094066,8.806495
1593900,40.6137,7.425191,0.693847,6.731343,0.599781,0.094066,8.751178
1594000,40.6137,7.425191,0.693847,6.731343,0.599781,0.094066,8.803981
1594100,40.6137,7.425191,0.693847,6.731343,0.599781,0.094066,8.805664
1594200,40.6137,7.425191,0.693847,6.731343,0.599781,0.094066,8.751178
1594300,40.6137,7.425191,0.693847,6.731343,0.599781,0.094066,8.783161
1594400,40.6137,7.425191,0.693847,6.731343,0.599781,0.094066,8.779321
1594500,40.6137,7.425191,0.693847,6.731343,0.599781,0.094066,8.751178
1594600,40.6137,7.425191,0.693847,6.731343,0.599781,0.094066,8.785766
1594700,40.6137,7.425191,0.693847,6.731343,0.599781,0.094066,8.763886
1594800,40.6137,7.425191,0.693847,6.731343,0.599781,0.094066,8.752117
1594900,40.6137,7.425191,0.693847,6.731343,0.599781,0.094066,8.831745
1595000,40.6137,7.425191,0.693847,6.731343,0.599781,0.094066,8.777712
1595100,40.6137,7.425191,0.693847,6.731343,0.599781,0.094066,8.751178
1595200,40.6137,7.425191,0.693847,6.731343,0.599781,0.094066,8.835157
1595300,40.6137,7.425191,0.693847,6.731343,0.599781,0.094066,8.751178
1595400,40.6137,7.425191,0.693847,6.731343,0.599781,0.094066,8.756340
1595500,40.6137,7.425191,0.693847,6.731343,0.599781,0.094066,8.809963
1595600,40.6137,7.425191,0.693847,6.731343,0.599781,0.094066,8.751178
1595700,40.6137,7.425191,0.693847,6.731343,0.599781,0.094066,8.777439
1595800,40.6137,7.425191,0.693847,6.731343,0.599781,0.094066,8.777712
1595900,40.6137,7.425191,0.693847,6.731343,0.599781,0.094066,8.751178
1596000,40.6137,7.425191,0.693847,6.731343,0.599781,0.094066,8.779388
1596100,40.6137,7.425191,0.693847,6.731343,0.599781,0.094066,8.809711
1596200,40.6137,7.425191,0.693847,6.731343,0.599781,0.094066,8.751178
1596300,40.6137,7.425191,0.693847,6.731343,0.599781,0.094066,8.768703
1596400,40.6137,7.425191,0.693847,6.731343,0.599781,0.094066,8.807741
1596500,40.6137,7.425191,0.693847,6.731343,0.599781,0.094066,8.751178
1596600,40.6137,7.425191,0.693847,6.731343,0.599781,0.094066,8.784755
1596700,40.6137,7.425191,0.693847,6.731343,0.599781,0.094066,8.771946
1596800,40.6137,7.425191,0.693847,6.731343,0.599781,0.094066,8.751178
1596900,40.6137,7.425191,0.693847,6.731343,0.599781,0.094066,8.848322
1597000,40.6137,7.425191,0.693847,6.731343,0.599781,0.094066,8.784835
1597100,40.6137,7.425191,0.693847,6.731343,0.599781,0.094066,8.751178
1597200,40.6137,7.425191,0.693847,6.731343,0.599781,0.094066,8.809741
1597300,40.6137,7.425191,0.693847,6.731343,0.599781,0.094066,8.776594
1597400,40.6137,7.425191,0.693847,6.731343,0.599781,0.094066,8.751178
1597500,40.6137,7.425191,0.693847,6.731343,0.599781,0.094066,8.816242
1597600,40.6137,7.425191,0.693847,6.731343,0.599781,0.094066,8.751178
1597700,40.6137,7.425191,0.693847,6.731343,0.599781,0.094066,8.762129
1597800,40.6137,7.425191,0.693847,6.731343,0.599781,0.094066,8.789974
1597900,40.6137,7.425191,0.693847,6.731343,0.599781,0.094066,8.751178
1598000,40.6137,7.425191,0.693847,6.731343,0.599781,0.094066,8.751239
1598100,40.6137,7.425191,0.693847,6.731343,0.599781,0.094066,8.812444
1598200,40.6137,7.425191,0.693847,6.731343,0.599781,0.094066,8.865648
1598300,40.6137,7.425191,0.693847,6.731343,0.599781,0.094066,8.854312
1598400,40.6137,7.425191,0.693847,6.731343,0.599781,0.094066,8.751178
1598500,40.6137,7.425191,0.693847,6.731343,0.599781,0.094066,8.751239
1598600,40.6137,7.425191,0.693847,6.731343,0.599781,0.094066,8.779327
1598700,40.6137,7.425191,0.693847,6.731343,0.599781,0.094066,8.810829
1598800,40.6137,7.425191,0.693847,6.731343,0.599781,0.094066,8.751178
1598900,40.6137,7.425191,0.693847,6.731343,0.599781,0.094066,8.765655
1599000,40.6137,7.425191,0.693847,6.731343,0.599781,0.094066,8.807741
1599100,40.6137,7.425191,0.693847,6.731343,0.599781,0.094066,8.751178
1599200,40.6137,7.425191,0.693847,6.731343,0.599781,0.094066,8.784755
1599300,40.6137,7.425191,0.693847,6.731343,0.599781,0.094066,8.771946
1599400,40.6137,7.425191,0.693847,6.731343,0.599781,0.094066,8.751178
1599500,40.6137,7.425191,0.693847,6.731343,0.599781,0.094066,8.800742
1599600,40.6137,7.425191,0.693847,6.731343,0.599781,0.094066,8.751178
1599700,40.6137,7.425191,0.693847,6.731343,0.599781,0.094066,8.751239
1599800,40.6137,7.425191,0.693847,6.731343,0.599781,0.094066,8.809862
1599900,40.6137,7.425191,0.693847,6.731343,0.599781,0.094066,8.784835
1600000,40.6137,7.425191,0.693847,6.731343,0.599781,0.094066,8.751178
1600100,40.6137,7.425191,0.693847,6.731343,0.599781,0.094066,8.795548
1600200,40.6137,7.425191,0.693847,6.731343,0.599781,0.094066,8.763886
1600300,40.6137,7.425191,0.693847,6.731343,0.599781,0.094066,8.751178
1600400,40.6137,7.425191,0.693847,6.731343,0.599781,0.094066,8.798474
1600500,40.6137,7.425191,0.693847,6.731343,0.599781,0.094066,8.751178
1600600,40.6137,7.425191,0.693847,6.731343,0.599781,0.094066,8.763423
1600700,40.6137,7.425191,0.693847,6.731343,0.599781,0.094066,8.843017
1600800,40.6137,7.425191,0.693847,6.731343,0.599781,0.094066,8.777712
1600900,40.6137,7.425191,0.693847,6.731343,0.599781,0.094066,8.751178
1601000,40.6137,7.425191,0.693847,6.731343,0.599781,0.094066,8.795548
1601100,40.6137,7.425191,0.693847,6.731343,0.599781,0.094066,8.763886
1601200,40.6137,7.425191,0.693847,6.731343,0.599781,0.094066,8.751178
1601300,40.6137,7.425191,0.693847,6.731343,0.599781,0.094066,8.798474
1601400,40.6137,7.425191,0.693847,6.731343,0.599781,0.094066,8.751178
1601500,40.6137,7.425191,0.693847,6.731343,0.599781,0.094066,8.774025
1601600,40.6137,7.425191,0.693847,6.731343,0.599781,0.094066,8.835254
1601700,40.6137,7.425191,0.693847,6.731343,0.599781,0.094066,8.751178
1601800,40.6137,7.425191,0.693847,6.731343,0.599781,0.094066,8.768703
1601900,40.6137,7.425191,0.693847,6.731343,0.599781,0.094066,8.806624
1602000,40.6137,7.425191,0.693847,6.731343,0.599781,0.094066,8.751178
1602100,40.6137,7.425191,0.693847,6.731343,0.599781,0.094066,8.787803
1602200,40.6137,7.425191,0.693847,6.731343,0.599781,0.094066,8.770828
1602300,40.6137,7.425191,0.693847,6.731343,0.599781,0.094066,8.751178
1602400,40.6137,7.425191,0.693847,6.731343,0.599781,0.094066,8.835915
1602500,40.6137,7.425191,0.693847,6.731343,0.599781,0.094066,8.777712
1602600,40.6137,7.425191,0.693847,6.731343,0.599781,0.094066,8.751178
1602700,40.6137,7.425191,0.693847,6.731343,0.599781,0.094066,8.795548
1602800,40.6137,7.425191,0.693847,6.731343,0.599781,0.094066,8.762768
1602900,40.6137,7.425191,0.693847,6.731343,0.599781,0.094066,8.751178
1603000,40.6137,7.425191,0.693847,6.731343,0.599781,0.094066,8.801521
1603100,40.6137,7.425191,0.693847,6.731343,0.599781,0.094066,8.751178
1603200,40.6137,7.425191,0.693847,6.731343,0.599781,0.094066,8.774025
1603300,40.6137,7.425191,0.693847,6.731343,0.599781,0.094066,8.777712
1603400,40.6137,7.425191,0.693847,6.731343,0.599781,0.094066,8.751178
1603500,40.6137,7.425191,0.693847,6.731343,0.599781,0.094066,8.751239
1603600,40.6137,7.425191,0.693847,6.731343,0.599781,0.094066,8.837860
1603700,40.6137,7.425191,0.693847,6.731343,0.599781,0.094066,8.751178
1603800,40.6137,7.425191,0.693847,6.731343,0.599781,0.094066,8.768703
1603900,40.6137,7.425191,0.693847,6.731343,0.599781,0.094066,8.820680
1604000,40.6137,7.425191,0.693847,6.731343,0.599781,0.094066,8.751178
1604100,40.6137,7.425191,0.693847,6.731343,0.599781,0.094066,8.788562
1604200,40.6137,7.425191,0.693847,6.731343,0.599781,0.094066,8.777741
1604300,40.6137,7.425191,0.693847,6.731343,0.599781,0.094066,8.751178
1604400,40.6137,7.425191,0.693847,6.731343,0.599781,0.094066,8.829606
1604500,40.6137,7.425191,0.693847,6.731343,0.599781,0.094066,8.806782
1604600,40.6137,7.425191,0.693847,6.731343,0.599781,0.094066,8.751178
1604700,40.6137,7.425191,0.693847,6.731343,0.599781,0.094066,8.795245
1604800,40.6137,7.425191,0.693847,6.731343,0.599781,0.094066,8.792208
1604900,40.6137,7.425191,0.693847,6.731343,0.599781,0.094066,8.751178
1605000,40.6137,7.425191,0.693847,6.731343,0.599781,0.094066,8.791281
1605100,40.6137,7.425191,0.693847,6.731343,0.599781,0.094066,8.773092
1605200,40.6137,7.425191,0.693847,6.731343,0.599781,0.094066,8.753292
1605300,40.6137,7.425191,0.693847,6.731343,0.599781,0.094066,8.798811
1605400,40.6137,7.425191,0.693847,6.731343,0.599781,0.094066,8.751178
1605500,40.6137,7.425191,0.693847,6.731343,0.599781,0.094066,8.751239
1605600,40.6137,7.425191,0.693847,6.731343,0.599781,0.094066,8.812444
1605700,40.6137,7.425191,0.693847,6.731343,0.599781,0.094066,8.777712
1605800,40.6137,7.425191,0.693847,6.731343,0.599781,0.094066,8.751178
1605900,40.6137,7.425191,0.693847,6.731343,0.599781,0.094066,8.802597
1606000,40.6137,7.425191,0.693847,6.731343,0.599781,0.094066,8.770799
1606100,40.6137,7.425191,0.693847,6.731343,0.599781,0.094066,8.751178
1606200,40.6137,7.425191,0.693847,6.731343,0.599781,0.094066,8.805523
1606300,40.6137,7.425191,0.693847,6.731343,0.599781,0.094066,8.751178
1606400,40.6137,7.425191,0.693847,6.731343,0.599781,0.094066,8.774208
1606500,40.6137,7.425191,0.693847,6.731343,0.599781,0.094066,8.777712
1606600,40.6137,7.425191,0.693847,6.731343,0.599781,0.094066,8.751178
1606700,40.6137,7.425191,0.693847,6.731343,0.599781,0.094066,8.751239
1606800,40.6137,7.425191,0.693847,6.731343,0.599781,0.094066,8.838978
1606900,40.6137,7.425191,0.693847,6.731343,0.599781,0.094066,8.751178
1607000,40.6137,7.425191,0.693847,6.731343,0.599781,0.094066,8.765655
1607100,40.6137,7.425191,0.693847,6.731343,0.599781,0.094066,8.807741
1607200,40.6137,7.425191,0.693847,6.731343,0.599781,0.094066,8.751178
1607300,40.6137,7.425191,0.693847,6.731343,0.599781,0.094066,8.784755
1607400,40.6137,7.425191,0.693847,6.731343,0.599781,0.094066,8.771946
1607500,40.6137,7.425191,0.693847,6.731343,0.599781,0.094066,8.751178
1607600,40.6137,7.425191,0.693847,6.731343,0.599781,0.094066,8.800742
1607700,40.6137,7.425191,0.693847,6.731343,0.599781,0.094066,8.751178
1607800,40.6137,7.425191,0.693847,6.731343,0.599781,0.094066,8.751239
1607900,40.6137,7.425191,0.693847,6.731343,0.599781,0.094066,8.805321
1608000,40.6137,7.425191,0.693847,6.731343,0.599781,0.094066,8.784835
1608100,40.6137,7.425191,0.693847,6.731343,0.599781,0.094066,8.751178
1608200,40.6137,7.425191,0.693847,6.731343,0.599781,0.094066,8.802597
1608300,40.6137,7.425191,0.693847,6.731343,0.599781,0.094066,8.770799
1608400,40.6137,7.425191,0.693847,6.731343,0.599781,0.094066,8.751178
1608500,40.6137,7.425191,0.693847,6.731343,0.599781,0.094066,8.805523
1608600,40.6137,7.425191,0.693847,6.731343,0.599781,0.094066,8.751178
1608700,40.6137,7.425191,0.693847,6.731343,0.599781,0.094066,8.764864
1608800,40.6137,7.425191,0.693847,6.731343,0.599781,0.094066,8.841758
1608900,40.6137,7.425191,0.693847,6.731343,0.599781,0.094066,8.777712
1609000,40.6137,7.425191,0.693847,6.731343,0.599781,0.094066,8.751178
1609100,40.6137,7.425191,0.693847,6.731343,0.599781,0.094066,8.802597
1609200,40.6137,7.425191,0.693847,6.731343,0.599781,0.094066,8.770799
1609300,40.6137,7.425191,0.693847,6.731343,0.599781,0.094066,8.752117
1609400,40.6137,7.425191,0.693847,6.731343,0.599781,0.094066,8.804584
1609500,40.6137,7.425191,0.693847,6.731343,0.599781,0.094066,8.751178
1609600,40.6137,7.425191,0.693847,6.731343,0.599781,0.094066,8.774208
1609700,40.6137,7.425191,0.693847,6.731343,0.599781,0.094066,8.835254
1609800,40.6137,7.425191,0.693847,6.731343,0.599781,0.094066,8.751178
1609900,40.6137,7.425191,0.693847,6.731343,0.599781,0.094066,8.768703
1610000,40.6137,7.425191,0.693847,6.731343,0.599781,0.094066,8.820680
1610100,40.6137,7.425191,0.693847,6.731343,0.599781,0.094066,8.751178
1610200,40.6137,7.425191,0.693847,6.731343,0.599781,0.094066,8.788562
1610300,40.6137,7.425191,0.693847,6.731343,0.599781,0.094066,8.777741
1610400,40.6137,7.425191,0.693847,6.731343,0.599781,0.094066,8.751178
1610500,40.6137,7.425191,0.693847,6.731343,0.599781,0.094066,8.836099
1610600,40.6137,7.425191,0.693847,6.731343,0.599781,0.094066,8.777712
1610700,40.6137,7.425191,0.693847,6.731343,0.599781,0.094066,8.751178
1610800,40.6137,7.425191,0.693847,6.731343,0.599781,0.094066,8.802597
1610900,40.6137,7.425191,0.693847,6.731343,0.599781,0.094066,8.769681
1611000,40.6137,7.425191,0.693847,6.731343,0.599781,0.094066,8.751178
1611100,40.6137,7.425191,0.693847,6.731343,0.599781,0.094066,8.808570
1611200,40.6137,7.425191,0.693847,6.731343,0.599781,0.094066,8.751178
1611300,40.6137,7.425191,0.693847,6.731343,0.599781,0.094066,8.774208
1611400,40.6137,7.425191,0.693847,6.731343,0.599781,0.094066,8.777712
1611500,40.6137,7.425191,0.693847,6.731343,0.599781,0.094066,8.751178
1611600,40.6137,7.425191,0.693847,6.731343,0.599781,0.094066,8.751239
1611700,40.6137,7.425191,0.693847,6.731343,0.599781,0.094066,8.821605
1611800,40.6137,7.425191,0.693847,6.731343,0.599781,0.094066,8.771974
1611900,40.6137,7.425191,0.693847,6.731343,0.599781,0.094066,8.754231
1612000,40.6137,7.425191,0.693847,6.731343,0.599781,0.094066,8.808251
1612100,40.6137,7.425191,0.693847,6.731343,0.599781,0.094066,8.751178
1612200,40.6137,7.425191,0.693847,6.731343,0.599781,0.094066,8.757605
1612300,40.6137,7.425191,0.693847,6.731343,0.599781,0.094066,8.792047
1612400,40.6137,7.425191,0.693847,6.731343,0.599781,0.094066,8.751178
1612500,40.6137,7.425191,0.693847,6.731343,0.599781,0.094066,8.796601
1612600,40.6137,7.425191,0.693847,6.731343,0.599781,0.094066,8.836371
1612700,40.6137,7.425191,0.693847,6.731343,0.599781,0.094066,8.751178
1612800,40.6137,7.425191,0.693847,6.731343,0.599781,0.094066,8.765655
1612900,40.6137,7.425191,0.693847,6.731343,0.599781,0.094066,8.793779
1613000,40.6137,7.425191,0.693847,6.731343,0.599781,0.094066,8.751178
1613100,40.6137,7.425191,0.693847,6.731343,0.599781,0.094066,8.784619
1613200,40.6137,7.425191,0.693847,6.731343,0.599781,0.094066,8.765033
1613300,40.6137,7.425191,0.693847,6.731343,0.599781,0.094066,8.751178
1613400,40.6137,7.425191,0.693847,6.731343,0.599781,0.094066,8.800558
1613500,40.6137,7.425191,0.693847,6.731343,0.599781,0.094066,8.751178
1613600,40.6137,7.425191,0.693847,6.731343,0.599781,0.094066,8.751239
1613700,40.6137,7.425191,0.693847,6.731343,0.599781,0.094066,8.812444
1613800,40.6137,7.425191,0.693847,6.731343,0.599781,0.094066,8.777712
1613900,40.6137,7.425191,0.693847,6.731343,0.599781,0.094066,8.751178
1614000,40.6137,7.425191,0.693847,6.731343,0.599781,0.094066,8.809741
1614100,40.6137,7.425191,0.693847,6.731343,0.599781,0.094066,8.776594
1614200,40.6137,7.425191,0.693847,6.731343,0.599781,0.094066,8.751178
1614300,40.6137,7.425191,0.693847,6.731343,0.599781,0.094066,8.816242
1614400,40.6137,7.425191,0.693847,6.731343,0.599781,0.094066,8.751178
1614500,40.6137,7.425191,0.693847,6.731343,0.599781,0.094066,8.773245
1614600,40.6137,7.425191,0.693847,6.731343,0.599781,0.094066,8.778858
1614700,40.6137,7.425191,0.693847,6.731343,0.599781,0.094066,8.751178
1614800,40.6137,7.425191,0.693847,6.731343,0.599781,0.094066,8.751239
1614900,40.6137,7.425191,0.693847,6.731343,0.599781,0.094066,8.838978
1615000,40.6137,7.425191,0.693847,6.731343,0.599781,0.094066,8.751178
1615100,40.6137,7.425191,0.693847,6.731343,0.599781,0.094066,8.754226
1615200,40.6137,7.425191,0.693847,6.731343,0.599781,0.094066,8.819171
1615300,40.6137,7.425191,0.693847,6.731343,0.599781,0.094066,8.751178
1615400,40.6137,7.425191,0.693847,6.731343,0.599781,0.094066,8.763890
1615500,40.6137,7.425191,0.693847,6.731343,0.599781,0.094066,8.792811
1615600,40.6137,7.425191,0.693847,6.731343,0.599781,0.094066,8.751178
1615700,40.6137,7.425191,0.693847,6.731343,0.599781,0.094066,8.800742
1615800,40.6137,7.425191,0.693847,6.731343,0.599781,0.094066,8.751178
1615900,40.6137,7.425191,0.693847,6.731343,0.599781,0.094066,8.751239
1616000,40.6137,7.425191,0.693847,6.731343,0.599781,0.094066,8.779327
1616100,40.6137,7.425191,0.693847,6.731343,0.599781,0.094066,8.810829
1616200,40.6137,7.425191,0.693847,6.731343,0.599781,0.094066,8.751178
1616300,40.6137,7.425191,0.693847,6.731343,0.599781,0.094066,8.765655
1616400,40.6137,7.425191,0.693847,6.731343,0.599781,0.094066,8.821798
1616500,40.6137,7.425191,0.693847,6.731343,0.599781,0.094066,8.751178
1616600,40.6137,7.425191,0.693847,6.731343,0.599781,0.094066,8.785514
1616700,40.6137,7.425191,0.693847,6.731343,0.599781,0.094066,8.778858
1616800,40.6137,7.425191,0.693847,6.731343,0.599781,0.094066,8.751178
1616900,40.6137,7.425191,0.693847,6.731343,0.599781,0.094066,8.855628
1617000,40.6137,7.425191,0.693847,6.731343,0.599781,0.094066,8.777712
1617100,40.6137,7.425191,0.693847,6.731343,0.599781,0.094066,8.751178
1617200,40.6137,7.425191,0.693847,6.731343,0.599781,0.094066,8.809741
1617300,40.6137,7.425191,0.693847,6.731343,0.599781,0.094066,8.777712
1617400,40.6137,7.425191,0.693847,6.731343,0.599781,0.094066,8.751178
1617500,40.6137,7.425191,0.693847,6.731343,0.599781,0.094066,8.813194
1617600,40.6137,7.425191,0.693847,6.731343,0.599781,0.094066,8.751178
1617700,40.6137,7.425191,0.693847,6.731343,0.599781,0.094066,8.774392
1617800,40.6137,7.425191,0.693847,6.731343,0.599781,0.094066,8.835254
1617900,40.6137,7.425191,0.693847,6.731343,0.599781,0.094066,8.751178
1618000,40.6137,7.425191,0.693847,6.731343,0.599781,0.094066,8.768703
1618100,40.6137,7.425191,0.693847,6.731343,0.599781,0.094066,8.807741
1618200,40.6137,7.425191,0.693847,6.731343,0.599781,0.094066,8.751178
1618300,40.6137,7.425191,0.693847,6.731343,0.599781,0.094066,8.784755
1618400,40.6137,7.425191,0.693847,6.731343,0.599781,0.094066,8.771946
1618500,40.6137,7.425191,0.693847,6.731343,0.599781,0.094066,8.751178
1618600,40.6137,7.425191,0.693847,6.731343,0.599781,0.094066,8.832868
1618700,40.6137,7.425191,0.693847,6.731343,0.599781,0.094066,8.777712
1618800,40.6137,7.425191,0.693847,6.731343,0.599781,0.094066,8.751178
1618900,40.6137,7.425191,0.693847,6.731343,0.599781,0.094066,8.802597
1619000,40.6137,7.425191,0.693847,6.731343,0.599781,0.094066,8.768564
1619100,40.6137,7.425191,0.693847,6.731343,0.599781,0.094066,8.751178
1619200,40.6137,7.425191,0.693847,6.731343,0.599781,0.094066,8.810500
1619300,40.6137,7.425191,0.693847,6.731343,0.599781,0.094066,8.751178
1619400,40.6137,7.425191,0.693847,6.731343,0.599781,0.094066,8.776109
1619500,40.6137,7.425191,0.693847,6.731343,0.599781,0.094066,8.778858
1619600,40.6137,7.425191,0.693847,6.731343,0.599781,0.094066,8.751178
1619700,40.6137,7.425191,0.693847,6.731343,0.599781,0.094066,8.810650
1619800,40.6137,7.425191,0.693847,6.731343,0.599781,0.094066,8.751178
1619900,40.6137,7.425191,0.693847,6.731343,0.599781,0.094066,8.762933
1620000,40.6137,7.425191,0.693847,6.731343,0.599781,0.094066,8.826450
1620100,40.6137,7.425191,0.693847,6.731343,0.599781,0.094066,8.751178
1620200,40.6137,7.425191,0.693847,6.731343,0.599781,0.094066,8.781439
1620300,40.6137,7.425191,0.693847,6.731343,0.599781,0.094066,8.784864
1620400,40.6137,7.425191,0.693847,6.731343,0.599781,0.094066,8.751178
1620500,40.6137,7.425191,0.693847,6.731343,0.599781,0.094066,8.800016
1620600,40.6137,7.425191,0.693847,6.731343,0.599781,0.094066,8.836371
1620700,40.6137,7.425191,0.693847,6.731343,0.599781,0.094066,8.751178
1620800,40.6137,7.425191,0.693847,6.731343,0.599781,0.094066,8.765655
1620900,40.6137,7.425191,0.693847,6.731343,0.599781,0.094066,8.807741
1621000,40.6137,7.425191,0.693847,6.731343,0.599781,0.094066,8.751178
1621100,40.6137,7.425191,0.693847,6.731343,0.599781,0.094066,8.784755
1621200,40.6137,7.425191,0.693847,6.731343,0.599781,0.094066,8.771946
1621300,40.6137,7.425191,0.693847,6.731343,0.599781,0.094066,8.751178
1621400,40.6137,7.425191,0.693847,6.731343,0.599781,0.094066,8.800742
1621500,40.6137,7.425191,0.693847,6.731343,0.599781,0.094066,8.751178
1621600,40.6137,7.425191,0.693847,6.731343,0.599781,0.094066,8.751239
1621700,40.6137,7.425191,0.693847,6.731343,0.599781,0.094066,8.881352
1621800,40.6137,7.425191,0.693847,6.731343,0.599781,0.094066,8.827201
1621900,40.6137,7.425191,0.693847,6.731343,0.599781,0.094066,8.844314
1622000,40.6137,7.425191,0.693847,6.731343,0.599781,0.094066,8.777712
1622100,40.6137,7.425191,0.693847,6.731343,0.599781,0.094066,8.751178
1622200,40.6137,7.425191,0.693847,6.731343,0.599781,0.094066,8.751239
1622300,40.6137,7.425191,0.693847,6.731343,0.599781,0.094066,8.838978
1622400,40.6137,7.425191,0.693847,6.731343,0.599781,0.094066,8.751178
1622500,40.6137,7.425191,0.693847,6.731343,0.599781,0.094066,8.765655
1622600,40.6137,7.425191,0.693847,6.731343,0.599781,0.094066,8.821798
1622700,40.6137,7.425191,0.693847,6.731343,0.599781,0.094066,8.751178
1622800,40.6137,7.425191,0.693847,6.731343,0.599781,0.094066,8.785514
1622900,40.6137,7.425191,0.693847,6.731343,0.599781,0.094066,8.778858
1623000,40.6137,7.425191,0.693847,6.731343,0.599781,0.094066,8.751178
1623100,40.6137,7.425191,0.693847,6.731343,0.599781,0.094066,8.800925
1623200,40.6137,7.425191,0.693847,6.731343,0.599781,0.094066,8.751178
1623300,40.6137,7.425191,0.693847,6.731343,0.599781,0.094066,8.751239
1623400,40.6137,7.425191,0.693847,6.731343,0.599781,0.094066,8.805321
1623500,40.6137,7.425191,0.693847,6.731343,0.599781,0.094066,8.784835
1623600,40.6137,7.425191,0.693847,6.731343,0.599781,0.094066,8.751178
1623700,40.6137,7.425191,0.693847,6.731343,0.599781,0.094066,8.802597
1623800,40.6137,7.425191,0.693847,6.731343,0.599781,0.094066,8.770799
1623900,40.6137,7.425191,0.693847,6.731343,0.599781,0.094066,8.751178
1624000,40.6137,7.425191,0.693847,6.731343,0.599781,0.094066,8.805523
1624100,40.6137,7.425191,0.693847,6.731343,0.599781,0.094066,8.751178
1624200,40.6137,7.425191,0.693847,6.731343,0.599781,0.094066,8.761993
1624300,40.6137,7.425191,0.693847,6.731343,0.599781,0.094066,8.837095
1624400,40.6137,7.425191,0.693847,6.731343,0.599781,0.094066,8.770799
1624500,40.6137,7.425191,0.693847,6.731343,0.599781,0.094066,8.751178
1624600,40.6137,7.425191,0.693847,6.731343,0.599781,0.094066,8.795454
1624700,40.6137,7.425191,0.693847,6.731343,0.599781,0.094066,8.763886
1624800,40.6137,7.425191,0.693847,6.731343,0.599781,0.094066,8.751178
1624900,40.6137,7.425191,0.693847,6.731343,0.599781,0.094066,8.798474
1625000,40.6137,7.425191,0.693847,6.731343,0.599781,0.094066,8.751178
1625100,40.6137,7.425191,0.693847,6.731343,0.599781,0.094066,8.774025
1625200,40.6137,7.425191,0.693847,6.731343,0.599781,0.094066,8.820806
1625300,40.6137,7.425191,0.693847,6.731343,0.599781,0.094066,8.751178
1625400,40.6137,7.425191,0.693847,6.731343,0.599781,0.094066,8.768608
1625500,40.6137,7.425191,0.693847,6.731343,0.599781,0.094066,8.806624
1625600,40.6137,7.425191,0.693847,6.731343,0.599781,0.094066,8.751178
1625700,40.6137,7.425191,0.693847,6.731343,0.599781,0.094066,8.787803
1625800,40.6137,7.425191,0.693847,6.731343,0.599781,0.094066,8.770828
1625900,40.6137,7.425191,0.693847,6.731343,0.599781,0.094066,8.751178
1626000,40.6137,7.425191,0.693847,6.731343,0.599781,0.094066,8.828380
1626100,40.6137,7.425191,0.693847,6.731343,0.599781,0.094066,8.770799
1626200,40.6137,7.425191,0.693847,6.731343,0.599781,0.094066,8.751178
1626300,40.6137,7.425191,0.693847,6.731343,0.599781,0.094066,8.795454
1626400,40.6137,7.425191,0.693847,6.731343,0.599781,0.094066,8.763886
1626500,40.6137,7.425191,0.693847,6.731343,0.599781,0.094066,8.751178
1626600,40.6137,7.425191,0.693847,6.731343,0.599781,0.094066,8.798474
1626700,40.6137,7.425191,0.693847,6.731343,0.599781,0.094066,8.751178
1626800,40.6137,7.425191,0.693847,6.731343,0.599781,0.094066,8.774025
1626900,40.6137,7.425191,0.693847,6.731343,0.599781,0.094066,8.820806
1627000,40.6137,7.425191,0.693847,6.731343,0.599781,0.094066,8.751178
1627100,40.6137,7.425191,0.693847,6.731343,0.599781,0.094066,8.768608
1627200,40.6137,7.425191,0.693847,6.731343,0.599781,0.094066,8.806624
1627300,40.6137,7.425191,0.693847,6.731343,0.599781,0.094066,8.751178
1627400,40.6137,7.425191,0.693847,6.731343,0.599781,0.094066,8.787803
1627500,40.6137,7.425191,0.693847,6.731343,0.599781,0.094066,8.770828
1627600,40.6137,7.425191,0.693847,6.731343,0.599781,0.094066,8.751178
1627700,40.6137,7.425191,0.693847,6.731343,0.599781,0.094066,8.843551
1627800,40.6137,7.425191,0.693847,6.731343,0.599781,0.094066,8.777922
1627900,40.6137,7.425191,0.693847,6.731343,0.599781,0.094066,8.751178
1628000,40.6137,7.425191,0.693847,6.731343,0.599781,0.094066,8.802503
1628100,40.6137,7.425191,0.693847,6.731343,0.599781,0.094066,8.770799
1628200,40.6137,7.425191,0.693847,6.731343,0.599781,0.094066,8.751178
1628300,40.6137,7.425191,0.693847,6.731343,0.599781,0.094066,8.805523
1628400,40.6137,7.425191,0.693847,6.731343,0.599781,0.094066,8.751178
1628500,40.6137,7.425191,0.693847,6.731343,0.599781,0.094066,8.763559
1628600,40.6137,7.425191,0.693847,6.731343,0.599781,0.094066,8.781448
1628700,40.6137,7.425191,0.693847,6.731343,0.599781,0.094066,8.751178
1628800,40.6137,7.425191,0.693847,6.731343,0.599781,0.094066,8.751239
1628900,40.6137,7.425191,0.693847,6.731343,0.599781,0.094066,8.811822
1629000,40.6137,7.425191,0.693847,6.731343,0.599781,0.094066,8.770799
1629100,40.6137,7.425191,0.693847,6.731343,0.599781,0.094066,8.751178
1629200,40.6137,7.425191,0.693847,6.731343,0.599781,0.094066,8.822124
1629300,40.6137,7.425191,0.693847,6.731343,0.599781,0.094066,8.751178
1629400,40.6137,7.425191,0.693847,6.731343,0.599781,0.094066,8.755531
1629500,40.6137,7.425191,0.693847,6.731343,0.599781,0.094066,8.801170
1629600,40.6137,7.425191,0.693847,6.731343,0.599781,0.094066,8.751178
1629700,40.6137,7.425191,0.693847,6.731343,0.599781,0.094066,8.792654
1629800,40.6137,7.425191,0.693847,6.731343,0.599781,0.094066,8.752353
1629900,40.6137,7.425191,0.693847,6.731343,0.599781,0.094066,8.751239
1630000,40.6137,7.425191,0.693847,6.731343,0.599781,0.094066,8.779327
1630100,40.6137,7.425191,0.693847,6.731343,0.599781,0.094066,8.803294
1630200,40.6137,7.425191,0.693847,6.731343,0.599781,0.094066,8.751178
1630300,40.6137,7.425191,0.693847,6.731343,0.599781,0.094066,8.765561
1630400,40.6137,7.425191,0.693847,6.731343,0.599781,0.094066,8.807741
1630500,40.6137,7.425191,0.693847,6.731343,0.599781,0.094066,8.751178
1630600,40.6137,7.425191,0.693847,6.731343,0.599781,0.094066,8.784755
1630700,40.6137,7.425191,0.693847,6.731343,0.599781,0.094066,8.771946
1630800,40.6137,7.425191,0.693847,6.731343,0.599781,0.094066,8.751178
1630900,40.6137,7.425191,0.693847,6.731343,0.599781,0.094066,8.793829
1631000,40.6137,7.425191,0.693847,6.731343,0.599781,0.094066,8.751178
1631100,40.6137,7.425191,0.693847,6.731343,0.599781,0.094066,8.751239
1631200,40.6137,7.425191,0.693847,6.731343,0.599781,0.094066,8.804308
1631300,40.6137,7.425191,0.693847,6.731343,0.599781,0.094066,8.782854
1631400,40.6137,7.425191,0.693847,6.731343,0.599781,0.094066,8.751178
1631500,40.6137,7.425191,0.693847,6.731343,0.599781,0.094066,8.781187
1631600,40.6137,7.425191,0.693847,6.731343,0.599781,0.094066,8.764096
1631700,40.6137,7.425191,0.693847,6.731343,0.599781,0.094066,8.751178
1631800,40.6137,7.425191,0.693847,6.731343,0.599781,0.094066,8.790802
1631900,40.6137,7.425191,0.693847,6.731343,0.599781,0.094066,8.751178
1632000,40.6137,7.425191,0.693847,6.731343,0.599781,0.094066,8.761720
1632100,40.6137,7.425191,0.693847,6.731343,0.599781,0.094066,8.836717
1632200,40.6137,7.425191,0.693847,6.731343,0.599781,0.094066,8.770799
1632300,40.6137,7.425191,0.693847,6.731343,0.599781,0.094066,8.751178
1632400,40.6137,7.425191,0.693847,6.731343,0.599781,0.094066,8.795454
1632500,40.6137,7.425191,0.693847,6.731343,0.599781,0.094066,8.763886
1632600,40.6137,7.425191,0.693847,6.731343,0.599781,0.094066,8.751178
1632700,40.6137,7.425191,0.693847,6.731343,0.599781,0.094066,8.798474
1632800,40.6137,7.425191,0.693847,6.731343,0.599781,0.094066,8.751178
1632900,40.6137,7.425191,0.693847,6.731343,0.599781,0.094066,8.774025
1633000,40.6137,7.425191,0.693847,6.731343,0.599781,0.094066,8.820806
1633100,40.6137,7.425191,0.693847,6.731343,0.599781,0.094066,8.751178
1633200,40.6137,7.425191,0.693847,6.731343,0.599781,0.094066,8.768608
1633300,40.6137,7.425191,0.693847,6.731343,0.599781,0.094066,8.806624
1633400,40.6137,7.425191,0.693847,6.731343,0.599781,0.094066,8.751178
1633500,40.6137,7.425191,0.693847,6.731343,0.599781,0.094066,8.787803
1633600,40.6137,7.425191,0.693847,6.731343,0.599781,0.094066,8.770828
1633700,40.6137,7.425191,0.693847,6.731343,0.599781,0.094066,8.751178
1633800,40.6137,7.425191,0.693847,6.731343,0.599781,0.094066,8.828380
1633900,40.6137,7.425191,0.693847,6.731343,0.599781,0.094066,8.770799
1634000,40.6137,7.425191,0.693847,6.731343,0.599781,0.094066,8.751178
1634100,40.6137,7.425191,0.693847,6.731343,0.599781,0.094066,8.795454
1634200,40.6137,7.425191,0.693847,6.731343,0.599781,0.094066,8.763886
1634300,40.6137,7.425191,0.693847,6.731343,0.599781,0.094066,8.751178
1634400,40.6137,7.425191,0.693847,6.731343,0.599781,0.094066,8.798474
1634500,40.6137,7.425191,0.693847,6.731343,0.599781,0.094066,8.751178
1634600,40.6137,7.425191,0.693847,6.731343,0.599781,0.094066,8.774025
1634700,40.6137,7.425191,0.693847,6.731343,0.599781,0.094066,8.820806
1634800,40.6137,7.425191,0.693847,6.731343,0.599781,0.094066,8.751178
1634900,40.6137,7.425191,0.693847,6.731343,0.599781,0.094066,8.768608
1635000,40.6137,7.425191,0.693847,6.731343,0.599781,0.094066,8.793779
1635100,40.6137,7.425191,0.693847,6.731343,0.599781,0.094066,8.751178
1635200,40.6137,7.425191,0.693847,6.731343,0.599781,0.094066,8.784619
1635300,40.6137,7.425191,0.693847,6.731343,0.599781,0.094066,8.765033
1635400,40.6137,7.425191,0.693847,6.731343,0.599781,0.094066,8.751178
1635500,40.6137,7.425191,0.693847,6.731343,0.599781,0.094066,8.838718
1635600,40.6137,7.425191,0.693847,6.731343,0.599781,0.094066,8.779523
1635700,40.6137,7.425191,0.693847,6.731343,0.599781,0.094066,8.751178
1635800,40.6137,7.425191,0.693847,6.731343,0.599781,0.094066,8.791203
1635900,40.6137,7.425191,0.693847,6.731343,0.599781,0.094066,8.768137
1636000,40.6137,7.425191,0.693847,6.731343,0.599781,0.094066,8.751178
1636100,40.6137,7.425191,0.693847,6.731343,0.599781,0.094066,8.798474
1636200,40.6137,7.425191,0.693847,6.731343,0.599781,0.094066,8.751178
1636300,40.6137,7.425191,0.693847,6.731343,0.599781,0.094066,8.761856
1636400,40.6137,7.425191,0.693847,6.731343,0.599781,0.094066,8.782967
1636500,40.6137,7.425191,0.693847,6.731343,0.599781,0.094066,8.751178
1636600,40.6137,7.425191,0.693847,6.731343,0.599781,0.094066,8.751239
1636700,40.6137,7.425191,0.693847,6.731343,0.599781,0.094066,8.811822
1636800,40.6137,7.425191,0.693847,6.731343,0.599781,0.094066,8.770799
1636900,40.6137,7.425191,0.693847,6.731343,0.599781,0.094066,8.751178
1637000,40.6137,7.425191,0.693847,6.731343,0.599781,0.094066,8.808162
1637100,40.6137,7.425191,0.693847,6.731343,0.599781,0.094066,8.751178
1637200,40.6137,7.425191,0.693847,6.731343,0.599781,0.094066,8.754226
1637300,40.6137,7.425191,0.693847,6.731343,0.599781,0.094066,8.795426
1637400,40.6137,7.425191,0.693847,6.731343,0.599781,0.094066,8.751178
1637500,40.6137,7.425191,0.693847,6.731343,0.599781,0.094066,8.774025
1637600,40.6137,7.425191,0.693847,6.731343,0.599781,0.094066,8.770799
1637700,40.6137,7.425191,0.693847,6.731343,0.599781,0.094066,8.751239
1637800,40.6137,7.425191,0.693847,6.731343,0.599781,0.094066,8.779327
1637900,40.6137,7.425191,0.693847,6.731343,0.599781,0.094066,8.803294
1638000,40.6137,7.425191,0.693847,6.731343,0.599781,0.094066,8.751178
1638100,40.6137,7.425191,0.693847,6.731343,0.599781,0.094066,8.765561
1638200,40.6137,7.425191,0.693847,6.731343,0.599781,0.094066,8.792662
1638300,40.6137,7.425191,0.693847,6.731343,0.599781,0.094066,8.751178
1638400,40.6137,7.425191,0.693847,6.731343,0.599781,0.094066,8.787667
1638500,40.6137,7.425191,0.693847,6.731343,0.599781,0.094066,8.763915
1638600,40.6137,7.425191,0.693847,6.731343,0.599781,0.094066,8.751178
1638700,40.6137,7.425191,0.693847,6.731343,0.599781,0.094066,8.796693
1638800,40.6137,7.425191,0.693847,6.731343,0.599781,0.094066,8.751178
1638900,40.6137,7.425191,0.693847,6.731343,0.599781,0.094066,8.751239
1639000,40.6137,7.425191,0.693847,6.731343,0.599781,0.094066,8.811822
1639100,40.6137,7.425191,0.693847,6.731343,0.599781,0.094066,8.770799
1639200,40.6137,7.425191,0.693847,6.731343,0.599781,0.094066,8.751178
1639300,40.6137,7.425191,0.693847,6.731343,0.599781,0.094066,8.802503
1639400,40.6137,7.425191,0.693847,6.731343,0.599781,0.094066,8.770799
1639500,40.6137,7.425191,0.693847,6.731343,0.599781,0.094066,8.751178
1639600,40.6137,7.425191,0.693847,6.731343,0.599781,0.094066,8.805523
1639700,40.6137,7.425191,0.693847,6.731343,0.599781,0.094066,8.751178
1639800,40.6137,7.425191,0.693847,6.731343,0.599781,0.094066,8.774662
1639900,40.6137,7.425191,0.693847,6.731343,0.599781,0.094066,8.824142
1640000,40.6137,7.425191,0.693847,6.731343,0.599781,0.094066,8.770799
1640100,40.6137,7.425191,0.693847,6.731343,0.599781,0.094066,8.752117
1640200,40.6137,7.425191,0.693847,6.731343,0.599781,0.094066,8.793167
1640300,40.6137,7.425191,0.693847,6.731343,0.599781,0.094066,8.751178
1640400,40.6137,7.425191,0.693847,6.731343,0.599781,0.094066,8.757469
1640500,40.6137,7.425191,0.693847,6.731343,0.599781,0.094066,8.784512
1640600,40.6137,7.425191,0.693847,6.731343,0.599781,0.094066,8.751178
1640700,40.6137,7.425191,0.693847,6.731343,0.599781,0.094066,8.796518
1640800,40.6137,7.425191,0.693847,6.731343,0.599781,0.094066,8.799247
1640900,40.6137,7.425191,0.693847,6.731343,0.599781,0.094066,8.751178
1641000,40.6137,7.425191,0.693847,6.731343,0.599781,0.094066,8.781325
1641100,40.6137,7.425191,0.693847,6.731343,0.599781,0.094066,8.778015
1641200,40.6137,7.425191,0.693847,6.731343,0.599781,0.094066,8.751178
1641300,40.6137,7.425191,0.693847,6.731343,0.599781,0.094066,8.797299
1641400,40.6137,7.425191,0.693847,6.731343,0.599781,0.094066,8.752353
1641500,40.6137,7.425191,0.693847,6.731343,0.599781,0.094066,8.753292
1641600,40.6137,7.425191,0.693847,6.731343,0.599781,0.094066,8.823035
1641700,40.6137,7.425191,0.693847,6.731343,0.599781,0.094066,8.770799
1641800,40.6137,7.425191,0.693847,6.731343,0.599781,0.094066,8.751178
1641900,40.6137,7.425191,0.693847,6.731343,0.599781,0.094066,8.808162
1642000,40.6137,7.425191,0.693847,6.731343,0.599781,0.094066,8.751178
1642100,40.6137,7.425191,0.693847,6.731343,0.599781,0.094066,8.755531
1642200,40.6137,7.425191,0.693847,6.731343,0.599781,0.094066,8.794121
1642300,40.6137,7.425191,0.693847,6.731343,0.599781,0.094066,8.751178
1642400,40.6137,7.425191,0.693847,6.731343,0.599781,0.094066,8.787850
1642500,40.6137,7.425191,0.693847,6.731343,0.599781,0.094066,8.806980
1642600,40.6137,7.425191,0.693847,6.731343,0.599781,0.094066,8.751178
1642700,40.6137,7.425191,0.693847,6.731343,0.599781,0.094066,8.768608
1642800,40.6137,7.425191,0.693847,6.731343,0.599781,0.094066,8.793779
1642900,40.6137,7.425191,0.693847,6.731343,0.599781,0.094066,8.751178
1643000,40.6137,7.425191,0.693847,6.731343,0.599781,0.094066,8.784619
1643100,40.6137,7.425191,0.693847,6.731343,0.599781,0.094066,8.765033
1643200,40.6137,7.425191,0.693847,6.731343,0.599781,0.094066,8.751178
1643300,40.6137,7.425191,0.693847,6.731343,0.599781,0.094066,8.847442
1643400,40.6137,7.425191,0.693847,6.731343,0.599781,0.094066,8.770799
1643500,40.6137,7.425191,0.693847,6.731343,0.599781,0.094066,8.751178
1643600,40.6137,7.425191,0.693847,6.731343,0.599781,0.094066,8.802503
1643700,40.6137,7.425191,0.693847,6.731343,0.599781,0.094066,8.769681
1643800,40.6137,7.425191,0.693847,6.731343,0.599781,0.094066,8.751178
1643900,40.6137,7.425191,0.693847,6.731343,0.599781,0.094066,8.807453
1644000,40.6137,7.425191,0.693847,6.731343,0.599781,0.094066,8.751178
1644100,40.6137,7.425191,0.693847,6.731343,0.599781,0.094066,8.777256
1644200,40.6137,7.425191,0.693847,6.731343,0.599781,0.094066,8.770799
1644300,40.6137,7.425191,0.693847,6.731343,0.599781,0.094066,8.751178
1644400,40.6137,7.425191,0.693847,6.731343,0.599781,0.094066,8.751239
1644500,40.6137,7.425191,0.693847,6.731343,0.599781,0.094066,8.831442
1644600,40.6137,7.425191,0.693847,6.731343,0.599781,0.094066,8.751178
1644700,40.6137,7.425191,0.693847,6.731343,0.599781,0.094066,8.760004
1644800,40.6137,7.425191,0.693847,6.731343,0.599781,0.094066,8.799336
1644900,40.6137,7.425191,0.693847,6.731343,0.599781,0.094066,8.751178
1645000,40.6137,7.425191,0.693847,6.731343,0.599781,0.094066,8.777496
1645100,40.6137,7.425191,0.693847,6.731343,0.599781,0.094066,8.772156
1645200,40.6137,7.425191,0.693847,6.731343,0.599781,0.094066,8.751178
1645300,40.6137,7.425191,0.693847,6.731343,0.599781,0.094066,8.793645
1645400,40.6137,7.425191,0.693847,6.731343,0.599781,0.094066,8.751178
1645500,40.6137,7.425191,0.693847,6.731343,0.599781,0.094066,8.751239
1645600,40.6137,7.425191,0.693847,6.731343,0.599781,0.094066,8.783374
1645700,40.6137,7.425191,0.693847,6.731343,0.599781,0.094066,8.799247
1645800,40.6137,7.425191,0.693847,6.731343,0.599781,0.094066,8.751178
1645900,40.6137,7.425191,0.693847,6.731343,0.599781,0.094066,8.788238
1646000,40.6137,7.425191,0.693847,6.731343,0.599781,0.094066,8.785064
1646100,40.6137,7.425191,0.693847,6.731343,0.599781,0.094066,8.751178
1646200,40.6137,7.425191,0.693847,6.731343,0.599781,0.094066,8.804348
1646300,40.6137,7.425191,0.693847,6.731343,0.599781,0.094066,8.752353
1646400,40.6137,7.425191,0.693847,6.731343,0.599781,0.094066,8.753292
1646500,40.6137,7.425191,0.693847,6.731343,0.599781,0.094066,8.791715
1646600,40.6137,7.425191,0.693847,6.731343,0.599781,0.094066,8.751178
1646700,40.6137,7.425191,0.693847,6.731343,0.599781,0.094066,8.751239
1646800,40.6137,7.425191,0.693847,6.731343,0.599781,0.094066,8.811822
1646900,40.6137,7.425191,0.693847,6.731343,0.599781,0.094066,8.813145
1647000,40.6137,7.425191,0.693847,6.731343,0.599781,0.094066,8.852462
1647100,40.6137,7.425191,0.693847,6.731343,0.599781,0.094066,8.821923
1647200,40.6137,7.425191,0.693847,6.731343,0.599781,0.094066,8.751178
1647300,40.6137,7.425191,0.693847,6.731343,0.599781,0.094066,8.765561
1647400,40.6137,7.425191,0.693847,6.731343,0.599781,0.094066,8.793779
1647500,40.6137,7.425191,0.693847,6.731343,0.599781,0.094066,8.751178
1647600,40.6137,7.425191,0.693847,6.731343,0.599781,0.094066,8.784619
1647700,40.6137,7.425191,0.693847,6.731343,0.599781,0.094066,8.765033
1647800,40.6137,7.425191,0.693847,6.731343,0.599781,0.094066,8.751178
1647900,40.6137,7.425191,0.693847,6.731343,0.599781,0.094066,8.825149
1648000,40.6137,7.425191,0.693847,6.731343,0.599781,0.094066,8.769681
1648100,40.6137,7.425191,0.693847,6.731343,0.599781,0.094066,8.751178
1648200,40.6137,7.425191,0.693847,6.731343,0.599781,0.094066,8.805551
1648300,40.6137,7.425191,0.693847,6.731343,0.599781,0.094066,8.769681
1648400,40.6137,7.425191,0.693847,6.731343,0.599781,0.094066,8.751178
1648500,40.6137,7.425191,0.693847,6.731343,0.599781,0.094066,8.807453
1648600,40.6137,7.425191,0.693847,6.731343,0.599781,0.094066,8.751178
1648700,40.6137,7.425191,0.693847,6.731343,0.599781,0.094066,8.777256
1648800,40.6137,7.425191,0.693847,6.731343,0.599781,0.094066,8.821923
1648900,40.6137,7.425191,0.693847,6.731343,0.599781,0.094066,8.751178
1649000,40.6137,7.425191,0.693847,6.731343,0.599781,0.094066,8.765561
1649100,40.6137,7.425191,0.693847,6.731343,0.599781,0.094066,8.807741
1649200,40.6137,7.425191,0.693847,6.731343,0.599781,0.094066,8.751178
1649300,40.6137,7.425191,0.693847,6.731343,0.599781,0.094066,8.784755
1649400,40.6137,7.425191,0.693847,6.731343,0.599781,0.094066,8.771946
1649500,40.6137,7.425191,0.693847,6.731343,0.599781,0.094066,8.751178
1649600,40.6137,7.425191,0.693847,6.731343,0.599781,0.094066,8.825333
1649700,40.6137,7.425191,0.693847,6.731343,0.599781,0.094066,8.769681
1649800,40.6137,7.425191,0.693847,6.731343,0.599781,0.094066,8.751178
1649900,40.6137,7.425191,0.693847,6.731343,0.599781,0.094066,8.805551
1650000,40.6137,7.425191,0.693847,6.731343,0.599781,0.094066,8.769681
1650100,40.6137,7.425191,0.693847,6.731343,0.599781,0.094066,8.751178
1650200,40.6137,7.425191,0.693847,6.731343,0.599781,0.094066,8.807453
1650300,40.6137,7.425191,0.693847,6.731343,0.599781,0.094066,8.751178
1650400,40.6137,7.425191,0.693847,6.731343,0.599781,0.094066,8.777710
1650500,40.6137,7.425191,0.693847,6.731343,0.599781,0.094066,8.824142
1650600,40.6137,7.425191,0.693847,6.731343,0.599781,0.094066,8.770799
1650700,40.6137,7.425191,0.693847,6.731343,0.599781,0.094066,8.751178
1650800,40.6137,7.425191,0.693847,6.731343,0.599781,0.094066,8.808162
1650900,40.6137,7.425191,0.693847,6.731343,0.599781,0.094066,8.751178
1651000,40.6137,7.425191,0.693847,6.731343,0.599781,0.094066,8.754226
1651100,40.6137,7.425191,0.693847,6.731343,0.599781,0.094066,8.795426
1651200,40.6137,7.425191,0.693847,6.731343,0.599781,0.094066,8.751178
1651300,40.6137,7.425191,0.693847,6.731343,0.599781,0.094066,8.774025
1651400,40.6137,7.425191,0.693847,6.731343,0.599781,0.094066,8.770799
1651500,40.6137,7.425191,0.693847,6.731343,0.599781,0.094066,8.751239
1651600,40.6137,7.425191,0.693847,6.731343,0.599781,0.094066,8.783868
1651700,40.6137,7.425191,0.693847,6.731343,0.599781,0.094066,8.880114
1651800,40.6137,7.425191,0.693847,6.731343,0.599781,0.094066,8.839388
1651900,40.6137,7.425191,0.693847,6.731343,0.599781,0.094066,8.812667
1652000,40.6137,7.425191,0.693847,6.731343,0.599781,0.094066,8.751178
1652100,40.6137,7.425191,0.693847,6.731343,0.599781,0.094066,8.784612
1652200,40.6137,7.425191,0.693847,6.731343,0.599781,0.094066,8.770799
1652300,40.6137,7.425191,0.693847,6.731343,0.599781,0.094066,8.751178
1652400,40.6137,7.425191,0.693847,6.731343,0.599781,0.094066,8.802503
1652500,40.6137,7.425191,0.693847,6.731343,0.599781,0.094066,8.770799
1652600,40.6137,7.425191,0.693847,6.731343,0.599781,0.094066,8.751178
1652700,40.6137,7.425191,0.693847,6.731343,0.599781,0.094066,8.805523
1652800,40.6137,7.425191,0.693847,6.731343,0.599781,0.094066,8.751178
1652900,40.6137,7.425191,0.693847,6.731343,0.599781,0.094066,8.774208
1653000,40.6137,7.425191,0.693847,6.731343,0.599781,0.094066,8.770799
1653100,40.6137,7.425191,0.693847,6.731343,0.599781,0.094066,8.751178
1653200,40.6137,7.425191,0.693847,6.731343,0.599781,0.094066,8.751239
1653300,40.6137,7.425191,0.693847,6.731343,0.599781,0.094066,8.831442
1653400,40.6137,7.425191,0.693847,6.731343,0.599781,0.094066,8.751178
1653500,40.6137,7.425191,0.693847,6.731343,0.599781,0.094066,8.765561
1653600,40.6137,7.425191,0.693847,6.731343,0.599781,0.094066,8.793779
1653700,40.6137,7.425191,0.693847,6.731343,0.599781,0.094066,8.751178
1653800,40.6137,7.425191,0.693847,6.731343,0.599781,0.094066,8.784619
1653900,40.6137,7.425191,0.693847,6.731343,0.599781,0.094066,8.765033
1654000,40.6137,7.425191,0.693847,6.731343,0.599781,0.094066,8.751178
1654100,40.6137,7.425191,0.693847,6.731343,0.599781,0.094066,8.838718
1654200,40.6137,7.425191,0.693847,6.731343,0.599781,0.094066,8.779523
1654300,40.6137,7.425191,0.693847,6.731343,0.599781,0.094066,8.751178
1654400,40.6137,7.425191,0.693847,6.731343,0.599781,0.094066,8.796946
1654500,40.6137,7.425191,0.693847,6.731343,0.599781,0.094066,8.776355
1654600,40.6137,7.425191,0.693847,6.731343,0.599781,0.094066,8.751178
1654700,40.6137,7.425191,0.693847,6.731343,0.599781,0.094066,8.805523
1654800,40.6137,7.425191,0.693847,6.731343,0.599781,0.094066,8.751178
1654900,40.6137,7.425191,0.693847,6.731343,0.599781,0.094066,8.761993
1655000,40.6137,7.425191,0.693847,6.731343,0.599781,0.094066,8.834139
1655100,40.6137,7.425191,0.693847,6.731343,0.599781,0.094066,8.751178
1655200,40.6137,7.425191,0.693847,6.731343,0.599781,0.094066,8.756623
1655300,40.6137,7.425191,0.693847,6.731343,0.599781,0.094066,8.802717
1655400,40.6137,7.425191,0.693847,6.731343,0.599781,0.094066,8.751178
1655500,40.6137,7.425191,0.693847,6.731343,0.599781,0.094066,8.777496
1655600,40.6137,7.425191,0.693847,6.731343,0.599781,0.094066,8.772156
1655700,40.6137,7.425191,0.693847,6.731343,0.599781,0.094066,8.751178
1655800,40.6137,7.425191,0.693847,6.731343,0.599781,0.094066,8.813094
1655900,40.6137,7.425191,0.693847,6.731343,0.599781,0.094066,8.782854
1656000,40.6137,7.425191,0.693847,6.731343,0.599781,0.094066,8.751178
1656100,40.6137,7.425191,0.693847,6.731343,0.599781,0.094066,8.788331
1656200,40.6137,7.425191,0.693847,6.731343,0.599781,0.094066,8.771009
1656300,40.6137,7.425191,0.693847,6.731343,0.599781,0.094066,8.751178
1656400,40.6137,7.425191,0.693847,6.731343,0.599781,0.094066,8.798474
1656500,40.6137,7.425191,0.693847,6.731343,0.599781,0.094066,8.751178
1656600,40.6137,7.425191,0.693847,6.731343,0.599781,0.094066,8.761856
1656700,40.6137,7.425191,0.693847,6.731343,0.599781,0.094066,8.832974
1656800,40.6137,7.425191,0.693847,6.731343,0.599781,0.094066,8.751178
1656900,40.6137,7.425191,0.693847,6.731343,0.599781,0.094066,8.756340
1657000,40.6137,7.425191,0.693847,6.731343,0.599781,0.094066,8.806048
1657100,40.6137,7.425191,0.693847,6.731343,0.599781,0.094066,8.751178
1657200,40.6137,7.425191,0.693847,6.731343,0.599781,0.094066,8.761569
1657300,40.6137,7.425191,0.693847,6.731343,0.599781,0.094066,8.788083
1657400,40.6137,7.425191,0.693847,6.731343,0.599781,0.094066,8.751178
1657500,40.6137,7.425191,0.693847,6.731343,0.599781,0.094066,8.796318
1657600,40.6137,7.425191,0.693847,6.731343,0.599781,0.094066,8.808098
1657700,40.6137,7.425191,0.693847,6.731343,0.599781,0.094066,8.751178
1657800,40.6137,7.425191,0.693847,6.731343,0.599781,0.094066,8.765561
1657900,40.6137,7.425191,0.693847,6.731343,0.599781,0.094066,8.779723
1658000,40.6137,7.425191,0.693847,6.731343,0.599781,0.094066,8.751178
1658100,40.6137,7.425191,0.693847,6.731343,0.599781,0.094066,8.783860
1658200,40.6137,7.425191,0.693847,6.731343,0.599781,0.094066,8.758120
1658300,40.6137,7.425191,0.693847,6.731343,0.599781,0.094066,8.751178
1658400,40.6137,7.425191,0.693847,6.731343,0.599781,0.094066,8.786549
1658500,40.6137,7.425191,0.693847,6.731343,0.599781,0.094066,8.751178
1658600,40.6137,7.425191,0.693847,6.731343,0.599781,0.094066,8.751239
1658700,40.6137,7.425191,0.693847,6.731343,0.599781,0.094066,8.811822
1658800,40.6137,7.425191,0.693847,6.731343,0.599781,0.094066,8.763886
1658900,40.6137,7.425191,0.693847,6.731343,0.599781,0.094066,8.751178
1659000,40.6137,7.425191,0.693847,6.731343,0.599781,0.094066,8.788310
1659100,40.6137,7.425191,0.693847,6.731343,0.599781,0.094066,8.756973
1659200,40.6137,7.425191,0.693847,6.731343,0.599781,0.094066,8.751178
1659300,40.6137,7.425191,0.693847,6.731343,0.599781,0.094066,8.790802
1659400,40.6137,7.425191,0.693847,6.731343,0.599781,0.094066,8.751178
1659500,40.6137,7.425191,0.693847,6.731343,0.599781,0.094066,8.773841
1659600,40.6137,7.425191,0.693847,6.731343,0.599781,0.094066,8.808098
1659700,40.6137,7.425191,0.693847,6.731343,0.599781,0.094066,8.751178
1659800,40.6137,7.425191,0.693847,6.731343,0.599781,0.094066,8.765561
1659900,40.6137,7.425191,0.693847,6.731343,0.599781,0.094066,8.792662
1660000,40.6137,7.425191,0.693847,6.731343,0.599781,0.094066,8.751178
1660100,40.6137,7.425191,0.693847,6.731343,0.599781,0.094066,8.787667
1660200,40.6137,7.425191,0.693847,6.731343,0.599781,0.094066,8.763915
1660300,40.6137,7.425191,0.693847,6.731343,0.599781,0.094066,8.751178
1660400,40.6137,7.425191,0.693847,6.731343,0.599781,0.094066,8.789780
1660500,40.6137,7.425191,0.693847,6.731343,0.599781,0.094066,8.751178
1660600,40.6137,7.425191,0.693847,6.731343,0.599781,0.094066,8.751239
1660700,40.6137,7.425191,0.693847,6.731343,0.599781,0.094066,8.783868
1660800,40.6137,7.425191,0.693847,6.731343,0.599781,0.094066,8.796381
1660900,40.6137,7.425191,0.693847,6.731343,0.599781,0.094066,8.751178
1661000,40.6137,7.425191,0.693847,6.731343,0.599781,0.094066,8.765561
1661100,40.6137,7.425191,0.693847,6.731343,0.599781,0.094066,8.793779
1661200,40.6137,7.425191,0.693847,6.731343,0.599781,0.094066,8.751178
1661300,40.6137,7.425191,0.693847,6.731343,0.599781,0.094066,8.784619
1661400,40.6137,7.425191,0.693847,6.731343,0.599781,0.094066,8.765033
1661500,40.6137,7.425191,0.693847,6.731343,0.599781,0.094066,8.751178
1661600,40.6137,7.425191,0.693847,6.731343,0.599781,0.094066,8.840530
1661700,40.6137,7.425191,0.693847,6.731343,0.599781,0.094066,8.763886
1661800,40.6137,7.425191,0.693847,6.731343,0.599781,0.094066,8.751178
1661900,40.6137,7.425191,0.693847,6.731343,0.599781,0.094066,8.795454
1662000,40.6137,7.425191,0.693847,6.731343,0.599781,0.094066,8.763886
1662100,40.6137,7.425191,0.693847,6.731343,0.599781,0.094066,8.751178
1662200,40.6137,7.425191,0.693847,6.731343,0.599781,0.094066,8.798474
1662300,40.6137,7.425191,0.693847,6.731343,0.599781,0.094066,8.751178
1662400,40.6137,7.425191,0.693847,6.731343,0.599781,0.094066,8.774025
1662500,40.6137,7.425191,0.693847,6.731343,0.599781,0.094066,8.808098
1662600,40.6137,7.425191,0.693847,6.731343,0.599781,0.094066,8.751178
1662700,40.6137,7.425191,0.693847,6.731343,0.599781,0.094066,8.765561
1662800,40.6137,7.425191,0.693847,6.731343,0.599781,0.094066,8.793779
1662900,40.6137,7.425191,0.693847,6.731343,0.599781,0.094066,8.751178
1663000,40.6137,7.425191,0.693847,6.731343,0.599781,0.094066,8.784619
1663100,40.6137,7.425191,0.693847,6.731343,0.599781,0.094066,8.765033
1663200,40.6137,7.425191,0.693847,6.731343,0.599781,0.094066,8.751178
1663300,40.6137,7.425191,0.693847,6.731343,0.599781,0.094066,8.818236
1663400,40.6137,7.425191,0.693847,6.731343,0.599781,0.094066,8.763886
1663500,40.6137,7.425191,0.693847,6.731343,0.599781,0.094066,8.751178
1663600,40.6137,7.425191,0.693847,6.731343,0.599781,0.094066,8.788310
1663700,40.6137,7.425191,0.693847,6.731343,0.599781,0.094066,8.756973
1663800,40.6137,7.425191,0.693847,6.731343,0.599781,0.094066,8.751178
1663900,40.6137,7.425191,0.693847,6.731343,0.599781,0.094066,8.790802
1664000,40.6137,7.425191,0.693847,6.731343,0.599781,0.094066,8.751178
1664100,40.6137,7.425191,0.693847,6.731343,0.599781,0.094066,8.773841
1664200,40.6137,7.425191,0.693847,6.731343,0.599781,0.094066,8.806980
1664300,40.6137,7.425191,0.693847,6.731343,0.599781,0.094066,8.751178
1664400,40.6137,7.425191,0.693847,6.731343,0.599781,0.094066,8.768608
1664500,40.6137,7.425191,0.693847,6.731343,0.599781,0.094066,8.779723
1664600,40.6137,7.425191,0.693847,6.731343,0.599781,0.094066,8.751178
1664700,40.6137,7.425191,0.693847,6.731343,0.599781,0.094066,8.783860
1664800,40.6137,7.425191,0.693847,6.731343,0.599781,0.094066,8.758120
1664900,40.6137,7.425191,0.693847,6.731343,0.599781,0.094066,8.751178
1665000,40.6137,7.425191,0.693847,6.731343,0.599781,0.094066,8.828291
1665100,40.6137,7.425191,0.693847,6.731343,0.599781,0.094066,8.775941
1665200,40.6137,7.425191,0.693847,6.731343,0.599781,0.094066,8.751178
1665300,40.6137,7.425191,0.693847,6.731343,0.599781,0.094066,8.785583
1665400,40.6137,7.425191,0.693847,6.731343,0.599781,0.094066,8.772639
1665500,40.6137,7.425191,0.693847,6.731343,0.599781,0.094066,8.751178
1665600,40.6137,7.425191,0.693847,6.731343,0.599781,0.094066,8.801521
1665700,40.6137,7.425191,0.693847,6.731343,0.599781,0.094066,8.751178
1665800,40.6137,7.425191,0.693847,6.731343,0.599781,0.094066,8.753292
1665900,40.6137,7.425191,0.693847,6.731343,0.599781,0.094066,8.784618
1666000,40.6137,7.425191,0.693847,6.731343,0.599781,0.094066,8.751178
1666100,40.6137,7.425191,0.693847,6.731343,0.599781,0.094066,8.751239
1666200,40.6137,7.425191,0.693847,6.731343,0.599781,0.094066,8.811822
1666300,40.6137,7.425191,0.693847,6.731343,0.599781,0.094066,8.763886
1666400,40.6137,7.425191,0.693847,6.731343,0.599781,0.094066,8.751178
1666500,40.6137,7.425191,0.693847,6.731343,0.599781,0.094066,8.788310
1666600,40.6137,7.425191,0.693847,6.731343,0.599781,0.094066,8.756973
1666700,40.6137,7.425191,0.693847,6.731343,0.599781,0.094066,8.751178
1666800,40.6137,7.425191,0.693847,6.731343,0.599781,0.094066,8.790802
1666900,40.6137,7.425191,0.693847,6.731343,0.599781,0.094066,8.751178
1667000,40.6137,7.425191,0.693847,6.731343,0.599781,0.094066,8.773841
1667100,40.6137,7.425191,0.693847,6.731343,0.599781,0.094066,8.808098
1667200,40.6137,7.425191,0.693847,6.731343,0.599781,0.094066,8.751178
1667300,40.6137,7.425191,0.693847,6.731343,0.599781,0.094066,8.765561
1667400,40.6137,7.425191,0.693847,6.731343,0.599781,0.094066,8.779723
1667500,40.6137,7.425191,0.693847,6.731343,0.599781,0.094066,8.751178
1667600,40.6137,7.425191,0.693847,6.731343,0.599781,0.094066,8.783860
1667700,40.6137,7.425191,0.693847,6.731343,0.599781,0.094066,8.758120
1667800,40.6137,7.425191,0.693847,6.731343,0.599781,0.094066,8.751178
1667900,40.6137,7.425191,0.693847,6.731343,0.599781,0.094066,8.786549
1668000,40.6137,7.425191,0.693847,6.731343,0.599781,0.094066,8.751178
1668100,40.6137,7.425191,0.693847,6.731343,0.599781,0.094066,8.751239
1668200,40.6137,7.425191,0.693847,6.731343,0.599781,0.094066,8.811822
1668300,40.6137,7.425191,0.693847,6.731343,0.599781,0.094066,8.763886
1668400,40.6137,7.425191,0.693847,6.731343,0.599781,0.094066,8.751178
1668500,40.6137,7.425191,0.693847,6.731343,0.599781,0.094066,8.795454
1668600,40.6137,7.425191,0.693847,6.731343,0.599781,0.094066,8.763886
1668700,40.6137,7.425191,0.693847,6.731343,0.599781,0.094066,8.751178
1668800,40.6137,7.425191,0.693847,6.731343,0.599781,0.094066,8.798474
1668900,40.6137,7.425191,0.693847,6.731343,0.599781,0.094066,8.751178
1669000,40.6137,7.425191,0.693847,6.731343,0.599781,0.094066,8.787202
1669100,40.6137,7.425191,0.693847,6.731343,0.599781,0.094066,8.817214
1669200,40.6137,7.425191,0.693847,6.731343,0.599781,0.094066,8.751178
1669300,40.6137,7.425191,0.693847,6.731343,0.599781,0.094066,8.756623
1669400,40.6137,7.425191,0.693847,6.731343,0.599781,0.094066,8.802717
1669500,40.6137,7.425191,0.693847,6.731343,0.599781,0.094066,8.751178
1669600,40.6137,7.425191,0.693847,6.731343,0.599781,0.094066,8.777496
1669700,40.6137,7.425191,0.693847,6.731343,0.599781,0.094066,8.772156
1669800,40.6137,7.425191,0.693847,6.731343,0.599781,0.094066,8.751178
1669900,40.6137,7.425191,0.693847,6.731343,0.599781,0.094066,8.807115
1670000,40.6137,7.425191,0.693847,6.731343,0.599781,0.094066,8.775008
1670100,40.6137,7.425191,0.693847,6.731343,0.599781,0.094066,8.751178
1670200,40.6137,7.425191,0.693847,6.731343,0.599781,0.094066,8.781187
1670300,40.6137,7.425191,0.693847,6.731343,0.599781,0.094066,8.764096
1670400,40.6137,7.425191,0.693847,6.731343,0.599781,0.094066,8.751178
1670500,40.6137,7.425191,0.693847,6.731343,0.599781,0.094066,8.790802
1670600,40.6137,7.425191,0.693847,6.731343,0.599781,0.094066,8.751178
1670700,40.6137,7.425191,0.693847,6.731343,0.599781,0.094066,8.761720
1670800,40.6137,7.425191,0.693847,6.731343,0.599781,0.094066,8.820219
1670900,40.6137,7.425191,0.693847,6.731343,0.599781,0.094066,8.751178
1671000,40.6137,7.425191,0.693847,6.731343,0.599781,0.094066,8.756623
1671100,40.6137,7.425191,0.693847,6.731343,0.599781,0.094066,8.788660
1671200,40.6137,7.425191,0.693847,6.731343,0.599781,0.094066,8.751178
1671300,40.6137,7.425191,0.693847,6.731343,0.599781,0.094066,8.776737
1671400,40.6137,7.425191,0.693847,6.731343,0.599781,0.094066,8.765243
1671500,40.6137,7.425191,0.693847,6.731343,0.599781,0.094066,8.751178
1671600,40.6137,7.425191,0.693847,6.731343,0.599781,0.094066,8.806931
1671700,40.6137,7.425191,0.693847,6.731343,0.599781,0.094066,8.773890
1671800,40.6137,7.425191,0.693847,6.731343,0.599781,0.094066,8.751178
1671900,40.6137,7.425191,0.693847,6.731343,0.599781,0.094066,8.791379
1672000,40.6137,7.425191,0.693847,6.731343,0.599781,0.094066,8.769891
1672100,40.6137,7.425191,0.693847,6.731343,0.599781,0.094066,8.751178
1672200,40.6137,7.425191,0.693847,6.731343,0.599781,0.094066,8.801521
1672300,40.6137,7.425191,0.693847,6.731343,0.599781,0.094066,8.751178
1672400,40.6137,7.425191,0.693847,6.731343,0.599781,0.094066,8.761856
1672500,40.6137,7.425191,0.693847,6.731343,0.599781,0.094066,8.829852
1672600,40.6137,7.425191,0.693847,6.731343,0.599781,0.094066,8.763886
1672700,40.6137,7.425191,0.693847,6.731343,0.599781,0.094066,8.751178
1672800,40.6137,7.425191,0.693847,6.731343,0.599781,0.094066,8.795454
1672900,40.6137,7.425191,0.693847,6.731343,0.599781,0.094066,8.763886
1673000,40.6137,7.425191,0.693847,6.731343,0.599781,0.094066,8.751178
1673100,40.6137,7.425191,0.693847,6.731343,0.599781,0.094066,8.798474
1673200,40.6137,7.425191,0.693847,6.731343,0.599781,0.094066,8.751178
1673300,40.6137,7.425191,0.693847,6.731343,0.599781,0.094066,8.774025
1673400,40.6137,7.425191,0.693847,6.731343,0.599781,0.094066,8.763886
1673500,40.6137,7.425191,0.693847,6.731343,0.599781,0.094066,8.751178
1673600,40.6137,7.425191,0.693847,6.731343,0.599781,0.094066,8.751239
1673700,40.6137,7.425191,0.693847,6.731343,0.599781,0.094066,8.824530
1673800,40.6137,7.425191,0.693847,6.731343,0.599781,0.094066,8.751178
1673900,40.6137,7.425191,0.693847,6.731343,0.599781,0.094066,8.765561
1674000,40.6137,7.425191,0.693847,6.731343,0.599781,0.094066,8.793779
1674100,40.6137,7.425191,0.693847,6.731343,0.599781,0.094066,8.751178
1674200,40.6137,7.425191,0.693847,6.731343,0.599781,0.094066,8.784619
1674300,40.6137,7.425191,0.693847,6.731343,0.599781,0.094066,8.765033
1674400,40.6137,7.425191,0.693847,6.731343,0.599781,0.094066,8.751178
1674500,40.6137,7.425191,0.693847,6.731343,0.599781,0.094066,8.818236
1674600,40.6137,7.425191,0.693847,6.731343,0.599781,0.094066,8.763886
1674700,40.6137,7.425191,0.693847,6.731343,0.599781,0.094066,8.751178
1674800,40.6137,7.425191,0.693847,6.731343,0.599781,0.094066,8.788310
1674900,40.6137,7.425191,0.693847,6.731343,0.599781,0.094066,8.756973
1675000,40.6137,7.425191,0.693847,6.731343,0.599781,0.094066,8.751178
1675100,40.6137,7.425191,0.693847,6.731343,0.599781,0.094066,8.790802
1675200,40.6137,7.425191,0.693847,6.731343,0.599781,0.094066,8.751178
1675300,40.6137,7.425191,0.693847,6.731343,0.599781,0.094066,8.773841
1675400,40.6137,7.425191,0.693847,6.731343,0.599781,0.094066,8.763886
1675500,40.6137,7.425191,0.693847,6.731343,0.599781,0.094066,8.751178
1675600,40.6137,7.425191,0.693847,6.731343,0.599781,0.094066,8.751239
1675700,40.6137,7.425191,0.693847,6.731343,0.599781,0.094066,8.824530
1675800,40.6137,7.425191,0.693847,6.731343,0.599781,0.094066,8.751178
1675900,40.6137,7.425191,0.693847,6.731343,0.599781,0.094066,8.760004
1676000,40.6137,7.425191,0.693847,6.731343,0.599781,0.094066,8.785279
1676100,40.6137,7.425191,0.693847,6.731343,0.599781,0.094066,8.751178
1676200,40.6137,7.425191,0.693847,6.731343,0.599781,0.094066,8.776737
1676300,40.6137,7.425191,0.693847,6.731343,0.599781,0.094066,8.765243
1676400,40.6137,7.425191,0.693847,6.731343,0.599781,0.094066,8.751178
1676500,40.6137,7.425191,0.693847,6.731343,0.599781,0.094066,8.796134
1676600,40.6137,7.425191,0.693847,6.731343,0.599781,0.094066,8.808098
1676700,40.6137,7.425191,0.693847,6.731343,0.599781,0.094066,8.751178
1676800,40.6137,7.425191,0.693847,6.731343,0.599781,0.094066,8.765561
1676900,40.6137,7.425191,0.693847,6.731343,0.599781,0.094066,8.793779
1677000,40.6137,7.425191,0.693847,6.731343,0.599781,0.094066,8.751178
1677100,40.6137,7.425191,0.693847,6.731343,0.599781,0.094066,8.784619
1677200,40.6137,7.425191,0.693847,6.731343,0.599781,0.094066,8.765033
1677300,40.6137,7.425191,0.693847,6.731343,0.599781,0.094066,8.751178
1677400,40.6137,7.425191,0.693847,6.731343,0.599781,0.094066,8.818236
1677500,40.6137,7.425191,0.693847,6.731343,0.599781,0.094066,8.763886
1677600,40.6137,7.425191,0.693847,6.731343,0.599781,0.094066,8.751178
1677700,40.6137,7.425191,0.693847,6.731343,0.599781,0.094066,8.788310
1677800,40.6137,7.425191,0.693847,6.731343,0.599781,0.094066,8.756973
1677900,40.6137,7.425191,0.693847,6.731343,0.599781,0.094066,8.752117
1678000,40.6137,7.425191,0.693847,6.731343,0.599781,0.094066,8.789863
1678100,40.6137,7.425191,0.693847,6.731343,0.599781,0.094066,8.751178
1678200,40.6137,7.425191,0.693847,6.731343,0.599781,0.094066,8.773841
1678300,40.6137,7.425191,0.693847,6.731343,0.599781,0.094066,8.808098
1678400,40.6137,7.425191,0.693847,6.731343,0.599781,0.094066,8.751178
1678500,40.6137,7.425191,0.693847,6.731343,0.599781,0.094066,8.765561
1678600,40.6137,7.425191,0.693847,6.731343,0.599781,0.094066,8.793779
1678700,40.6137,7.425191,0.693847,6.731343,0.599781,0.094066,8.751178
1678800,40.6137,7.425191,0.693847,6.731343,0.599781,0.094066,8.784619
1678900,40.6137,7.425191,0.693847,6.731343,0.599781,0.094066,8.765033
1679000,40.6137,7.425191,0.693847,6.731343,0.599781,0.094066,8.751178
1679100,40.6137,7.425191,0.693847,6.731343,0.599781,0.094066,8.818236
1679200,40.6137,7.425191,0.693847,6.731343,0.599781,0.094066,8.762768
1679300,40.6137,7.425191,0.693847,6.731343,0.599781,0.094066,8.751178
1679400,40.6137,7.425191,0.693847,6.731343,0.599781,0.094066,8.791358
1679500,40.6137,7.425191,0.693847,6.731343,0.599781,0.094066,8.756973
1679600,40.6137,7.425191,0.693847,6.731343,0.599781,0.094066,8.752117
1679700,40.6137,7.425191,0.693847,6.731343,0.599781,0.094066,8.789863
1679800,40.6137,7.425191,0.693847,6.731343,0.599781,0.094066,8.751178
1679900,40.6137,7.425191,0.693847,6.731343,0.599781,0.094066,8.796134
1680000,40.6137,7.425191,0.693847,6.731343,0.599781,0.094066,8.808098
1680100,40.6137,7.425191,0.693847,6.731343,0.599781,0.094066,8.751178
1680200,40.6137,7.425191,0.693847,6.731343,0.599781,0.094066,8.765561
1680300,40.6137,7.425191,0.693847,6.731343,0.599781,0.094066,8.779723
1680400,40.6137,7.425191,0.693847,6.731343,0.599781,0.094066,8.751178
1680500,40.6137,7.425191,0.693847,6.731343,0.599781,0.094066,8.783860
1680600,40.6137,7.425191,0.693847,6.731343,0.599781,0.094066,8.758120
1680700,40.6137,7.425191,0.693847,6.731343,0.599781,0.094066,8.751178
1680800,40.6137,7.425191,0.693847,6.731343,0.599781,0.094066,8.786549
1680900,40.6137,7.425191,0.693847,6.731343,0.599781,0.094066,8.751178
1681000,40.6137,7.425191,0.693847,6.731343,0.599781,0.094066,8.751239
1681100,40.6137,7.425191,0.693847,6.731343,0.599781,0.094066,8.869066
1681200,40.6137,7.425191,0.693847,6.731343,0.599781,0.094066,8.771009
1681300,40.6137,7.425191,0.693847,6.731343,0.599781,0.094066,8.751178
1681400,40.6137,7.425191,0.693847,6.731343,0.599781,0.094066,8.788310
1681500,40.6137,7.425191,0.693847,6.731343,0.599781,0.094066,8.756973
1681600,40.6137,7.425191,0.693847,6.731343,0.599781,0.094066,8.751178
1681700,40.6137,7.425191,0.693847,6.731343,0.599781,0.094066,8.790802
1681800,40.6137,7.425191,0.693847,6.731343,0.599781,0.094066,8.751178
1681900,40.6137,7.425191,0.693847,6.731343,0.599781,0.094066,8.763286
1682000,40.6137,7.425191,0.693847,6.731343,0.599781,0.094066,8.818653
1682100,40.6137,7.425191,0.693847,6.731343,0.599781,0.094066,8.751178
1682200,40.6137,7.425191,0.693847,6.731343,0.599781,0.094066,8.759791
1682300,40.6137,7.425191,0.693847,6.731343,0.599781,0.094066,8.798432
1682400,40.6137,7.425191,0.693847,6.731343,0.599781,0.094066,8.751178
1682500,40.6137,7.425191,0.693847,6.731343,0.599781,0.094066,8.780544
1682600,40.6137,7.425191,0.693847,6.731343,0.599781,0.094066,8.771038
1682700,40.6137,7.425191,0.693847,6.731343,0.599781,0.094066,8.751178
1682800,40.6137,7.425191,0.693847,6.731343,0.599781,0.094066,8.789780
1682900,40.6137,7.425191,0.693847,6.731343,0.599781,0.094066,8.751178
1683000,40.6137,7.425191,0.693847,6.731343,0.599781,0.094066,8.751239
1683100,40.6137,7.425191,0.693847,6.731343,0.599781,0.094066,8.780502
1683200,40.6137,7.425191,0.693847,6.731343,0.599781,0.094066,8.795206
1683300,40.6137,7.425191,0.693847,6.731343,0.599781,0.094066,8.751178
1683400,40.6137,7.425191,0.693847,6.731343,0.599781,0.094066,8.765561
1683500,40.6137,7.425191,0.693847,6.731343,0.599781,0.094066,8.779723
1683600,40.6137,7.425191,0.693847,6.731343,0.599781,0.094066,8.751178
1683700,40.6137,7.425191,0.693847,6.731343,0.599781,0.094066,8.784794
1683800,40.6137,7.425191,0.693847,6.731343,0.599781,0.094066,8.757187
1683900,40.6137,7.425191,0.693847,6.731343,0.599781,0.094066,8.752117
1684000,40.6137,7.425191,0.693847,6.731343,0.599781,0.094066,8.839407
1684100,40.6137,7.425191,0.693847,6.731343,0.599781,0.094066,8.763886
1684200,40.6137,7.425191,0.693847,6.731343,0.599781,0.094066,8.751178
1684300,40.6137,7.425191,0.693847,6.731343,0.599781,0.094066,8.788310
1684400,40.6137,7.425191,0.693847,6.731343,0.599781,0.094066,8.756973
1684500,40.6137,7.425191,0.693847,6.731343,0.599781,0.094066,8.751178
1684600,40.6137,7.425191,0.693847,6.731343,0.599781,0.094066,8.790802
1684700,40.6137,7.425191,0.693847,6.731343,0.599781,0.094066,8.751178
1684800,40.6137,7.425191,0.693847,6.731343,0.599781,0.094066,8.773841
1684900,40.6137,7.425191,0.693847,6.731343,0.599781,0.094066,8.808098
1685000,40.6137,7.425191,0.693847,6.731343,0.599781,0.094066,8.751178
1685100,40.6137,7.425191,0.693847,6.731343,0.599781,0.094066,8.765561
1685200,40.6137,7.425191,0.693847,6.731343,0.599781,0.094066,8.779723
1685300,40.6137,7.425191,0.693847,6.731343,0.599781,0.094066,8.751178
1685400,40.6137,7.425191,0.693847,6.731343,0.599781,0.094066,8.783860
1685500,40.6137,7.425191,0.693847,6.731343,0.599781,0.094066,8.758120
1685600,40.6137,7.425191,0.693847,6.731343,0.599781,0.094066,8.751178
1685700,40.6137,7.425191,0.693847,6.731343,0.599781,0.094066,8.818053
1685800,40.6137,7.425191,0.693847,6.731343,0.599781,0.094066,8.763886
1685900,40.6137,7.425191,0.693847,6.731343,0.599781,0.094066,8.751178
1686000,40.6137,7.425191,0.693847,6.731343,0.599781,0.094066,8.788310
1686100,40.6137,7.425191,0.693847,6.731343,0.599781,0.094066,8.756973
1686200,40.6137,7.425191,0.693847,6.731343,0.599781,0.094066,8.751178
1686300,40.6137,7.425191,0.693847,6.731343,0.599781,0.094066,8.790802
1686400,40.6137,7.425191,0.693847,6.731343,0.599781,0.094066,8.751178
1686500,40.6137,7.425191,0.693847,6.731343,0.599781,0.094066,8.773841
1686600,40.6137,7.425191,0.693847,6.731343,0.599781,0.094066,8.806980
1686700,40.6137,7.425191,0.693847,6.731343,0.599781,0.094066,8.751178
1686800,40.6137,7.425191,0.693847,6.731343,0.599781,0.094066,8.768608
1686900,40.6137,7.425191,0.693847,6.731343,0.599781,0.094066,8.779723
1687000,40.6137,7.425191,0.693847,6.731343,0.599781,0.094066,8.751178
1687100,40.6137,7.425191,0.693847,6.731343,0.599781,0.094066,8.783860
1687200,40.6137,7.425191,0.693847,6.731343,0.599781,0.094066,8.758120
1687300,40.6137,7.425191,0.693847,6.731343,0.599781,0.094066,8.751178
1687400,40.6137,7.425191,0.693847,6.731343,0.599781,0.094066,8.831622
1687500,40.6137,7.425191,0.693847,6.731343,0.599781,0.094066,8.772610
1687600,40.6137,7.425191,0.693847,6.731343,0.599781,0.094066,8.751178
1687700,40.6137,7.425191,0.693847,6.731343,0.599781,0.094066,8.789897
1687800,40.6137,7.425191,0.693847,6.731343,0.599781,0.094066,8.768325
1687900,40.6137,7.425191,0.693847,6.731343,0.599781,0.094066,8.751178
1688000,40.6137,7.425191,0.693847,6.731343,0.599781,0.094066,8.800404
1688100,40.6137,7.425191,0.693847,6.731343,0.599781,0.094066,8.751178
1688200,40.6137,7.425191,0.693847,6.731343,0.599781,0.094066,8.764904
1688300,40.6137,7.425191,0.693847,6.731343,0.599781,0.094066,8.776054
1688400,40.6137,7.425191,0.693847,6.731343,0.599781,0.094066,8.751178
1688500,40.6137,7.425191,0.693847,6.731343,0.599781,0.094066,8.751239
1688600,40.6137,7.425191,0.693847,6.731343,0.599781,0.094066,8.811822
1688700,40.6137,7.425191,0.693847,6.731343,0.599781,0.094066,8.763886
1688800,40.6137,7.425191,0.693847,6.731343,0.599781,0.094066,8.751178
1688900,40.6137,7.425191,0.693847,6.731343,0.599781,0.094066,8.806987
1689000,40.6137,7.425191,0.693847,6.731343,0.599781,0.094066,8.752353
1689100,40.6137,7.425191,0.693847,6.731343,0.599781,0.094066,8.753292
1689200,40.6137,7.425191,0.693847,6.731343,0.599781,0.094066,8.796360
1689300,40.6137,7.425191,0.693847,6.731343,0.599781,0.094066,8.751178
1689400,40.6137,7.425191,0.693847,6.731343,0.599781,0.094066,8.774025
1689500,40.6137,7.425191,0.693847,6.731343,0.599781,0.094066,8.808098
1689600,40.6137,7.425191,0.693847,6.731343,0.599781,0.094066,8.751178
1689700,40.6137,7.425191,0.693847,6.731343,0.599781,0.094066,8.765561
1689800,40.6137,7.425191,0.693847,6.731343,0.599781,0.094066,8.779723
1689900,40.6137,7.425191,0.693847,6.731343,0.599781,0.094066,8.751178
1690000,40.6137,7.425191,0.693847,6.731343,0.599781,0.094066,8.783860
1690100,40.6137,7.425191,0.693847,6.731343,0.599781,0.094066,8.758120
1690200,40.6137,7.425191,0.693847,6.731343,0.599781,0.094066,8.751178
1690300,40.6137,7.425191,0.693847,6.731343,0.599781,0.094066,8.786549
1690400,40.6137,7.425191,0.693847,6.731343,0.599781,0.094066,8.751178
1690500,40.6137,7.425191,0.693847,6.731343,0.599781,0.094066,8.751239
1690600,40.6137,7.425191,0.693847,6.731343,0.599781,0.094066,8.809240
1690700,40.6137,7.425191,0.693847,6.731343,0.599781,0.094066,8.806211
1690800,40.6137,7.425191,0.693847,6.731343,0.599781,0.094066,8.818940
1690900,40.6137,7.425191,0.693847,6.731343,0.599781,0.094066,8.826852
1691000,40.6137,7.425191,0.693847,6.731343,0.599781,0.094066,8.751178
1691100,40.6137,7.425191,0.693847,6.731343,0.599781,0.094066,8.753292
1691200,40.6137,7.425191,0.693847,6.731343,0.599781,0.094066,8.806048
1691300,40.6137,7.425191,0.693847,6.731343,0.599781,0.094066,8.751178
1691400,40.6137,7.425191,0.693847,6.731343,0.599781,0.094066,8.759172
1691500,40.6137,7.425191,0.693847,6.731343,0.599781,0.094066,8.790480
1691600,40.6137,7.425191,0.693847,6.731343,0.599781,0.094066,8.751178
1691700,40.6137,7.425191,0.693847,6.731343,0.599781,0.094066,8.806181
1691800,40.6137,7.425191,0.693847,6.731343,0.599781,0.094066,8.775941
1691900,40.6137,7.425191,0.693847,6.731343,0.599781,0.094066,8.751178
1692000,40.6137,7.425191,0.693847,6.731343,0.599781,0.094066,8.787184
1692100,40.6137,7.425191,0.693847,6.731343,0.599781,0.094066,8.772156
1692200,40.6137,7.425191,0.693847,6.731343,0.599781,0.094066,8.751178
1692300,40.6137,7.425191,0.693847,6.731343,0.599781,0.094066,8.798474
1692400,40.6137,7.425191,0.693847,6.731343,0.599781,0.094066,8.751178
1692500,40.6137,7.425191,0.693847,6.731343,0.599781,0.094066,8.755531
1692600,40.6137,7.425191,0.693847,6.731343,0.599781,0.094066,8.826591
1692700,40.6137,7.425191,0.693847,6.731343,0.599781,0.094066,8.751178
1692800,40.6137,7.425191,0.693847,6.731343,0.599781,0.094066,8.753292
1692900,40.6137,7.425191,0.693847,6.731343,0.599781,0.094066,8.791991
1693000,40.6137,7.425191,0.693847,6.731343,0.599781,0.094066,8.751178
1693100,40.6137,7.425191,0.693847,6.731343,0.599781,0.094066,8.759035
1693200,40.6137,7.425191,0.693847,6.731343,0.599781,0.094066,8.782945
1693300,40.6137,7.425191,0.693847,6.731343,0.599781,0.094066,8.751178
1693400,40.6137,7.425191,0.693847,6.731343,0.599781,0.094066,8.805998
1693500,40.6137,7.425191,0.693847,6.731343,0.599781,0.094066,8.774823
1693600,40.6137,7.425191,0.693847,6.731343,0.599781,0.094066,8.751178
1693700,40.6137,7.425191,0.693847,6.731343,0.599781,0.094066,8.783088
1693800,40.6137,7.425191,0.693847,6.731343,0.599781,0.094066,8.765243
1693900,40.6137,7.425191,0.693847,6.731343,0.599781,0.094066,8.751178
1694000,40.6137,7.425191,0.693847,6.731343,0.599781,0.094066,8.790802
1694100,40.6137,7.425191,0.693847,6.731343,0.599781,0.094066,8.751178
1694200,40.6137,7.425191,0.693847,6.731343,0.599781,0.094066,8.754226
1694300,40.6137,7.425191,0.693847,6.731343,0.599781,0.094066,8.837299
1694400,40.6137,7.425191,0.693847,6.731343,0.599781,0.094066,8.763886
1694500,40.6137,7.425191,0.693847,6.731343,0.599781,0.094066,8.751178
1694600,40.6137,7.425191,0.693847,6.731343,0.599781,0.094066,8.788310
1694700,40.6137,7.425191,0.693847,6.731343,0.599781,0.094066,8.756973
1694800,40.6137,7.425191,0.693847,6.731343,0.599781,0.094066,8.751178
1694900,40.6137,7.425191,0.693847,6.731343,0.599781,0.094066,8.790802
1695000,40.6137,7.425191,0.693847,6.731343,0.599781,0.094066,8.751178
1695100,40.6137,7.425191,0.693847,6.731343,0.599781,0.094066,8.773841
1695200,40.6137,7.425191,0.693847,6.731343,0.599781,0.094066,8.763886
1695300,40.6137,7.425191,0.693847,6.731343,0.599781,0.094066,8.751178
1695400,40.6137,7.425191,0.693847,6.731343,0.599781,0.094066,8.751239
1695500,40.6137,7.425191,0.693847,6.731343,0.599781,0.094066,8.824530
1695600,40.6137,7.425191,0.693847,6.731343,0.599781,0.094066,8.751178
1695700,40.6137,7.425191,0.693847,6.731343,0.599781,0.094066,8.765561
1695800,40.6137,7.425191,0.693847,6.731343,0.599781,0.094066,8.779723
1695900,40.6137,7.425191,0.693847,6.731343,0.599781,0.094066,8.751178
1696000,40.6137,7.425191,0.693847,6.731343,0.599781,0.094066,8.783860
1696100,40.6137,7.425191,0.693847,6.731343,0.599781,0.094066,8.758120
1696200,40.6137,7.425191,0.693847,6.731343,0.599781,0.094066,8.751178
1696300,40.6137,7.425191,0.693847,6.731343,0.599781,0.094066,8.818053
1696400,40.6137,7.425191,0.693847,6.731343,0.599781,0.094066,8.763886
1696500,40.6137,7.425191,0.693847,6.731343,0.599781,0.094066,8.751178
1696600,40.6137,7.425191,0.693847,6.731343,0.599781,0.094066,8.795454
1696700,40.6137,7.425191,0.693847,6.731343,0.599781,0.094066,8.762768
1696800,40.6137,7.425191,0.693847,6.731343,0.599781,0.094066,8.751178
1696900,40.6137,7.425191,0.693847,6.731343,0.599781,0.094066,8.800404
1697000,40.6137,7.425191,0.693847,6.731343,0.599781,0.094066,8.751178
1697100,40.6137,7.425191,0.693847,6.731343,0.599781,0.094066,8.775925
1697200,40.6137,7.425191,0.693847,6.731343,0.599781,0.094066,8.765033
1697300,40.6137,7.425191,0.693847,6.731343,0.599781,0.094066,8.751178
1697400,40.6137,7.425191,0.693847,6.731343,0.599781,0.094066,8.751239
1697500,40.6137,7.425191,0.693847,6.731343,0.599781,0.094066,8.824530
1697600,40.6137,7.425191,0.693847,6.731343,0.599781,0.094066,8.751178
1697700,40.6137,7.425191,0.693847,6.731343,0.599781,0.094066,8.756623
1697800,40.6137,7.425191,0.693847,6.731343,0.599781,0.094066,8.802717
1697900,40.6137,7.425191,0.693847,6.731343,0.599781,0.094066,8.751178
1698000,40.6137,7.425191,0.693847,6.731343,0.599781,0.094066,8.777496
1698100,40.6137,7.425191,0.693847,6.731343,0.599781,0.094066,8.772156
1698200,40.6137,7.425191,0.693847,6.731343,0.599781,0.094066,8.751178
1698300,40.6137,7.425191,0.693847,6.731343,0.599781,0.094066,8.796318
1698400,40.6137,7.425191,0.693847,6.731343,0.599781,0.094066,8.808098
1698500,40.6137,7.425191,0.693847,6.731343,0.599781,0.094066,8.751178
1698600,40.6137,7.425191,0.693847,6.731343,0.599781,0.094066,8.765561
1698700,40.6137,7.425191,0.693847,6.731343,0.599781,0.094066,8.779723
1698800,40.6137,7.425191,0.693847,6.731343,0.599781,0.094066,8.751178
1698900,40.6137,7.425191,0.693847,6.731343,0.599781,0.094066,8.783860
1699000,40.6137,7.425191,0.693847,6.731343,0.599781,0.094066,8.758120
1699100,40.6137,7.425191,0.693847,6.731343,0.599781,0.094066,8.751178
1699200,40.6137,7.425191,0.693847,6.731343,0.599781,0.094066,8.818053
1699300,40.6137,7.425191,0.693847,6.731343,0.599781,0.094066,8.763886
1699400,40.6137,7.425191,0.693847,6.731343,0.599781,0.094066,8.751178
1699500,40.6137,7.425191,0.693847,6.731343,0.599781,0.094066,8.788310
1699600,40.6137,7.425191,0.693847,6.731343,0.599781,0.094066,8.756973
1699700,40.6137,7.425191,0.693847,6.731343,0.599781,0.094066,8.751178
1699800,40.6137,7.425191,0.693847,6.731343,0.599781,0.094066,8.790802
1699900,40.6137,7.425191,0.693847,6.731343,0.599781,0.094066,8.751178
1700000,40.6137,7.425191,0.693847,6.731343,0.599781,0.094066,8.773841
1700100,40.6137,7.425191,0.693847,6.731343,0.599781,0.094066,8.808098
1700200,40.6137,7.425191,0.693847,6.731343,0.599781,0.094066,8.751178
1700300,40.6137,7.425191,0.693847,6.731343,0.599781,0.094066,8.765561
1700400,40.6137,7.425191,0.693847,6.731343,0.599781,0.094066,8.793779
1700500,40.6137,7.425191,0.693847,6.731343,0.599781,0.094066,8.751178
1700600,40.6137,7.425191,0.693847,6.731343,0.599781,0.094066,8.784619
1700700,40.6137,7.425191,0.693847,6.731343,0.599781,0.094066,8.765033
1700800,40.6137,7.425191,0.693847,6.731343,0.599781,0.094066,8.751178
1700900,40.6137,7.425191,0.693847,6.731343,0.599781,0.094066,8.818236
1701000,40.6137,7.425191,0.693847,6.731343,0.599781,0.094066,8.762768
1701100,40.6137,7.425191,0.693847,6.731343,0.599781,0.094066,8.751178
1701200,40.6137,7.425191,0.693847,6.731343,0.599781,0.094066,8.798502
1701300,40.6137,7.425191,0.693847,6.731343,0.599781,0.094066,8.762768
1701400,40.6137,7.425191,0.693847,6.731343,0.599781,0.094066,8.751178
1701500,40.6137,7.425191,0.693847,6.731343,0.599781,0.094066,8.800404
1701600,40.6137,7.425191,0.693847,6.731343,0.599781,0.094066,8.751178
1701700,40.6137,7.425191,0.693847,6.731343,0.599781,0.094066,8.799366
1701800,40.6137,7.425191,0.693847,6.731343,0.599781,0.094066,8.808098
1701900,40.6137,7.425191,0.693847,6.731343,0.599781,0.094066,8.751178
1702000,40.6137,7.425191,0.693847,6.731343,0.599781,0.094066,8.765347
1702100,40.6137,7.425191,0.693847,6.731343,0.599781,0.094066,8.793993
1702200,40.6137,7.425191,0.693847,6.731343,0.599781,0.094066,8.751178
1702300,40.6137,7.425191,0.693847,6.731343,0.599781,0.094066,8.784619
1702400,40.6137,7.425191,0.693847,6.731343,0.599781,0.094066,8.765033
1702500,40.6137,7.425191,0.693847,6.731343,0.599781,0.094066,8.751178
1702600,40.6137,7.425191,0.693847,6.731343,0.599781,0.094066,8.786733
1702700,40.6137,7.425191,0.693847,6.731343,0.599781,0.094066,8.751178
1702800,40.6137,7.425191,0.693847,6.731343,0.599781,0.094066,8.751239
1702900,40.6137,7.425191,0.693847,6.731343,0.599781,0.094066,8.799767
1703000,40.6137,7.425191,0.693847,6.731343,0.599781,0.094066,8.775941
1703100,40.6137,7.425191,0.693847,6.731343,0.599781,0.094066,8.751178
1703200,40.6137,7.425191,0.693847,6.731343,0.599781,0.094066,8.788118
1703300,40.6137,7.425191,0.693847,6.731343,0.599781,0.094066,8.771222
1703400,40.6137,7.425191,0.693847,6.731343,0.599781,0.094066,8.751178
1703500,40.6137,7.425191,0.693847,6.731343,0.599781,0.094066,8.798474
1703600,40.6137,7.425191,0.693847,6.731343,0.599781,0.094066,8.751178
1703700,40.6137,7.425191,0.693847,6.731343,0.599781,0.094066,8.759782
1703800,40.6137,7.425191,0.693847,6.731343,0.599781,0.094066,8.822340
1703900,40.6137,7.425191,0.693847,6.731343,0.599781,0.094066,8.751178
1704000,40.6137,7.425191,0.693847,6.731343,0.599781,0.094066,8.753292
1704100,40.6137,7.425191,0.693847,6.731343,0.599781,0.094066,8.806048
1704200,40.6137,7.425191,0.693847,6.731343,0.599781,0.094066,8.751178
1704300,40.6137,7.425191,0.693847,6.731343,0.599781,0.094066,8.761569
1704400,40.6137,7.425191,0.693847,6.731343,0.599781,0.094066,8.788083
1704500,40.6137,7.425191,0.693847,6.731343,0.599781,0.094066,8.751178
1704600,40.6137,7.425191,0.693847,6.731343,0.599781,0.094066,8.786733
1704700,40.6137,7.425191,0.693847,6.731343,0.599781,0.094066,8.751178
1704800,40.6137,7.425191,0.693847,6.731343,0.599781,0.094066,8.751239
1704900,40.6137,7.425191,0.693847,6.731343,0.599781,0.094066,8.779327
1705000,40.6137,7.425191,0.693847,6.731343,0.599781,0.094066,8.796381
1705100,40.6137,7.425191,0.693847,6.731343,0.599781,0.094066,8.751178
1705200,40.6137,7.425191,0.693847,6.731343,0.599781,0.094066,8.765561
1705300,40.6137,7.425191,0.693847,6.731343,0.599781,0.094066,8.779723
1705400,40.6137,7.425191,0.693847,6.731343,0.599781,0.094066,8.751178
1705500,40.6137,7.425191,0.693847,6.731343,0.599781,0.094066,8.783860
1705600,40.6137,7.425191,0.693847,6.731343,0.599781,0.094066,8.758120
1705700,40.6137,7.425191,0.693847,6.731343,0.599781,0.094066,8.751178
1705800,40.6137,7.425191,0.693847,6.731343,0.599781,0.094066,8.840346
1705900,40.6137,7.425191,0.693847,6.731343,0.599781,0.094066,8.763886
1706000,40.6137,7.425191,0.693847,6.731343,0.599781,0.094066,8.751178
1706100,40.6137,7.425191,0.693847,6.731343,0.599781,0.094066,8.795454
1706200,40.6137,7.425191,0.693847,6.731343,0.599781,0.094066,8.763886
1706300,40.6137,7.425191,0.693847,6.731343,0.599781,0.094066,8.751178
1706400,40.6137,7.425191,0.693847,6.731343,0.599781,0.094066,8.798474
1706500,40.6137,7.425191,0.693847,6.731343,0.599781,0.094066,8.751178
1706600,40.6137,7.425191,0.693847,6.731343,0.599781,0.094066,8.774025
1706700,40.6137,7.425191,0.693847,6.731343,0.599781,0.094066,8.808098
1706800,40.6137,7.425191,0.693847,6.731343,0.599781,0.094066,8.751178
1706900,40.6137,7.425191,0.693847,6.731343,0.599781,0.094066,8.765561
1707000,40.6137,7.425191,0.693847,6.731343,0.599781,0.094066,8.779723
1707100,40.6137,7.425191,0.693847,6.731343,0.599781,0.094066,8.751178
1707200,40.6137,7.425191,0.693847,6.731343,0.599781,0.094066,8.783860
1707300,40.6137,7.425191,0.693847,6.731343,0.599781,0.094066,8.758120
1707400,40.6137,7.425191,0.693847,6.731343,0.599781,0.094066,8.751178
1707500,40.6137,7.425191,0.693847,6.731343,0.599781,0.094066,8.818053
1707600,40.6137,7.425191,0.693847,6.731343,0.599781,0.094066,8.763886
1707700,40.6137,7.425191,0.693847,6.731343,0.599781,0.094066,8.751178
1707800,40.6137,7.425191,0.693847,6.731343,0.599781,0.094066,8.788310
1707900,40.6137,7.425191,0.693847,6.731343,0.599781,0.094066,8.756973
1708000,40.6137,7.425191,0.693847,6.731343,0.599781,0.094066,8.751178
1708100,40.6137,7.425191,0.693847,6.731343,0.599781,0.094066,8.790802
1708200,40.6137,7.425191,0.693847,6.731343,0.599781,0.094066,8.751178
1708300,40.6137,7.425191,0.693847,6.731343,0.599781,0.094066,8.773841
1708400,40.6137,7.425191,0.693847,6.731343,0.599781,0.094066,8.806980
1708500,40.6137,7.425191,0.693847,6.731343,0.599781,0.094066,8.751178
1708600,40.6137,7.425191,0.693847,6.731343,0.599781,0.094066,8.768608
1708700,40.6137,7.425191,0.693847,6.731343,0.599781,0.094066,8.792662
1708800,40.6137,7.425191,0.693847,6.731343,0.599781,0.094066,8.751178
1708900,40.6137,7.425191,0.693847,6.731343,0.599781,0.094066,8.787667
1709000,40.6137,7.425191,0.693847,6.731343,0.599781,0.094066,8.765033
1709100,40.6137,7.425191,0.693847,6.731343,0.599781,0.094066,8.751178
1709200,40.6137,7.425191,0.693847,6.731343,0.599781,0.094066,8.828475
1709300,40.6137,7.425191,0.693847,6.731343,0.599781,0.094066,8.775941
1709400,40.6137,7.425191,0.693847,6.731343,0.599781,0.094066,8.751178
1709500,40.6137,7.425191,0.693847,6.731343,0.599781,0.094066,8.787184
1709600,40.6137,7.425191,0.693847,6.731343,0.599781,0.094066,8.772156
1709700,40.6137,7.425191,0.693847,6.731343,0.599781,0.094066,8.751178
1709800,40.6137,7.425191,0.693847,6.731343,0.599781,0.094066,8.798474
1709900,40.6137,7.425191,0.693847,6.731343,0.599781,0.094066,8.751178
1710000,40.6137,7.425191,0.693847,6.731343,0.599781,0.094066,8.754226
1710100,40.6137,7.425191,0.693847,6.731343,0.599781,0.094066,8.783685
1710200,40.6137,7.425191,0.693847,6.731343,0.599781,0.094066,8.751178
1710300,40.6137,7.425191,0.693847,6.731343,0.599781,0.094066,8.751239
1710400,40.6137,7.425191,0.693847,6.731343,0.599781,0.094066,8.880730
1710500,40.6137,7.425191,0.693847,6.731343,0.599781,0.094066,8.763886
1710600,40.6137,7.425191,0.693847,6.731343,0.599781,0.094066,8.751178
1710700,40.6137,7.425191,0.693847,6.731343,0.599781,0.094066,8.795454
1710800,40.6137,7.425191,0.693847,6.731343,0.599781,0.094066,8.763886
1710900,40.6137,7.425191,0.693847,6.731343,0.599781,0.094066,8.751178
1711000,40.6137,7.425191,0.693847,6.731343,0.599781,0.094066,8.798474
1711100,40.6137,7.425191,0.693847,6.731343,0.599781,0.094066,8.751178
1711200,40.6137,7.425191,0.693847,6.731343,0.599781,0.094066,8.774025
1711300,40.6137,7.425191,0.693847,6.731343,0.599781,0.094066,8.808098
1711400,40.6137,7.425191,0.693847,6.731343,0.599781,0.094066,8.751178
1711500,40.6137,7.425191,0.693847,6.731343,0.599781,0.094066,8.765561
1711600,40.6137,7.425191,0.693847,6.731343,0.599781,0.094066,8.779723
1711700,40.6137,7.425191,0.693847,6.731343,0.599781,0.094066,8.751178
1711800,40.6137,7.425191,0.693847,6.731343,0.599781,0.094066,8.783860
1711900,40.6137,7.425191,0.693847,6.731343,0.599781,0.094066,8.758120
1712000,40.6137,7.425191,0.693847,6.731343,0.599781,0.094066,8.751178
1712100,40.6137,7.425191,0.693847,6.731343,0.599781,0.094066,8.786549
1712200,40.6137,7.425191,0.693847,6.731343,0.599781,0.094066,8.751178
1712300,40.6137,7.425191,0.693847,6.731343,0.599781,0.094066,8.751239
1712400,40.6137,7.425191,0.693847,6.731343,0.599781,0.094066,8.811822
1712500,40.6137,7.425191,0.693847,6.731343,0.599781,0.094066,8.763886
1712600,40.6137,7.425191,0.693847,6.731343,0.599781,0.094066,8.751178
1712700,40.6137,7.425191,0.693847,6.731343,0.599781,0.094066,8.795454
1712800,40.6137,7.425191,0.693847,6.731343,0.599781,0.094066,8.763886
1712900,40.6137,7.425191,0.693847,6.731343,0.599781,0.094066,8.751178
1713000,40.6137,7.425191,0.693847,6.731343,0.599781,0.094066,8.798474
1713100,40.6137,7.425191,0.693847,6.731343,0.599781,0.094066,8.751178
1713200,40.6137,7.425191,0.693847,6.731343,0.599781,0.094066,8.789615
1713300,40.6137,7.425191,0.693847,6.731343,0.599781,0.094066,8.814801
1713400,40.6137,7.425191,0.693847,6.731343,0.599781,0.094066,8.751178
1713500,40.6137,7.425191,0.693847,6.731343,0.599781,0.094066,8.758224
1713600,40.6137,7.425191,0.693847,6.731343,0.599781,0.094066,8.787059
1713700,40.6137,7.425191,0.693847,6.731343,0.599781,0.094066,8.751178
1713800,40.6137,7.425191,0.693847,6.731343,0.599781,0.094066,8.776737
1713900,40.6137,7.425191,0.693847,6.731343,0.599781,0.094066,8.765243
1714000,40.6137,7.425191,0.693847,6.731343,0.599781,0.094066,8.751178
1714100,40.6137,7.425191,0.693847,6.731343,0.599781,0.094066,8.809329
1714200,40.6137,7.425191,0.693847,6.731343,0.599781,0.094066,8.772610
1714300,40.6137,7.425191,0.693847,6.731343,0.599781,0.094066,8.751178
1714400,40.6137,7.425191,0.693847,6.731343,0.599781,0.094066,8.784059
1714500,40.6137,7.425191,0.693847,6.731343,0.599781,0.094066,8.761224
1714600,40.6137,7.425191,0.693847,6.731343,0.599781,0.094066,8.751178
1714700,40.6137,7.425191,0.693847,6.731343,0.599781,0.094066,8.790802
1714800,40.6137,7.425191,0.693847,6.731343,0.599781,0.094066,8.751178
1714900,40.6137,7.425191,0.693847,6.731343,0.599781,0.094066,8.761720
1715000,40.6137,7.425191,0.693847,6.731343,0.599781,0.094066,8.820219
1715100,40.6137,7.425191,0.693847,6.731343,0.599781,0.094066,8.751178
1715200,40.6137,7.425191,0.693847,6.731343,0.599781,0.094066,8.758224
1715300,40.6137,7.425191,0.693847,6.731343,0.599781,0.094066,8.787059
1715400,40.6137,7.425191,0.693847,6.731343,0.599781,0.094066,8.751178
1715500,40.6137,7.425191,0.693847,6.731343,0.599781,0.094066,8.776737
1715600,40.6137,7.425191,0.693847,6.731343,0.599781,0.094066,8.765243
1715700,40.6137,7.425191,0.693847,6.731343,0.599781,0.094066,8.751178
1715800,40.6137,7.425191,0.693847,6.731343,0.599781,0.094066,8.809329
1715900,40.6137,7.425191,0.693847,6.731343,0.599781,0.094066,8.771493
1716000,40.6137,7.425191,0.693847,6.731343,0.599781,0.094066,8.751178
1716100,40.6137,7.425191,0.693847,6.731343,0.599781,0.094066,8.785801
1716200,40.6137,7.425191,0.693847,6.731343,0.599781,0.094066,8.762530
1716300,40.6137,7.425191,0.693847,6.731343,0.599781,0.094066,8.751178
1716400,40.6137,7.425191,0.693847,6.731343,0.599781,0.094066,8.790802
1716500,40.6137,7.425191,0.693847,6.731343,0.599781,0.094066,8.751178
1716600,40.6137,7.425191,0.693847,6.731343,0.599781,0.094066,8.761720
1716700,40.6137,7.425191,0.693847,6.731343,0.599781,0.094066,8.829805
1716800,40.6137,7.425191,0.693847,6.731343,0.599781,0.094066,8.763886
1716900,40.6137,7.425191,0.693847,6.731343,0.599781,0.094066,8.751178
1717000,40.6137,7.425191,0.693847,6.731343,0.599781,0.094066,8.788310
1717100,40.6137,7.425191,0.693847,6.731343,0.599781,0.094066,8.756973
1717200,40.6137,7.425191,0.693847,6.731343,0.599781,0.094066,8.751178
1717300,40.6137,7.425191,0.693847,6.731343,0.599781,0.094066,8.790802
1717400,40.6137,7.425191,0.693847,6.731343,0.599781,0.094066,8.751178
1717500,40.6137,7.425191,0.693847,6.731343,0.599781,0.094066,8.773841
1717600,40.6137,7.425191,0.693847,6.731343,0.599781,0.094066,8.763886
1717700,40.6137,7.425191,0.693847,6.731343,0.599781,0.094066,8.751178
1717800,40.6137,7.425191,0.693847,6.731343,0.599781,0.094066,8.751239
1717900,40.6137,7.425191,0.693847,6.731343,0.599781,0.094066,8.824530
1718000,40.6137,7.425191,0.693847,6.731343,0.599781,0.094066,8.751178
1718100,40.6137,7.425191,0.693847,6.731343,0.599781,0.094066,8.765561
1718200,40.6137,7.425191,0.693847,6.731343,0.599781,0.094066,8.792662
1718300,40.6137,7.425191,0.693847,6.731343,0.599781,0.094066,8.751178
1718400,40.6137,7.425191,0.693847,6.731343,0.599781,0.094066,8.787667
1718500,40.6137,7.425191,0.693847,6.731343,0.599781,0.094066,8.765033
1718600,40.6137,7.425191,0.693847,6.731343,0.599781,0.094066,8.751178
1718700,40.6137,7.425191,0.693847,6.731343,0.599781,0.094066,8.818236
1718800,40.6137,7.425191,0.693847,6.731343,0.599781,0.094066,8.763886
1718900,40.6137,7.425191,0.693847,6.731343,0.599781,0.094066,8.751178
1719000,40.6137,7.425191,0.693847,6.731343,0.599781,0.094066,8.795454
1719100,40.6137,7.425191,0.693847,6.731343,0.599781,0.094066,8.763886
1719200,40.6137,7.425191,0.693847,6.731343,0.599781,0.094066,8.751178
1719300,40.6137,7.425191,0.693847,6.731343,0.599781,0.094066,8.798474
1719400,40.6137,7.425191,0.693847,6.731343,0.599781,0.094066,8.751178
1719500,40.6137,7.425191,0.693847,6.731343,0.599781,0.094066,8.774025
1719600,40.6137,7.425191,0.693847,6.731343,0.599781,0.094066,8.763886
1719700,40.6137,7.425191,0.693847,6.731343,0.599781,0.094066,8.751178
1719800,40.6137,7.425191,0.693847,6.731343,0.599781,0.094066,8.751239
1719900,40.6137,7.425191,0.693847,6.731343,0.599781,0.094066,8.880730
1720000,40.6137,7.425191,0.693847,6.731343,0.599781,0.094066,8.763886
1720100,40.6137,7.425191,0.693847,6.731343,0.599781,0.094066,8.751178
1720200,40.6137,7.425191,0.693847,6.731343,0.599781,0.094066,8.808162
1720300,40.6137,7.425191,0.693847,6.731343,0.599781,0.094066,8.751178
1720400,40.6137,7.425191,0.693847,6.731343,0.599781,0.094066,8.753292
1720500,40.6137,7.425191,0.693847,6.731343,0.599781,0.094066,8.796360
1720600,40.6137,7.425191,0.693847,6.731343,0.599781,0.094066,8.751178
1720700,40.6137,7.425191,0.693847,6.731343,0.599781,0.094066,8.796318
1720800,40.6137,7.425191,0.693847,6.731343,0.599781,0.094066,8.808098
1720900,40.6137,7.425191,0.693847,6.731343,0.599781,0.094066,8.751178
1721000,40.6137,7.425191,0.693847,6.731343,0.599781,0.094066,8.765561
1721100,40.6137,7.425191,0.693847,6.731343,0.599781,0.094066,8.793779
1721200,40.6137,7.425191,0.693847,6.731343,0.599781,0.094066,8.751178
1721300,40.6137,7.425191,0.693847,6.731343,0.599781,0.094066,8.784619
1721400,40.6137,7.425191,0.693847,6.731343,0.599781,0.094066,8.765033
1721500,40.6137,7.425191,0.693847,6.731343,0.599781,0.094066,8.751178
1721600,40.6137,7.425191,0.693847,6.731343,0.599781,0.094066,8.818236
1721700,40.6137,7.425191,0.693847,6.731343,0.599781,0.094066,8.763886
1721800,40.6137,7.425191,0.693847,6.731343,0.599781,0.094066,8.751178
1721900,40.6137,7.425191,0.693847,6.731343,0.599781,0.094066,8.795454
1722000,40.6137,7.425191,0.693847,6.731343,0.599781,0.094066,8.763886
1722100,40.6137,7.425191,0.693847,6.731343,0.599781,0.094066,8.751178
1722200,40.6137,7.425191,0.693847,6.731343,0.599781,0.094066,8.798474
1722300,40.6137,7.425191,0.693847,6.731343,0.599781,0.094066,8.751178
1722400,40.6137,7.425191,0.693847,6.731343,0.599781,0.094066,8.774025
1722500,40.6137,7.425191,0.693847,6.731343,0.599781,0.094066,8.808098
1722600,40.6137,7.425191,0.693847,6.731343,0.599781,0.094066,8.751178
1722700,40.6137,7.425191,0.693847,6.731343,0.599781,0.094066,8.765561
1722800,40.6137,7.425191,0.693847,6.731343,0.599781,0.094066,8.779723
1722900,40.6137,7.425191,0.693847,6.731343,0.599781,0.094066,8.751178
1723000,40.6137,7.425191,0.693847,6.731343,0.599781,0.094066,8.783860
1723100,40.6137,7.425191,0.693847,6.731343,0.599781,0.094066,8.758120
1723200,40.6137,7.425191,0.693847,6.731343,0.599781,0.094066,8.751178
1723300,40.6137,7.425191,0.693847,6.731343,0.599781,0.094066,8.818053
1723400,40.6137,7.425191,0.693847,6.731343,0.599781,0.094066,8.762768
1723500,40.6137,7.425191,0.693847,6.731343,0.599781,0.094066,8.751178
1723600,40.6137,7.425191,0.693847,6.731343,0.599781,0.094066,8.798502
1723700,40.6137,7.425191,0.693847,6.731343,0.599781,0.094066,8.762768
1723800,40.6137,7.425191,0.693847,6.731343,0.599781,0.094066,8.751178
1723900,40.6137,7.425191,0.693847,6.731343,0.599781,0.094066,8.801521
1724000,40.6137,7.425191,0.693847,6.731343,0.599781,0.094066,8.751178
1724100,40.6137,7.425191,0.693847,6.731343,0.599781,0.094066,8.785601
1724200,40.6137,7.425191,0.693847,6.731343,0.599781,0.094066,8.823932
1724300,40.6137,7.425191,0.693847,6.731343,0.599781,0.094066,8.825504
1724400,40.6137,7.425191,0.693847,6.731343,0.599781,0.094066,8.805780
1724500,40.6137,7.425191,0.693847,6.731343,0.599781,0.094066,8.751178
1724600,40.6137,7.425191,0.693847,6.731343,0.599781,0.094066,8.751239
1724700,40.6137,7.425191,0.693847,6.731343,0.599781,0.094066,8.799767
1724800,40.6137,7.425191,0.693847,6.731343,0.599781,0.094066,8.775941
1724900,40.6137,7.425191,0.693847,6.731343,0.599781,0.094066,8.751178
1725000,40.6137,7.425191,0.693847,6.731343,0.599781,0.094066,8.780041
1725100,40.6137,7.425191,0.693847,6.731343,0.599781,0.094066,8.765243
1725200,40.6137,7.425191,0.693847,6.731343,0.599781,0.094066,8.751178
1725300,40.6137,7.425191,0.693847,6.731343,0.599781,0.094066,8.790802
1725400,40.6137,7.425191,0.693847,6.731343,0.599781,0.094066,8.751178
1725500,40.6137,7.425191,0.693847,6.731343,0.599781,0.094066,8.754226
1725600,40.6137,7.425191,0.693847,6.731343,0.599781,0.094066,8.819625
1725700,40.6137,7.425191,0.693847,6.731343,0.599781,0.094066,8.759266
1725800,40.6137,7.425191,0.693847,6.731343,0.599781,0.094066,8.753292
1725900,40.6137,7.425191,0.693847,6.731343,0.599781,0.094066,8.791991
1726000,40.6137,7.425191,0.693847,6.731343,0.599781,0.094066,8.751178
1726100,40.6137,7.425191,0.693847,6.731343,0.599781,0.094066,8.757469
1726200,40.6137,7.425191,0.693847,6.731343,0.599781,0.094066,8.784512
1726300,40.6137,7.425191,0.693847,6.731343,0.599781,0.094066,8.751178
1726400,40.6137,7.425191,0.693847,6.731343,0.599781,0.094066,8.786549
1726500,40.6137,7.425191,0.693847,6.731343,0.599781,0.094066,8.751178
1726600,40.6137,7.425191,0.693847,6.731343,0.599781,0.094066,8.751239
1726700,40.6137,7.425191,0.693847,6.731343,0.599781,0.094066,8.779327
1726800,40.6137,7.425191,0.693847,6.731343,0.599781,0.094066,8.796381
1726900,40.6137,7.425191,0.693847,6.731343,0.599781,0.094066,8.751178
1727000,40.6137,7.425191,0.693847,6.731343,0.599781,0.094066,8.765561
1727100,40.6137,7.425191,0.693847,6.731343,0.599781,0.094066,8.779723
1727200,40.6137,7.425191,0.693847,6.731343,0.599781,0.094066,8.751178
1727300,40.6137,7.425191,0.693847,6.731343,0.599781,0.094066,8.783860
1727400,40.6137,7.425191,0.693847,6.731343,0.599781,0.094066,8.758120
1727500,40.6137,7.425191,0.693847,6.731343,0.599781,0.094066,8.751178
1727600,40.6137,7.425191,0.693847,6.731343,0.599781,0.094066,8.840346
1727700,40.6137,7.425191,0.693847,6.731343,0.599781,0.094066,8.763886
1727800,40.6137,7.425191,0.693847,6.731343,0.599781,0.094066,8.751178
1727900,40.6137,7.425191,0.693847,6.731343,0.599781,0.094066,8.795454
1728000,40.6137,7.425191,0.693847,6.731343,0.599781,0.094066,8.763886
1728100,40.6137,7.425191,0.693847,6.731343,0.599781,0.094066,8.751178
1728200,40.6137,7.425191,0.693847,6.731343,0.599781,0.094066,8.798474
1728300,40.6137,7.425191,0.693847,6.731343,0.599781,0.094066,8.751178
1728400,40.6137,7.425191,0.693847,6.731343,0.599781,0.094066,8.774025
1728500,40.6137,7.425191,0.693847,6.731343,0.599781,0.094066,8.820551
1728600,40.6137,7.425191,0.693847,6.731343,0.599781,0.094066,8.825290
1728700,40.6137,7.425191,0.693847,6.731343,0.599781,0.094066,8.830161
1728800,40.6137,7.425191,0.693847,6.731343,0.599781,0.094066,8.763886
1728900,40.6137,7.425191,0.693847,6.731343,0.599781,0.094066,8.751178
1729000,40.6137,7.425191,0.693847,6.731343,0.599781,0.094066,8.788310
1729100,40.6137,7.425191,0.693847,6.731343,0.599781,0.094066,8.756973
1729200,40.6137,7.425191,0.693847,6.731343,0.599781,0.094066,8.751178
1729300,40.6137,7.425191,0.693847,6.731343,0.599781,0.094066,8.790802
1729400,40.6137,7.425191,0.693847,6.731343,0.599781,0.094066,8.751178
1729500,40.6137,7.425191,0.693847,6.731343,0.599781,0.094066,8.773841
1729600,40.6137,7.425191,0.693847,6.731343,0.599781,0.094066,8.806980
1729700,40.6137,7.425191,0.693847,6.731343,0.599781,0.094066,8.751178
1729800,40.6137,7.425191,0.693847,6.731343,0.599781,0.094066,8.768608
1729900,40.6137,7.425191,0.693847,6.731343,0.599781,0.094066,8.792662
1730000,40.6137,7.425191,0.693847,6.731343,0.599781,0.094066,8.751178
1730100,40.6137,7.425191,0.693847,6.731343,0.599781,0.094066,8.787667
1730200,40.6137,7.425191,0.693847,6.731343,0.599781,0.094066,8.765033
1730300,40.6137,7.425191,0.693847,6.731343,0.599781,0.094066,8.751178
1730400,40.6137,7.425191,0.693847,6.731343,0.599781,0.094066,8.831806
1730500,40.6137,7.425191,0.693847,6.731343,0.599781,0.094066,8.772610
1730600,40.6137,7.425191,0.693847,6.731343,0.599781,0.094066,8.751178
1730700,40.6137,7.425191,0.693847,6.731343,0.599781,0.094066,8.791203
1730800,40.6137,7.425191,0.693847,6.731343,0.599781,0.094066,8.768137
1730900,40.6137,7.425191,0.693847,6.731343,0.599781,0.094066,8.751178
1731000,40.6137,7.425191,0.693847,6.731343,0.599781,0.094066,8.798474
1731100,40.6137,7.425191,0.693847,6.731343,0.599781,0.094066,8.751178
1731200,40.6137,7.425191,0.693847,6.731343,0.599781,0.094066,8.761856
1731300,40.6137,7.425191,0.693847,6.731343,0.599781,0.094066,8.776054
1731400,40.6137,7.425191,0.693847,6.731343,0.599781,0.094066,8.751178
1731500,40.6137,7.425191,0.693847,6.731343,0.599781,0.094066,8.751239
1731600,40.6137,7.425191,0.693847,6.731343,0.599781,0.094066,8.811822
1731700,40.6137,7.425191,0.693847,6.731343,0.599781,0.094066,8.763886
1731800,40.6137,7.425191,0.693847,6.731343,0.599781,0.094066,8.751178
1731900,40.6137,7.425191,0.693847,6.731343,0.599781,0.094066,8.808162
1732000,40.6137,7.425191,0.693847,6.731343,0.599781,0.094066,8.751178
1732100,40.6137,7.425191,0.693847,6.731343,0.599781,0.094066,8.754226
1732200,40.6137,7.425191,0.693847,6.731343,0.599781,0.094066,8.795426
1732300,40.6137,7.425191,0.693847,6.731343,0.599781,0.094066,8.751178
1732400,40.6137,7.425191,0.693847,6.731343,0.599781,0.094066,8.774025
1732500,40.6137,7.425191,0.693847,6.731343,0.599781,0.094066,8.808098
1732600,40.6137,7.425191,0.693847,6.731343,0.599781,0.094066,8.751178
1732700,40.6137,7.425191,0.693847,6.731343,0.599781,0.094066,8.765561
1732800,40.6137,7.425191,0.693847,6.731343,0.599781,0.094066,8.779723
1732900,40.6137,7.425191,0.693847,6.731343,0.599781,0.094066,8.751178
1733000,40.6137,7.425191,0.693847,6.731343,0.599781,0.094066,8.784794
1733100,40.6137,7.425191,0.693847,6.731343,0.599781,0.094066,8.757187
1733200,40.6137,7.425191,0.693847,6.731343,0.599781,0.094066,8.752117
1733300,40.6137,7.425191,0.693847,6.731343,0.599781,0.094066,8.785610
1733400,40.6137,7.425191,0.693847,6.731343,0.599781,0.094066,8.751178
1733500,40.6137,7.425191,0.693847,6.731343,0.599781,0.094066,8.751239
1733600,40.6137,7.425191,0.693847,6.731343,0.599781,0.094066,8.811822
1733700,40.6137,7.425191,0.693847,6.731343,0.599781,0.094066,8.763886
1733800,40.6137,7.425191,0.693847,6.731343,0.599781,0.094066,8.751178
1733900,40.6137,7.425191,0.693847,6.731343,0.599781,0.094066,8.788310
1734000,40.6137,7.425191,0.693847,6.731343,0.599781,0.094066,8.756973
1734100,40.6137,7.425191,0.693847,6.731343,0.599781,0.094066,8.751178
1734200,40.6137,7.425191,0.693847,6.731343,0.599781,0.094066,8.790802
1734300,40.6137,7.425191,0.693847,6.731343,0.599781,0.094066,8.751178
1734400,40.6137,7.425191,0.693847,6.731343,0.599781,0.094066,8.796134
1734500,40.6137,7.425191,0.693847,6.731343,0.599781,0.094066,8.820551
1734600,40.6137,7.425191,0.693847,6.731343,0.599781,0.094066,8.825290
1734700,40.6137,7.425191,0.693847,6.731343,0.599781,0.094066,8.830161
1734800,40.6137,7.425191,0.693847,6.731343,0.599781,0.094066,8.763886
1734900,40.6137,7.425191,0.693847,6.731343,0.599781,0.094066,8.751178
1735000,40.6137,7.425191,0.693847,6.731343,0.599781,0.094066,8.795454
1735100,40.6137,7.425191,0.693847,6.731343,0.599781,0.094066,8.763886
1735200,40.6137,7.425191,0.693847,6.731343,0.599781,0.094066,8.751178
1735300,40.6137,7.425191,0.693847,6.731343,0.599781,0.094066,8.798474
1735400,40.6137,7.425191,0.693847,6.731343,0.599781,0.094066,8.751178
1735500,40.6137,7.425191,0.693847,6.731343,0.599781,0.094066,8.774025
1735600,40.6137,7.425191,0.693847,6.731343,0.599781,0.094066,8.808098
1735700,40.6137,7.425191,0.693847,6.731343,0.599781,0.094066,8.751178
1735800,40.6137,7.425191,0.693847,6.731343,0.599781,0.094066,8.765561
1735900,40.6137,7.425191,0.693847,6.731343,0.599781,0.094066,8.793779
1736000,40.6137,7.425191,0.693847,6.731343,0.599781,0.094066,8.751178
1736100,40.6137,7.425191,0.693847,6.731343,0.599781,0.094066,8.784619
1736200,40.6137,7.425191,0.693847,6.731343,0.599781,0.094066,8.765033
1736300,40.6137,7.425191,0.693847,6.731343,0.599781,0.094066,8.751178
1736400,40.6137,7.425191,0.693847,6.731343,0.599781,0.094066,8.818236
1736500,40.6137,7.425191,0.693847,6.731343,0.599781,0.094066,8.762768
1736600,40.6137,7.425191,0.693847,6.731343,0.599781,0.094066,8.751178
1736700,40.6137,7.425191,0.693847,6.731343,0.599781,0.094066,8.791358
1736800,40.6137,7.425191,0.693847,6.731343,0.599781,0.094066,8.756973
1736900,40.6137,7.425191,0.693847,6.731343,0.599781,0.094066,8.751178
1737000,40.6137,7.425191,0.693847,6.731343,0.599781,0.094066,8.790802
1737100,40.6137,7.425191,0.693847,6.731343,0.599781,0.094066,8.751178
1737200,40.6137,7.425191,0.693847,6.731343,0.599781,0.094066,8.775862
1737300,40.6137,7.425191,0.693847,6.731343,0.599781,0.094066,8.827195
1737400,40.6137,7.425191,0.693847,6.731343,0.599781,0.094066,8.752353
1737500,40.6137,7.425191,0.693847,6.731343,0.599781,0.094066,8.753292
1737600,40.6137,7.425191,0.693847,6.731343,0.599781,0.094066,8.791991
1737700,40.6137,7.425191,0.693847,6.731343,0.599781,0.094066,8.751178
1737800,40.6137,7.425191,0.693847,6.731343,0.599781,0.094066,8.757469
1737900,40.6137,7.425191,0.693847,6.731343,0.599781,0.094066,8.784512
1738000,40.6137,7.425191,0.693847,6.731343,0.599781,0.094066,8.751178
1738100,40.6137,7.425191,0.693847,6.731343,0.599781,0.094066,8.786549
1738200,40.6137,7.425191,0.693847,6.731343,0.599781,0.094066,8.751178
1738300,40.6137,7.425191,0.693847,6.731343,0.599781,0.094066,8.751239
1738400,40.6137,7.425191,0.693847,6.731343,0.599781,0.094066,8.779327
1738500,40.6137,7.425191,0.693847,6.731343,0.599781,0.094066,8.860748
1738600,40.6137,7.425191,0.693847,6.731343,0.599781,0.094066,8.751178
1738700,40.6137,7.425191,0.693847,6.731343,0.599781,0.094066,8.765561
1738800,40.6137,7.425191,0.693847,6.731343,0.599781,0.094066,8.779723
1738900,40.6137,7.425191,0.693847,6.731343,0.599781,0.094066,8.751178
1739000,40.6137,7.425191,0.693847,6.731343,0.599781,0.094066,8.783860
1739100,40.6137,7.425191,0.693847,6.731343,0.599781,0.094066,8.758120
1739200,40.6137,7.425191,0.693847,6.731343,0.599781,0.094066,8.751178
1739300,40.6137,7.425191,0.693847,6.731343,0.599781,0.094066,8.818053
1739400,40.6137,7.425191,0.693847,6.731343,0.599781,0.094066,8.763886
1739500,40.6137,7.425191,0.693847,6.731343,0.599781,0.094066,8.751178
1739600,40.6137,7.425191,0.693847,6.731343,0.599781,0.094066,8.788310
1739700,40.6137,7.425191,0.693847,6.731343,0.599781,0.094066,8.756973
1739800,40.6137,7.425191,0.693847,6.731343,0.599781,0.094066,8.751178
1739900,40.6137,7.425191,0.693847,6.731343,0.599781,0.094066,8.790802
1740000,40.6137,7.425191,0.693847,6.731343,0.599781,0.094066,8.751178
1740100,40.6137,7.425191,0.693847,6.731343,0.599781,0.094066,8.773841
1740200,40.6137,7.425191,0.693847,6.731343,0.599781,0.094066,8.763886
1740300,40.6137,7.425191,0.693847,6.731343,0.599781,0.094066,8.751178
1740400,40.6137,7.425191,0.693847,6.731343,0.599781,0.094066,8.751239
1740500,40.6137,7.425191,0.693847,6.731343,0.599781,0.094066,8.824530
1740600,40.6137,7.425191,0.693847,6.731343,0.599781,0.094066,8.751178
1740700,40.6137,7.425191,0.693847,6.731343,0.599781,0.094066,8.765561
1740800,40.6137,7.425191,0.693847,6.731343,0.599781,0.094066,8.779723
1740900,40.6137,7.425191,0.693847,6.731343,0.599781,0.094066,8.751178
1741000,40.6137,7.425191,0.693847,6.731343,0.599781,0.094066,8.783860
1741100,40.6137,7.425191,0.693847,6.731343,0.599781,0.094066,8.758120
1741200,40.6137,7.425191,0.693847,6.731343,0.599781,0.094066,8.751178
1741300,40.6137,7.425191,0.693847,6.731343,0.599781,0.094066,8.831622
1741400,40.6137,7.425191,0.693847,6.731343,0.599781,0.094066,8.772610
1741500,40.6137,7.425191,0.693847,6.731343,0.599781,0.094066,8.751178
1741600,40.6137,7.425191,0.693847,6.731343,0.599781,0.094066,8.791203
1741700,40.6137,7.425191,0.693847,6.731343,0.599781,0.094066,8.767019
1741800,40.6137,7.425191,0.693847,6.731343,0.599781,0.094066,8.751178
1741900,40.6137,7.425191,0.693847,6.731343,0.599781,0.094066,8.800404
1742000,40.6137,7.425191,0.693847,6.731343,0.599781,0.094066,8.751178
1742100,40.6137,7.425191,0.693847,6.731343,0.599781,0.094066,8.764904
1742200,40.6137,7.425191,0.693847,6.731343,0.599781,0.094066,8.820266
1742300,40.6137,7.425191,0.693847,6.731343,0.599781,0.094066,8.751178
1742400,40.6137,7.425191,0.693847,6.731343,0.599781,0.094066,8.756623
1742500,40.6137,7.425191,0.693847,6.731343,0.599781,0.094066,8.788660
1742600,40.6137,7.425191,0.693847,6.731343,0.599781,0.094066,8.751178
1742700,40.6137,7.425191,0.693847,6.731343,0.599781,0.094066,8.776737
1742800,40.6137,7.425191,0.693847,6.731343,0.599781,0.094066,8.765243
1742900,40.6137,7.425191,0.693847,6.731343,0.599781,0.094066,8.751178
1743000,40.6137,7.425191,0.693847,6.731343,0.599781,0.094066,8.806931
1743100,40.6137,7.425191,0.693847,6.731343,0.599781,0.094066,8.775008
1743200,40.6137,7.425191,0.693847,6.731343,0.599781,0.094066,8.751178
1743300,40.6137,7.425191,0.693847,6.731343,0.599781,0.094066,8.788331
1743400,40.6137,7.425191,0.693847,6.731343,0.599781,0.094066,8.771009
1743500,40.6137,7.425191,0.693847,6.731343,0.599781,0.094066,8.751178
1743600,40.6137,7.425191,0.693847,6.731343,0.599781,0.094066,8.798474
1743700,40.6137,7.425191,0.693847,6.731343,0.599781,0.094066,8.751178
1743800,40.6137,7.425191,0.693847,6.731343,0.599781,0.094066,8.761856
1743900,40.6137,7.425191,0.693847,6.731343,0.599781,0.094066,8.819149
1744000,40.6137,7.425191,0.693847,6.731343,0.599781,0.094066,8.751178
1744100,40.6137,7.425191,0.693847,6.731343,0.599781,0.094066,8.758579
1744200,40.6137,7.425191,0.693847,6.731343,0.599781,0.094066,8.789753
1744300,40.6137,7.425191,0.693847,6.731343,0.599781,0.094066,8.751178
1744400,40.6137,7.425191,0.693847,6.731343,0.599781,0.094066,8.775231
1744500,40.6137,7.425191,0.693847,6.731343,0.599781,0.094066,8.766750
1744600,40.6137,7.425191,0.693847,6.731343,0.599781,0.094066,8.751178
1744700,40.6137,7.425191,0.693847,6.731343,0.599781,0.094066,8.796134
1744800,40.6137,7.425191,0.693847,6.731343,0.599781,0.094066,8.820551
1744900,40.6137,7.425191,0.693847,6.731343,0.599781,0.094066,8.793779
1745000,40.6137,7.425191,0.693847,6.731343,0.599781,0.094066,8.751178
1745100,40.6137,7.425191,0.693847,6.731343,0.599781,0.094066,8.784619
1745200,40.6137,7.425191,0.693847,6.731343,0.599781,0.094066,8.765033
1745300,40.6137,7.425191,0.693847,6.731343,0.599781,0.094066,8.751178
1745400,40.6137,7.425191,0.693847,6.731343,0.599781,0.094066,8.786733
1745500,40.6137,7.425191,0.693847,6.731343,0.599781,0.094066,8.751178
1745600,40.6137,7.425191,0.693847,6.731343,0.599781,0.094066,8.751239
1745700,40.6137,7.425191,0.693847,6.731343,0.599781,0.094066,8.811822
1745800,40.6137,7.425191,0.693847,6.731343,0.599781,0.094066,8.763886
1745900,40.6137,7.425191,0.693847,6.731343,0.599781,0.094066,8.751178
1746000,40.6137,7.425191,0.693847,6.731343,0.599781,0.094066,8.795454
1746100,40.6137,7.425191,0.693847,6.731343,0.599781,0.094066,8.763886
1746200,40.6137,7.425191,0.693847,6.731343,0.599781,0.094066,8.751178
1746300,40.6137,7.425191,0.693847,6.731343,0.599781,0.094066,8.798474
1746400,40.6137,7.425191,0.693847,6.731343,0.599781,0.094066,8.751178
1746500,40.6137,7.425191,0.693847,6.731343,0.599781,0.094066,8.774025
1746600,40.6137,7.425191,0.693847,6.731343,0.599781,0.094066,8.808098
1746700,40.6137,7.425191,0.693847,6.731343,0.599781,0.094066,8.751178
1746800,40.6137,7.425191,0.693847,6.731343,0.599781,0.094066,8.765561
1746900,40.6137,7.425191,0.693847,6.731343,0.599781,0.094066,8.793779
1747000,40.6137,7.425191,0.693847,6.731343,0.599781,0.094066,8.751178
1747100,40.6137,7.425191,0.693847,6.731343,0.599781,0.094066,8.784619
1747200,40.6137,7.425191,0.693847,6.731343,0.599781,0.094066,8.765033
1747300,40.6137,7.425191,0.693847,6.731343,0.599781,0.094066,8.751178
1747400,40.6137,7.425191,0.693847,6.731343,0.599781,0.094066,8.786733
1747500,40.6137,7.425191,0.693847,6.731343,0.599781,0.094066,8.751178
1747600,40.6137,7.425191,0.693847,6.731343,0.599781,0.094066,8.751239
1747700,40.6137,7.425191,0.693847,6.731343,0.599781,0.094066,8.848235
1747800,40.6137,7.425191,0.693847,6.731343,0.599781,0.094066,8.796381
1747900,40.6137,7.425191,0.693847,6.731343,0.599781,0.094066,8.751178
1748000,40.6137,7.425191,0.693847,6.731343,0.599781,0.094066,8.765561
1748100,40.6137,7.425191,0.693847,6.731343,0.599781,0.094066,8.793779
1748200,40.6137,7.425191,0.693847,6.731343,0.599781,0.094066,8.751178
1748300,40.6137,7.425191,0.693847,6.731343,0.599781,0.094066,8.784619
1748400,40.6137,7.425191,0.693847,6.731343,0.599781,0.094066,8.765033
1748500,40.6137,7.425191,0.693847,6.731343,0.599781,0.094066,8.751178
1748600,40.6137,7.425191,0.693847,6.731343,0.599781,0.094066,8.840530
1748700,40.6137,7.425191,0.693847,6.731343,0.599781,0.094066,8.763886
1748800,40.6137,7.425191,0.693847,6.731343,0.599781,0.094066,8.751178
1748900,40.6137,7.425191,0.693847,6.731343,0.599781,0.094066,8.795454
1749000,40.6137,7.425191,0.693847,6.731343,0.599781,0.094066,8.763886
1749100,40.6137,7.425191,0.693847,6.731343,0.599781,0.094066,8.751178
1749200,40.6137,7.425191,0.693847,6.731343,0.599781,0.094066,8.798474
1749300,40.6137,7.425191,0.693847,6.731343,0.599781,0.094066,8.751178
1749400,40.6137,7.425191,0.693847,6.731343,0.599781,0.094066,8.774025
1749500,40.6137,7.425191,0.693847,6.731343,0.599781,0.094066,8.820551
1749600,40.6137,7.425191,0.693847,6.731343,0.599781,0.094066,8.825290
1749700,40.6137,7.425191,0.693847,6.731343,0.599781,0.094066,8.830161
1749800,40.6137,7.425191,0.693847,6.731343,0.599781,0.094066,8.806232
1749900,40.6137,7.425191,0.693847,6.731343,0.599781,0.094066,8.830168
1750000,40.6137,7.425191,0.693847,6.731343,0.599781,0.094066,8.806980
1750100,40.6137,7.425191,0.693847,6.731343,0.599781,0.094066,8.751178
1750200,40.6137,7.425191,0.693847,6.731343,0.599781,0.094066,8.768608
1750300,40.6137,7.425191,0.693847,6.731343,0.599781,0.094066,8.779723
1750400,40.6137,7.425191,0.693847,6.731343,0.599781,0.094066,8.751178
1750500,40.6137,7.425191,0.693847,6.731343,0.599781,0.094066,8.783860
1750600,40.6137,7.425191,0.693847,6.731343,0.599781,0.094066,8.758120
1750700,40.6137,7.425191,0.693847,6.731343,0.599781,0.094066,8.751178
1750800,40.6137,7.425191,0.693847,6.731343,0.599781,0.094066,8.836095
1750900,40.6137,7.425191,0.693847,6.731343,0.599781,0.094066,8.768137
1751000,40.6137,7.425191,0.693847,6.731343,0.599781,0.094066,8.751178
1751100,40.6137,7.425191,0.693847,6.731343,0.599781,0.094066,8.795454
1751200,40.6137,7.425191,0.693847,6.731343,0.599781,0.094066,8.762768
1751300,40.6137,7.425191,0.693847,6.731343,0.599781,0.094066,8.751178
1751400,40.6137,7.425191,0.693847,6.731343,0.599781,0.094066,8.800404
1751500,40.6137,7.425191,0.693847,6.731343,0.599781,0.094066,8.751178
1751600,40.6137,7.425191,0.693847,6.731343,0.599781,0.094066,8.775925
1751700,40.6137,7.425191,0.693847,6.731343,0.599781,0.094066,8.765033
1751800,40.6137,7.425191,0.693847,6.731343,0.599781,0.094066,8.751178
1751900,40.6137,7.425191,0.693847,6.731343,0.599781,0.094066,8.751239
1752000,40.6137,7.425191,0.693847,6.731343,0.599781,0.094066,8.824530
1752100,40.6137,7.425191,0.693847,6.731343,0.599781,0.094066,8.751178
1752200,40.6137,7.425191,0.693847,6.731343,0.599781,0.094066,8.753292
1752300,40.6137,7.425191,0.693847,6.731343,0.599781,0.094066,8.791991
1752400,40.6137,7.425191,0.693847,6.731343,0.599781,0.094066,8.751178
1752500,40.6137,7.425191,0.693847,6.731343,0.599781,0.094066,8.759035
1752600,40.6137,7.425191,0.693847,6.731343,0.599781,0.094066,8.782945
1752700,40.6137,7.425191,0.693847,6.731343,0.599781,0.094066,8.751178
1752800,40.6137,7.425191,0.693847,6.731343,0.599781,0.094066,8.805998
1752900,40.6137,7.425191,0.693847,6.731343,0.599781,0.094066,8.775941
1753000,40.6137,7.425191,0.693847,6.731343,0.599781,0.094066,8.751178
1753100,40.6137,7.425191,0.693847,6.731343,0.599781,0.094066,8.787184
1753200,40.6137,7.425191,0.693847,6.731343,0.599781,0.094066,8.772156
1753300,40.6137,7.425191,0.693847,6.731343,0.599781,0.094066,8.751178
1753400,40.6137,7.425191,0.693847,6.731343,0.599781,0.094066,8.798474
1753500,40.6137,7.425191,0.693847,6.731343,0.599781,0.094066,8.751178
1753600,40.6137,7.425191,0.693847,6.731343,0.599781,0.094066,8.755531
1753700,40.6137,7.425191,0.693847,6.731343,0.599781,0.094066,8.782379
1753800,40.6137,7.425191,0.693847,6.731343,0.599781,0.094066,8.751178
1753900,40.6137,7.425191,0.693847,6.731343,0.599781,0.094066,8.751239
1754000,40.6137,7.425191,0.693847,6.731343,0.599781,0.094066,8.811822
1754100,40.6137,7.425191,0.693847,6.731343,0.599781,0.094066,8.763886
1754200,40.6137,7.425191,0.693847,6.731343,0.599781,0.094066,8.751178
1754300,40.6137,7.425191,0.693847,6.731343,0.599781,0.094066,8.795454
1754400,40.6137,7.425191,0.693847,6.731343,0.599781,0.094066,8.763886
1754500,40.6137,7.425191,0.693847,6.731343,0.599781,0.094066,8.751178
1754600,40.6137,7.425191,0.693847,6.731343,0.599781,0.094066,8.798474
1754700,40.6137,7.425191,0.693847,6.731343,0.599781,0.094066,8.751178
1754800,40.6137,7.425191,0.693847,6.731343,0.599781,0.094066,8.796318
1754900,40.6137,7.425191,0.693847,6.731343,0.599781,0.094066,8.808098
1755000,40.6137,7.425191,0.693847,6.731343,0.599781,0.094066,8.751178
1755100,40.6137,7.425191,0.693847,6.731343,0.599781,0.094066,8.765561
1755200,40.6137,7.425191,0.693847,6.731343,0.599781,0.094066,8.793779
1755300,40.6137,7.425191,0.693847,6.731343,0.599781,0.094066,8.751178
1755400,40.6137,7.425191,0.693847,6.731343,0.599781,0.094066,8.784619
1755500,40.6137,7.425191,0.693847,6.731343,0.599781,0.094066,8.765033
1755600,40.6137,7.425191,0.693847,6.731343,0.599781,0.094066,8.751178
1755700,40.6137,7.425191,0.693847,6.731343,0.599781,0.094066,8.818236
1755800,40.6137,7.425191,0.693847,6.731343,0.599781,0.094066,8.763886
1755900,40.6137,7.425191,0.693847,6.731343,0.599781,0.094066,8.751178
1756000,40.6137,7.425191,0.693847,6.731343,0.599781,0.094066,8.788310
1756100,40.6137,7.425191,0.693847,6.731343,0.599781,0.094066,8.756973
1756200,40.6137,7.425191,0.693847,6.731343,0.599781,0.094066,8.751178
1756300,40.6137,7.425191,0.693847,6.731343,0.599781,0.094066,8.790802
1756400,40.6137,7.425191,0.693847,6.731343,0.599781,0.094066,8.751178
1756500,40.6137,7.425191,0.693847,6.731343,0.599781,0.094066,8.773841
1756600,40.6137,7.425191,0.693847,6.731343,0.599781,0.094066,8.808098
1756700,40.6137,7.425191,0.693847,6.731343,0.599781,0.094066,8.751178
1756800,40.6137,7.425191,0.693847,6.731343,0.599781,0.094066,8.765561
1756900,40.6137,7.425191,0.693847,6.731343,0.599781,0.094066,8.779723
1757000,40.6137,7.425191,0.693847,6.731343,0.599781,0.094066,8.751178
1757100,40.6137,7.425191,0.693847,6.731343,0.599781,0.094066,8.783860
1757200,40.6137,7.425191,0.693847,6.731343,0.599781,0.094066,8.758120
1757300,40.6137,7.425191,0.693847,6.731343,0.599781,0.094066,8.751178
1757400,40.6137,7.425191,0.693847,6.731343,0.599781,0.094066,8.818053
1757500,40.6137,7.425191,0.693847,6.731343,0.599781,0.094066,8.762768
1757600,40.6137,7.425191,0.693847,6.731343,0.599781,0.094066,8.751178
1757700,40.6137,7.425191,0.693847,6.731343,0.599781,0.094066,8.798502
1757800,40.6137,7.425191,0.693847,6.731343,0.599781,0.094066,8.762768
1757900,40.6137,7.425191,0.693847,6.731343,0.599781,0.094066,8.751178
1758000,40.6137,7.425191,0.693847,6.731343,0.599781,0.094066,8.800404
1758100,40.6137,7.425191,0.693847,6.731343,0.599781,0.094066,8.751178
1758200,40.6137,7.425191,0.693847,6.731343,0.599781,0.094066,8.777527
1758300,40.6137,7.425191,0.693847,6.731343,0.599781,0.094066,8.817229
1758400,40.6137,7.425191,0.693847,6.731343,0.599781,0.094066,8.763886
1758500,40.6137,7.425191,0.693847,6.731343,0.599781,0.094066,8.752117
1758600,40.6137,7.425191,0.693847,6.731343,0.599781,0.094066,8.793167
1758700,40.6137,7.425191,0.693847,6.731343,0.599781,0.094066,8.751178
1758800,40.6137,7.425191,0.693847,6.731343,0.599781,0.094066,8.757469
1758900,40.6137,7.425191,0.693847,6.731343,0.599781,0.094066,8.784512
1759000,40.6137,7.425191,0.693847,6.731343,0.599781,0.094066,8.751178
1759100,40.6137,7.425191,0.693847,6.731343,0.599781,0.094066,8.786549
1759200,40.6137,7.425191,0.693847,6.731343,0.599781,0.094066,8.751178
1759300,40.6137,7.425191,0.693847,6.731343,0.599781,0.094066,8.751239
1759400,40.6137,7.425191,0.693847,6.731343,0.599781,0.094066,8.779327
1759500,40.6137,7.425191,0.693847,6.731343,0.599781,0.094066,8.796381
1759600,40.6137,7.425191,0.693847,6.731343,0.599781,0.094066,8.751178
1759700,40.6137,7.425191,0.693847,6.731343,0.599781,0.094066,8.765561
1759800,40.6137,7.425191,0.693847,6.731343,0.599781,0.094066,8.779723
1759900,40.6137,7.425191,0.693847,6.731343,0.599781,0.094066,8.751178
1760000,40.6137,7.425191,0.693847,6.731343,0.599781,0.094066,8.783860
1760100,40.6137,7.425191,0.693847,6.731343,0.599781,0.094066,8.758120
1760200,40.6137,7.425191,0.693847,6.731343,0.599781,0.094066,8.751178
1760300,40.6137,7.425191,0.693847,6.731343,0.599781,0.094066,8.818053
1760400,40.6137,7.425191,0.693847,6.731343,0.599781,0.094066,8.799088
1760500,40.6137,7.425191,0.693847,6.731343,0.599781,0.094066,8.815401
1760600,40.6137,7.425191,0.693847,6.731343,0.599781,0.094066,8.763886
1760700,40.6137,7.425191,0.693847,6.731343,0.599781,0.094066,8.751239
1760800,40.6137,7.425191,0.693847,6.731343,0.599781,0.094066,8.779327
1760900,40.6137,7.425191,0.693847,6.731343,0.599781,0.094066,8.796381
1761000,40.6137,7.425191,0.693847,6.731343,0.599781,0.094066,8.751178
1761100,40.6137,7.425191,0.693847,6.731343,0.599781,0.094066,8.765561
1761200,40.6137,7.425191,0.693847,6.731343,0.599781,0.094066,8.779723
1761300,40.6137,7.425191,0.693847,6.731343,0.599781,0.094066,8.751178
1761400,40.6137,7.425191,0.693847,6.731343,0.599781,0.094066,8.783860
1761500,40.6137,7.425191,0.693847,6.731343,0.599781,0.094066,8.758120
1761600,40.6137,7.425191,0.693847,6.731343,0.599781,0.094066,8.751178
1761700,40.6137,7.425191,0.693847,6.731343,0.599781,0.094066,8.834790
1761800,40.6137,7.425191,0.693847,6.731343,0.599781,0.094066,8.804645
1761900,40.6137,7.425191,0.693847,6.731343,0.599781,0.094066,8.815401
1762000,40.6137,7.425191,0.693847,6.731343,0.599781,0.094066,8.820551
1762100,40.6137,7.425191,0.693847,6.731343,0.599781,0.094066,8.825290
1762200,40.6137,7.425191,0.693847,6.731343,0.599781,0.094066,8.830161
1762300,40.6137,7.425191,0.693847,6.731343,0.599781,0.094066,8.763886
1762400,40.6137,7.425191,0.693847,6.731343,0.599781,0.094066,8.751178
1762500,40.6137,7.425191,0.693847,6.731343,0.599781,0.094066,8.788310
1762600,40.6137,7.425191,0.693847,6.731343,0.599781,0.094066,8.756973
1762700,40.6137,7.425191,0.693847,6.731343,0.599781,0.094066,8.751178
1762800,40.6137,7.425191,0.693847,6.731343,0.599781,0.094066,8.790802
1762900,40.6137,7.425191,0.693847,6.731343,0.599781,0.094066,8.751178
1763000,40.6137,7.425191,0.693847,6.731343,0.599781,0.094066,8.773841
1763100,40.6137,7.425191,0.693847,6.731343,0.599781,0.094066,8.806980
1763200,40.6137,7.425191,0.693847,6.731343,0.599781,0.094066,8.751178
1763300,40.6137,7.425191,0.693847,6.731343,0.599781,0.094066,8.768608
1763400,40.6137,7.425191,0.693847,6.731343,0.599781,0.094066,8.792662
1763500,40.6137,7.425191,0.693847,6.731343,0.599781,0.094066,8.751178
1763600,40.6137,7.425191,0.693847,6.731343,0.599781,0.094066,8.787667
1763700,40.6137,7.425191,0.693847,6.731343,0.599781,0.094066,8.763915
1763800,40.6137,7.425191,0.693847,6.731343,0.599781,0.094066,8.751178
1763900,40.6137,7.425191,0.693847,6.731343,0.599781,0.094066,8.836455
1764000,40.6137,7.425191,0.693847,6.731343,0.599781,0.094066,8.806211
1764100,40.6137,7.425191,0.693847,6.731343,0.599781,0.094066,8.815187
1764200,40.6137,7.425191,0.693847,6.731343,0.599781,0.094066,8.764099
1764300,40.6137,7.425191,0.693847,6.731343,0.599781,0.094066,8.751178
1764400,40.6137,7.425191,0.693847,6.731343,0.599781,0.094066,8.751239
1764500,40.6137,7.425191,0.693847,6.731343,0.599781,0.094066,8.888897
1764600,40.6137,7.425191,0.693847,6.731343,0.599781,0.094066,8.751178
1764700,40.6137,7.425191,0.693847,6.731343,0.599781,0.094066,8.758224
1764800,40.6137,7.425191,0.693847,6.731343,0.599781,0.094066,8.801116
1764900,40.6137,7.425191,0.693847,6.731343,0.599781,0.094066,8.751178
1765000,40.6137,7.425191,0.693847,6.731343,0.599781,0.094066,8.777496
1765100,40.6137,7.425191,0.693847,6.731343,0.599781,0.094066,8.772156
1765200,40.6137,7.425191,0.693847,6.731343,0.599781,0.094066,8.751178
1765300,40.6137,7.425191,0.693847,6.731343,0.599781,0.094066,8.809512
1765400,40.6137,7.425191,0.693847,6.731343,0.599781,0.094066,8.772610
1765500,40.6137,7.425191,0.693847,6.731343,0.599781,0.094066,8.751178
1765600,40.6137,7.425191,0.693847,6.731343,0.599781,0.094066,8.789897
1765700,40.6137,7.425191,0.693847,6.731343,0.599781,0.094066,8.769443
1765800,40.6137,7.425191,0.693847,6.731343,0.599781,0.094066,8.751178
1765900,40.6137,7.425191,0.693847,6.731343,0.599781,0.094066,8.798474
1766000,40.6137,7.425191,0.693847,6.731343,0.599781,0.094066,8.751178
1766100,40.6137,7.425191,0.693847,6.731343,0.599781,0.094066,8.761856
1766200,40.6137,7.425191,0.693847,6.731343,0.599781,0.094066,8.776054
1766300,40.6137,7.425191,0.693847,6.731343,0.599781,0.094066,8.751178
1766400,40.6137,7.425191,0.693847,6.731343,0.599781,0.094066,8.751239
1766500,40.6137,7.425191,0.693847,6.731343,0.599781,0.094066,8.811822
1766600,40.6137,7.425191,0.693847,6.731343,0.599781,0.094066,8.763886
1766700,40.6137,7.425191,0.693847,6.731343,0.599781,0.094066,8.751178
1766800,40.6137,7.425191,0.693847,6.731343,0.599781,0.094066,8.794106
1766900,40.6137,7.425191,0.693847,6.731343,0.599781,0.094066,8.751178
1767000,40.6137,7.425191,0.693847,6.731343,0.599781,0.094066,8.753292
1767100,40.6137,7.425191,0.693847,6.731343,0.599781,0.094066,8.788688
1767200,40.6137,7.425191,0.693847,6.731343,0.599781,0.094066,8.751178
1767300,40.6137,7.425191,0.693847,6.731343,0.599781,0.094066,8.796134
1767400,40.6137,7.425191,0.693847,6.731343,0.599781,0.094066,8.808098
1767500,40.6137,7.425191,0.693847,6.731343,0.599781,0.094066,8.751178
1767600,40.6137,7.425191,0.693847,6.731343,0.599781,0.094066,8.765561
1767700,40.6137,7.425191,0.693847,6.731343,0.599781,0.094066,8.793779
1767800,40.6137,7.425191,0.693847,6.731343,0.599781,0.094066,8.751178
1767900,40.6137,7.425191,0.693847,6.731343,0.599781,0.094066,8.784619
1768000,40.6137,7.425191,0.693847,6.731343,0.599781,0.094066,8.765033
1768100,40.6137,7.425191,0.693847,6.731343,0.599781,0.094066,8.751178
1768200,40.6137,7.425191,0.693847,6.731343,0.599781,0.094066,8.818236
1768300,40.6137,7.425191,0.693847,6.731343,0.599781,0.094066,8.763886
1768400,40.6137,7.425191,0.693847,6.731343,0.599781,0.094066,8.751178
1768500,40.6137,7.425191,0.693847,6.731343,0.599781,0.094066,8.795454
1768600,40.6137,7.425191,0.693847,6.731343,0.599781,0.094066,8.763886
1768700,40.6137,7.425191,0.693847,6.731343,0.599781,0.094066,8.751178
1768800,40.6137,7.425191,0.693847,6.731343,0.599781,0.094066,8.798474
1768900,40.6137,7.425191,0.693847,6.731343,0.599781,0.094066,8.751178
1769000,40.6137,7.425191,0.693847,6.731343,0.599781,0.094066,8.774025
1769100,40.6137,7.425191,0.693847,6.731343,0.599781,0.094066,8.808098
1769200,40.6137,7.425191,0.693847,6.731343,0.599781,0.094066,8.751178
1769300,40.6137,7.425191,0.693847,6.731343,0.599781,0.094066,8.765561
1769400,40.6137,7.425191,0.693847,6.731343,0.599781,0.094066,8.793779
1769500,40.6137,7.425191,0.693847,6.731343,0.599781,0.094066,8.751178
1769600,40.6137,7.425191,0.693847,6.731343,0.599781,0.094066,8.784619
1769700,40.6137,7.425191,0.693847,6.731343,0.599781,0.094066,8.765033
1769800,40.6137,7.425191,0.693847,6.731343,0.599781,0.094066,8.751178
1769900,40.6137,7.425191,0.693847,6.731343,0.599781,0.094066,8.818236
1770000,40.6137,7.425191,0.693847,6.731343,0.599781,0.094066,8.763886
1770100,40.6137,7.425191,0.693847,6.731343,0.599781,0.094066,8.751178
1770200,40.6137,7.425191,0.693847,6.731343,0.599781,0.094066,8.795454
1770300,40.6137,7.425191,0.693847,6.731343,0.599781,0.094066,8.763886
1770400,40.6137,7.425191,0.693847,6.731343,0.599781,0.094066,8.751178
1770500,40.6137,7.425191,0.693847,6.731343,0.599781,0.094066,8.798474
1770600,40.6137,7.425191,0.693847,6.731343,0.599781,0.094066,8.751178
1770700,40.6137,7.425191,0.693847,6.731343,0.599781,0.094066,8.788768
1770800,40.6137,7.425191,0.693847,6.731343,0.599781,0.094066,8.815648
1770900,40.6137,7.425191,0.693847,6.731343,0.599781,0.094066,8.751178
1771000,40.6137,7.425191,0.693847,6.731343,0.599781,0.094066,8.758224
1771100,40.6137,7.425191,0.693847,6.731343,0.599781,0.094066,8.787059
1771200,40.6137,7.425191,0.693847,6.731343,0.599781,0.094066,8.751178
1771300,40.6137,7.425191,0.693847,6.731343,0.599781,0.094066,8.776737
1771400,40.6137,7.425191,0.693847,6.731343,0.599781,0.094066,8.765243
1771500,40.6137,7.425191,0.693847,6.731343,0.599781,0.094066,8.751178
1771600,40.6137,7.425191,0.693847,6.731343,0.599781,0.094066,8.786549
1771700,40.6137,7.425191,0.693847,6.731343,0.599781,0.094066,8.751178
1771800,40.6137,7.425191,0.693847,6.731343,0.599781,0.094066,8.751239
1771900,40.6137,7.425191,0.693847,6.731343,0.599781,0.094066,8.780502
1772000,40.6137,7.425191,0.693847,6.731343,0.599781,0.094066,8.795206
1772100,40.6137,7.425191,0.693847,6.731343,0.599781,0.094066,8.751178
1772200,40.6137,7.425191,0.693847,6.731343,0.599781,0.094066,8.765561
1772300,40.6137,7.425191,0.693847,6.731343,0.599781,0.094066,8.779723
1772400,40.6137,7.425191,0.693847,6.731343,0.599781,0.094066,8.751178
1772500,40.6137,7.425191,0.693847,6.731343,0.599781,0.094066,8.783860
1772600,40.6137,7.425191,0.693847,6.731343,0.599781,0.094066,8.758120
1772700,40.6137,7.425191,0.693847,6.731343,0.599781,0.094066,8.751178
1772800,40.6137,7.425191,0.693847,6.731343,0.599781,0.094066,8.818053
1772900,40.6137,7.425191,0.693847,6.731343,0.599781,0.094066,8.763886
1773000,40.6137,7.425191,0.693847,6.731343,0.599781,0.094066,8.751178
1773100,40.6137,7.425191,0.693847,6.731343,0.599781,0.094066,8.808162
1773200,40.6137,7.425191,0.693847,6.731343,0.599781,0.094066,8.751178
1773300,40.6137,7.425191,0.693847,6.731343,0.599781,0.094066,8.753292
1773400,40.6137,7.425191,0.693847,6.731343,0.599781,0.094066,8.796360
1773500,40.6137,7.425191,0.693847,6.731343,0.599781,0.094066,8.751178
1773600,40.6137,7.425191,0.693847,6.731343,0.599781,0.094066,8.774025
1773700,40.6137,7.425191,0.693847,6.731343,0.599781,0.094066,8.763886
1773800,40.6137,7.425191,0.693847,6.731343,0.599781,0.094066,8.751239
1773900,40.6137,7.425191,0.693847,6.731343,0.599781,0.094066,8.771811
1774000,40.6137,7.425191,0.693847,6.731343,0.599781,0.094066,8.872805
1774100,40.6137,7.425191,0.693847,6.731343,0.599781,0.094066,8.751178
1774200,40.6137,7.425191,0.693847,6.731343,0.599781,0.094066,8.765347
1774300,40.6137,7.425191,0.693847,6.731343,0.599781,0.094066,8.779936
1774400,40.6137,7.425191,0.693847,6.731343,0.599781,0.094066,8.751178
1774500,40.6137,7.425191,0.693847,6.731343,0.599781,0.094066,8.783860
1774600,40.6137,7.425191,0.693847,6.731343,0.599781,0.094066,8.758120
1774700,40.6137,7.425191,0.693847,6.731343,0.599781,0.094066,8.751178
1774800,40.6137,7.425191,0.693847,6.731343,0.599781,0.094066,8.796134
1774900,40.6137,7.425191,0.693847,6.731343,0.599781,0.094066,8.808098
1775000,40.6137,7.425191,0.693847,6.731343,0.599781,0.094066,8.751178
1775100,40.6137,7.425191,0.693847,6.731343,0.599781,0.094066,8.765561
1775200,40.6137,7.425191,0.693847,6.731343,0.599781,0.094066,8.793779
1775300,40.6137,7.425191,0.693847,6.731343,0.599781,0.094066,8.751178
1775400,40.6137,7.425191,0.693847,6.731343,0.599781,0.094066,8.784619
1775500,40.6137,7.425191,0.693847,6.731343,0.599781,0.094066,8.765033
1775600,40.6137,7.425191,0.693847,6.731343,0.599781,0.094066,8.751178
1775700,40.6137,7.425191,0.693847,6.731343,0.599781,0.094066,8.818236
1775800,40.6137,7.425191,0.693847,6.731343,0.599781,0.094066,8.763886
1775900,40.6137,7.425191,0.693847,6.731343,0.599781,0.094066,8.751178
1776000,40.6137,7.425191,0.693847,6.731343,0.599781,0.094066,8.808162
1776100,40.6137,7.425191,0.693847,6.731343,0.599781,0.094066,8.751178
1776200,40.6137,7.425191,0.693847,6.731343,0.599781,0.094066,8.753292
1776300,40.6137,7.425191,0.693847,6.731343,0.599781,0.094066,8.796360
1776400,40.6137,7.425191,0.693847,6.731343,0.599781,0.094066,8.751178
1776500,40.6137,7.425191,0.693847,6.731343,0.599781,0.094066,8.774025
1776600,40.6137,7.425191,0.693847,6.731343,0.599781,0.094066,8.808098
1776700,40.6137,7.425191,0.693847,6.731343,0.599781,0.094066,8.751178
1776800,40.6137,7.425191,0.693847,6.731343,0.599781,0.094066,8.765561
1776900,40.6137,7.425191,0.693847,6.731343,0.599781,0.094066,8.793779
1777000,40.6137,7.425191,0.693847,6.731343,0.599781,0.094066,8.751178
1777100,40.6137,7.425191,0.693847,6.731343,0.599781,0.094066,8.784619
1777200,40.6137,7.425191,0.693847,6.731343,0.599781,0.094066,8.765033
1777300,40.6137,7.425191,0.693847,6.731343,0.599781,0.094066,8.751178
1777400,40.6137,7.425191,0.693847,6.731343,0.599781,0.094066,8.818236
1777500,40.6137,7.425191,0.693847,6.731343,0.599781,0.094066,8.762768
1777600,40.6137,7.425191,0.693847,6.731343,0.599781,0.094066,8.751178
1777700,40.6137,7.425191,0.693847,6.731343,0.599781,0.094066,8.797153
1777800,40.6137,7.425191,0.693847,6.731343,0.599781,0.094066,8.751178
1777900,40.6137,7.425191,0.693847,6.731343,0.599781,0.094066,8.753292
1778000,40.6137,7.425191,0.693847,6.731343,0.599781,0.094066,8.788688
1778100,40.6137,7.425191,0.693847,6.731343,0.599781,0.094066,8.751178
1778200,40.6137,7.425191,0.693847,6.731343,0.599781,0.094066,8.796134
1778300,40.6137,7.425191,0.693847,6.731343,0.599781,0.094066,8.808098
1778400,40.6137,7.425191,0.693847,6.731343,0.599781,0.094066,8.751178
1778500,40.6137,7.425191,0.693847,6.731343,0.599781,0.094066,8.765561
1778600,40.6137,7.425191,0.693847,6.731343,0.599781,0.094066,8.779723
1778700,40.6137,7.425191,0.693847,6.731343,0.599781,0.094066,8.751178
1778800,40.6137,7.425191,0.693847,6.731343,0.599781,0.094066,8.783860
1778900,40.6137,7.425191,0.693847,6.731343,0.599781,0.094066,8.758120
1779000,40.6137,7.425191,0.693847,6.731343,0.599781,0.094066,8.751178
1779100,40.6137,7.425191,0.693847,6.731343,0.599781,0.094066,8.786549
1779200,40.6137,7.425191,0.693847,6.731343,0.599781,0.094066,8.751178
1779300,40.6137,7.425191,0.693847,6.731343,0.599781,0.094066,8.751239
1779400,40.6137,7.425191,0.693847,6.731343,0.599781,0.094066,8.804699
1779500,40.6137,7.425191,0.693847,6.731343,0.599781,0.094066,8.771009
1779600,40.6137,7.425191,0.693847,6.731343,0.599781,0.094066,8.751178
1779700,40.6137,7.425191,0.693847,6.731343,0.599781,0.094066,8.795454
1779800,40.6137,7.425191,0.693847,6.731343,0.599781,0.094066,8.762768
1779900,40.6137,7.425191,0.693847,6.731343,0.599781,0.094066,8.751178
1780000,40.6137,7.425191,0.693847,6.731343,0.599781,0.094066,8.800404
1780100,40.6137,7.425191,0.693847,6.731343,0.599781,0.094066,8.751178
1780200,40.6137,7.425191,0.693847,6.731343,0.599781,0.094066,8.767776
1780300,40.6137,7.425191,0.693847,6.731343,0.599781,0.094066,8.817394
1780400,40.6137,7.425191,0.693847,6.731343,0.599781,0.094066,8.751178
1780500,40.6137,7.425191,0.693847,6.731343,0.599781,0.094066,8.760004
1780600,40.6137,7.425191,0.693847,6.731343,0.599781,0.094066,8.799336
1780700,40.6137,7.425191,0.693847,6.731343,0.599781,0.094066,8.751178
1780800,40.6137,7.425191,0.693847,6.731343,0.599781,0.094066,8.777496
1780900,40.6137,7.425191,0.693847,6.731343,0.599781,0.094066,8.772156
1781000,40.6137,7.425191,0.693847,6.731343,0.599781,0.094066,8.751178
1781100,40.6137,7.425191,0.693847,6.731343,0.599781,0.094066,8.786733
1781200,40.6137,7.425191,0.693847,6.731343,0.599781,0.094066,8.751178
1781300,40.6137,7.425191,0.693847,6.731343,0.599781,0.094066,8.751239
1781400,40.6137,7.425191,0.693847,6.731343,0.599781,0.094066,8.787625
1781500,40.6137,7.425191,0.693847,6.731343,0.599781,0.094066,8.788083
1781600,40.6137,7.425191,0.693847,6.731343,0.599781,0.094066,8.751178
1781700,40.6137,7.425191,0.693847,6.731343,0.599781,0.094066,8.783509
1781800,40.6137,7.425191,0.693847,6.731343,0.599781,0.094066,8.775831
1781900,40.6137,7.425191,0.693847,6.731343,0.599781,0.094066,8.751178
1782000,40.6137,7.425191,0.693847,6.731343,0.599781,0.094066,8.798474
1782100,40.6137,7.425191,0.693847,6.731343,0.599781,0.094066,8.751178
1782200,40.6137,7.425191,0.693847,6.731343,0.599781,0.094066,8.753292
1782300,40.6137,7.425191,0.693847,6.731343,0.599781,0.094066,8.838416
1782400,40.6137,7.425191,0.693847,6.731343,0.599781,0.094066,8.763886
1782500,40.6137,7.425191,0.693847,6.731343,0.599781,0.094066,8.751178
1782600,40.6137,7.425191,0.693847,6.731343,0.599781,0.094066,8.788310
1782700,40.6137,7.425191,0.693847,6.731343,0.599781,0.094066,8.756973
1782800,40.6137,7.425191,0.693847,6.731343,0.599781,0.094066,8.751178
1782900,40.6137,7.425191,0.693847,6.731343,0.599781,0.094066,8.790802
1783000,40.6137,7.425191,0.693847,6.731343,0.599781,0.094066,8.751178
1783100,40.6137,7.425191,0.693847,6.731343,0.599781,0.094066,8.773841
1783200,40.6137,7.425191,0.693847,6.731343,0.599781,0.094066,8.808098
1783300,40.6137,7.425191,0.693847,6.731343,0.599781,0.094066,8.751178
1783400,40.6137,7.425191,0.693847,6.731343,0.599781,0.094066,8.765561
1783500,40.6137,7.425191,0.693847,6.731343,0.599781,0.094066,8.779723
1783600,40.6137,7.425191,0.693847,6.731343,0.599781,0.094066,8.751178
1783700,40.6137,7.425191,0.693847,6.731343,0.599781,0.094066,8.783860
1783800,40.6137,7.425191,0.693847,6.731343,0.599781,0.094066,8.758120
1783900,40.6137,7.425191,0.693847,6.731343,0.599781,0.094066,8.751178
1784000,40.6137,7.425191,0.693847,6.731343,0.599781,0.094066,8.818053
1784100,40.6137,7.425191,0.693847,6.731343,0.599781,0.094066,8.799088
1784200,40.6137,7.425191,0.693847,6.731343,0.599781,0.094066,8.815401
1784300,40.6137,7.425191,0.693847,6.731343,0.599781,0.094066,8.806980
1784400,40.6137,7.425191,0.693847,6.731343,0.599781,0.094066,8.751178
1784500,40.6137,7.425191,0.693847,6.731343,0.599781,0.094066,8.768608
1784600,40.6137,7.425191,0.693847,6.731343,0.599781,0.094066,8.792662
1784700,40.6137,7.425191,0.693847,6.731343,0.599781,0.094066,8.751178
1784800,40.6137,7.425191,0.693847,6.731343,0.599781,0.094066,8.787667
1784900,40.6137,7.425191,0.693847,6.731343,0.599781,0.094066,8.763915
1785000,40.6137,7.425191,0.693847,6.731343,0.599781,0.094066,8.751178
1785100,40.6137,7.425191,0.693847,6.731343,0.599781,0.094066,8.843578
1785200,40.6137,7.425191,0.693847,6.731343,0.599781,0.094066,8.763886
1785300,40.6137,7.425191,0.693847,6.731343,0.599781,0.094066,8.751178
1785400,40.6137,7.425191,0.693847,6.731343,0.599781,0.094066,8.795454
1785500,40.6137,7.425191,0.693847,6.731343,0.599781,0.094066,8.763886
1785600,40.6137,7.425191,0.693847,6.731343,0.599781,0.094066,8.751178
1785700,40.6137,7.425191,0.693847,6.731343,0.599781,0.094066,8.798474
1785800,40.6137,7.425191,0.693847,6.731343,0.599781,0.094066,8.751178
1785900,40.6137,7.425191,0.693847,6.731343,0.599781,0.094066,8.772878
1786000,40.6137,7.425191,0.693847,6.731343,0.599781,0.094066,8.765033
1786100,40.6137,7.425191,0.693847,6.731343,0.599781,0.094066,8.751178
1786200,40.6137,7.425191,0.693847,6.731343,0.599781,0.094066,8.751239
1786300,40.6137,7.425191,0.693847,6.731343,0.599781,0.094066,8.824530
1786400,40.6137,7.425191,0.693847,6.731343,0.599781,0.094066,8.751178
1786500,40.6137,7.425191,0.693847,6.731343,0.599781,0.094066,8.755531
1786600,40.6137,7.425191,0.693847,6.731343,0.599781,0.094066,8.803809
1786700,40.6137,7.425191,0.693847,6.731343,0.599781,0.094066,8.751178
1786800,40.6137,7.425191,0.693847,6.731343,0.599781,0.094066,8.775895
1786900,40.6137,7.425191,0.693847,6.731343,0.599781,0.094066,8.773757
1787000,40.6137,7.425191,0.693847,6.731343,0.599781,0.094066,8.751178
1787100,40.6137,7.425191,0.693847,6.731343,0.599781,0.094066,8.806181
1787200,40.6137,7.425191,0.693847,6.731343,0.599781,0.094066,8.775941
1787300,40.6137,7.425191,0.693847,6.731343,0.599781,0.094066,8.751178
1787400,40.6137,7.425191,0.693847,6.731343,0.599781,0.094066,8.788331
1787500,40.6137,7.425191,0.693847,6.731343,0.599781,0.094066,8.771009
1787600,40.6137,7.425191,0.693847,6.731343,0.599781,0.094066,8.751178
1787700,40.6137,7.425191,0.693847,6.731343,0.599781,0.094066,8.798474
1787800,40.6137,7.425191,0.693847,6.731343,0.599781,0.094066,8.751178
1787900,40.6137,7.425191,0.693847,6.731343,0.599781,0.094066,8.761856
1788000,40.6137,7.425191,0.693847,6.731343,0.599781,0.094066,8.776054
1788100,40.6137,7.425191,0.693847,6.731343,0.599781,0.094066,8.751178
1788200,40.6137,7.425191,0.693847,6.731343,0.599781,0.094066,8.751239
1788300,40.6137,7.425191,0.693847,6.731343,0.599781,0.094066,8.811822
1788400,40.6137,7.425191,0.693847,6.731343,0.599781,0.094066,8.763886
1788500,40.6137,7.425191,0.693847,6.731343,0.599781,0.094066,8.751178
1788600,40.6137,7.425191,0.693847,6.731343,0.599781,0.094066,8.806987
1788700,40.6137,7.425191,0.693847,6.731343,0.599781,0.094066,8.752353
1788800,40.6137,7.425191,0.693847,6.731343,0.599781,0.094066,8.753292
1788900,40.6137,7.425191,0.693847,6.731343,0.599781,0.094066,8.796360
1789000,40.6137,7.425191,0.693847,6.731343,0.599781,0.094066,8.751178
1789100,40.6137,7.425191,0.693847,6.731343,0.599781,0.094066,8.796318
1789200,40.6137,7.425191,0.693847,6.731343,0.599781,0.094066,8.808098
1789300,40.6137,7.425191,0.693847,6.731343,0.599781,0.094066,8.751178
1789400,40.6137,7.425191,0.693847,6.731343,0.599781,0.094066,8.765561
1789500,40.6137,7.425191,0.693847,6.731343,0.599781,0.094066,8.779723
1789600,40.6137,7.425191,0.693847,6.731343,0.599781,0.094066,8.751178
1789700,40.6137,7.425191,0.693847,6.731343,0.599781,0.094066,8.783860
1789800,40.6137,7.425191,0.693847,6.731343,0.599781,0.094066,8.758120
1789900,40.6137,7.425191,0.693847,6.731343,0.599781,0.094066,8.751178
1790000,40.6137,7.425191,0.693847,6.731343,0.599781,0.094066,8.818053
1790100,40.6137,7.425191,0.693847,6.731343,0.599781,0.094066,8.763886
1790200,40.6137,7.425191,0.693847,6.731343,0.599781,0.094066,8.751178
1790300,40.6137,7.425191,0.693847,6.731343,0.599781,0.094066,8.795454
1790400,40.6137,7.425191,0.693847,6.731343,0.599781,0.094066,8.763886
1790500,40.6137,7.425191,0.693847,6.731343,0.599781,0.094066,8.751178
1790600,40.6137,7.425191,0.693847,6.731343,0.599781,0.094066,8.798474
1790700,40.6137,7.425191,0.693847,6.731343,0.599781,0.094066,8.751178
1790800,40.6137,7.425191,0.693847,6.731343,0.599781,0.094066,8.774025
1790900,40.6137,7.425191,0.693847,6.731343,0.599781,0.094066,8.808098
1791000,40.6137,7.425191,0.693847,6.731343,0.599781,0.094066,8.751178
1791100,40.6137,7.425191,0.693847,6.731343,0.599781,0.094066,8.765561
1791200,40.6137,7.425191,0.693847,6.731343,0.599781,0.094066,8.793779
1791300,40.6137,7.425191,0.693847,6.731343,0.599781,0.094066,8.751178
1791400,40.6137,7.425191,0.693847,6.731343,0.599781,0.094066,8.784619
1791500,40.6137,7.425191,0.693847,6.731343,0.599781,0.094066,8.765033
1791600,40.6137,7.425191,0.693847,6.731343,0.599781,0.094066,8.751178
1791700,40.6137,7.425191,0.693847,6.731343,0.599781,0.094066,8.818236
1791800,40.6137,7.425191,0.693847,6.731343,0.599781,0.094066,8.762768
1791900,40.6137,7.425191,0.693847,6.731343,0.599781,0.094066,8.751178
1792000,40.6137,7.425191,0.693847,6.731343,0.599781,0.094066,8.791358
1792100,40.6137,7.425191,0.693847,6.731343,0.599781,0.094066,8.756973
1792200,40.6137,7.425191,0.693847,6.731343,0.599781,0.094066,8.751178
1792300,40.6137,7.425191,0.693847,6.731343,0.599781,0.094066,8.790802
1792400,40.6137,7.425191,0.693847,6.731343,0.599781,0.094066,8.751178
1792500,40.6137,7.425191,0.693847,6.731343,0.599781,0.094066,8.785417
1792600,40.6137,7.425191,0.693847,6.731343,0.599781,0.094066,8.818815
1792700,40.6137,7.425191,0.693847,6.731343,0.599781,0.094066,8.751178
1792800,40.6137,7.425191,0.693847,6.731343,0.599781,0.094066,8.754226
1792900,40.6137,7.425191,0.693847,6.731343,0.599781,0.094066,8.803997
1793000,40.6137,7.425191,0.693847,6.731343,0.599781,0.094066,8.751178
1793100,40.6137,7.425191,0.693847,6.731343,0.599781,0.094066,8.764617
1793200,40.6137,7.425191,0.693847,6.731343,0.599781,0.094066,8.786965
1793300,40.6137,7.425191,0.693847,6.731343,0.599781,0.094066,8.751178
1793400,40.6137,7.425191,0.693847,6.731343,0.599781,0.094066,8.789780
1793500,40.6137,7.425191,0.693847,6.731343,0.599781,0.094066,8.751178
1793600,40.6137,7.425191,0.693847,6.731343,0.599781,0.094066,8.751239
1793700,40.6137,7.425191,0.693847,6.731343,0.599781,0.094066,8.795419
1793800,40.6137,7.425191,0.693847,6.731343,0.599781,0.094066,8.844656
1793900,40.6137,7.425191,0.693847,6.731343,0.599781,0.094066,8.751178
1794000,40.6137,7.425191,0.693847,6.731343,0.599781,0.094066,8.765561
1794100,40.6137,7.425191,0.693847,6.731343,0.599781,0.094066,8.793779
1794200,40.6137,7.425191,0.693847,6.731343,0.599781,0.094066,8.751178
1794300,40.6137,7.425191,0.693847,6.731343,0.599781,0.094066,8.784619
1794400,40.6137,7.425191,0.693847,6.731343,0.599781,0.094066,8.765033
1794500,40.6137,7.425191,0.693847,6.731343,0.599781,0.094066,8.751178
1794600,40.6137,7.425191,0.693847,6.731343,0.599781,0.094066,8.818236
1794700,40.6137,7.425191,0.693847,6.731343,0.599781,0.094066,8.763886
1794800,40.6137,7.425191,0.693847,6.731343,0.599781,0.094066,8.751178
1794900,40.6137,7.425191,0.693847,6.731343,0.599781,0.094066,8.795454
1795000,40.6137,7.425191,0.693847,6.731343,0.599781,0.094066,8.763886
1795100,40.6137,7.425191,0.693847,6.731343,0.599781,0.094066,8.751178
1795200,40.6137,7.425191,0.693847,6.731343,0.599781,0.094066,8.798474
1795300,40.6137,7.425191,0.693847,6.731343,0.599781,0.094066,8.751178
1795400,40.6137,7.425191,0.693847,6.731343,0.599781,0.094066,8.774025
1795500,40.6137,7.425191,0.693847,6.731343,0.599781,0.094066,8.763886
1795600,40.6137,7.425191,0.693847,6.731343,0.599781,0.094066,8.751178
1795700,40.6137,7.425191,0.693847,6.731343,0.599781,0.094066,8.751239
1795800,40.6137,7.425191,0.693847,6.731343,0.599781,0.094066,8.824530
1795900,40.6137,7.425191,0.693847,6.731343,0.599781,0.094066,8.751178
1796000,40.6137,7.425191,0.693847,6.731343,0.599781,0.094066,8.765561
1796100,40.6137,7.425191,0.693847,6.731343,0.599781,0.094066,8.779723
1796200,40.6137,7.425191,0.693847,6.731343,0.599781,0.094066,8.751178
1796300,40.6137,7.425191,0.693847,6.731343,0.599781,0.094066,8.783860
1796400,40.6137,7.425191,0.693847,6.731343,0.599781,0.094066,8.758120
1796500,40.6137,7.425191,0.693847,6.731343,0.599781,0.094066,8.751178
1796600,40.6137,7.425191,0.693847,6.731343,0.599781,0.094066,8.833223
1796700,40.6137,7.425191,0.693847,6.731343,0.599781,0.094066,8.771009
1796800,40.6137,7.425191,0.693847,6.731343,0.599781,0.094066,8.751178
1796900,40.6137,7.425191,0.693847,6.731343,0.599781,0.094066,8.795454
1797000,40.6137,7.425191,0.693847,6.731343,0.599781,0.094066,8.763886
1797100,40.6137,7.425191,0.693847,6.731343,0.599781,0.094066,8.751178
1797200,40.6137,7.425191,0.693847,6.731343,0.599781,0.094066,8.798474
1797300,40.6137,7.425191,0.693847,6.731343,0.599781,0.094066,8.751178
1797400,40.6137,7.425191,0.693847,6.731343,0.599781,0.094066,8.761856
1797500,40.6137,7.425191,0.693847,6.731343,0.599781,0.094066,8.820266
1797600,40.6137,7.425191,0.693847,6.731343,0.599781,0.094066,8.751178
1797700,40.6137,7.425191,0.693847,6.731343,0.599781,0.094066,8.758224
1797800,40.6137,7.425191,0.693847,6.731343,0.599781,0.094066,8.787059
1797900,40.6137,7.425191,0.693847,6.731343,0.599781,0.094066,8.751178
1798000,40.6137,7.425191,0.693847,6.731343,0.599781,0.094066,8.776737
1798100,40.6137,7.425191,0.693847,6.731343,0.599781,0.094066,8.765243
1798200,40.6137,7.425191,0.693847,6.731343,0.599781,0.094066,8.751178
1798300,40.6137,7.425191,0.693847,6.731343,0.599781,0.094066,8.810930
1798400,40.6137,7.425191,0.693847,6.731343,0.599781,0.094066,8.771009
1798500,40.6137,7.425191,0.693847,6.731343,0.599781,0.094066,8.751178
1798600,40.6137,7.425191,0.693847,6.731343,0.599781,0.094066,8.788310
1798700,40.6137,7.425191,0.693847,6.731343,0.599781,0.094066,8.756973
1798800,40.6137,7.425191,0.693847,6.731343,0.599781,0.094066,8.751178
1798900,40.6137,7.425191,0.693847,6.731343,0.599781,0.094066,8.790802
1799000,40.6137,7.425191,0.693847,6.731343,0.599781,0.094066,8.751178
1799100,40.6137,7.425191,0.693847,6.731343,0.599781,0.094066,8.761720
1799200,40.6137,7.425191,0.693847,6.731343,0.599781,0.094066,8.819101
1799300,40.6137,7.425191,0.693847,6.731343,0.599781,0.094066,8.751178
1799400,40.6137,7.425191,0.693847,6.731343,0.599781,0.094066,8.761272
1799500,40.6137,7.425191,0.693847,6.731343,0.599781,0.094066,8.799998
1799600,40.6137,7.425191,0.693847,6.731343,0.599781,0.094066,8.751178
1799700,40.6137,7.425191,0.693847,6.731343,0.599781,0.094066,8.780544
1799800,40.6137,7.425191,0.693847,6.731343,0.599781,0.094066,8.771038
1799900,40.6137,7.425191,0.693847,6.731343,0.599781,0.094066,8.751178
1800000,40.6137,7.425191,0.693847,6.731343,0.599781,0.094066,8.799366
1800100,40.6137,7.425191,0.693847,6.731343,0.599781,0.094066,8.808098
1800200,40.6137,7.425191,0.693847,6.731343,0.599781,0.094066,8.751178
1800300,40.6137,7.425191,0.693847,6.731343,0.599781,0.094066,8.765561
1800400,40.6137,7.425191,0.693847,6.731343,0.599781,0.094066,8.779723
1800500,40.6137,7.425191,0.693847,6.731343,0.599781,0.094066,8.751178
1800600,40.6137,7.425191,0.693847,6.731343,0.599781,0.094066,8.783860
1800700,40.6137,7.425191,0.693847,6.731343,0.599781,0.094066,8.758120
1800800,40.6137,7.425191,0.693847,6.731343,0.599781,0.094066,8.751178
1800900,40.6137,7.425191,0.693847,6.731343,0.599781,0.094066,8.786549
1801000,40.6137,7.425191,0.693847,6.731343,0.599781,0.094066,8.751178
1801100,40.6137,7.425191,0.693847,6.731343,0.599781,0.094066,8.751239
1801200,40.6137,7.425191,0.693847,6.731343,0.599781,0.094066,8.811822
1801300,40.6137,7.425191,0.693847,6.731343,0.599781,0.094066,8.763886
1801400,40.6137,7.425191,0.693847,6.731343,0.599781,0.094066,8.751178
1801500,40.6137,7.425191,0.693847,6.731343,0.599781,0.094066,8.788310
1801600,40.6137,7.425191,0.693847,6.731343,0.599781,0.094066,8.756973
1801700,40.6137,7.425191,0.693847,6.731343,0.599781,0.094066,8.751178
1801800,40.6137,7.425191,0.693847,6.731343,0.599781,0.094066,8.790802
1801900,40.6137,7.425191,0.693847,6.731343,0.599781,0.094066,8.751178
1802000,40.6137,7.425191,0.693847,6.731343,0.599781,0.094066,8.773841
1802100,40.6137,7.425191,0.693847,6.731343,0.599781,0.094066,8.808098
1802200,40.6137,7.425191,0.693847,6.731343,0.599781,0.094066,8.751178
1802300,40.6137,7.425191,0.693847,6.731343,0.599781,0.094066,8.765561
1802400,40.6137,7.425191,0.693847,6.731343,0.599781,0.094066,8.793779
1802500,40.6137,7.425191,0.693847,6.731343,0.599781,0.094066,8.751178
1802600,40.6137,7.425191,0.693847,6.731343,0.599781,0.094066,8.784619
1802700,40.6137,7.425191,0.693847,6.731343,0.599781,0.094066,8.765033
1802800,40.6137,7.425191,0.693847,6.731343,0.599781,0.094066,8.751178
1802900,40.6137,7.425191,0.693847,6.731343,0.599781,0.094066,8.786733
1803000,40.6137,7.425191,0.693847,6.731343,0.599781,0.094066,8.751178
1803100,40.6137,7.425191,0.693847,6.731343,0.599781,0.094066,8.751239
1803200,40.6137,7.425191,0.693847,6.731343,0.599781,0.094066,8.837860
1803300,40.6137,7.425191,0.693847,6.731343,0.599781,0.094066,8.811297
1803400,40.6137,7.425191,0.693847,6.731343,0.599781,0.094066,8.751178
1803500,40.6137,7.425191,0.693847,6.731343,0.599781,0.094066,8.765561
1803600,40.6137,7.425191,0.693847,6.731343,0.599781,0.094066,8.779723
1803700,40.6137,7.425191,0.693847,6.731343,0.599781,0.094066,8.751178
1803800,40.6137,7.425191,0.693847,6.731343,0.599781,0.094066,8.783860
1803900,40.6137,7.425191,0.693847,6.731343,0.599781,0.094066,8.758120
1804000,40.6137,7.425191,0.693847,6.731343,0.599781,0.094066,8.751178
1804100,40.6137,7.425191,0.693847,6.731343,0.599781,0.094066,8.840346
1804200,40.6137,7.425191,0.693847,6.731343,0.599781,0.094066,8.763886
1804300,40.6137,7.425191,0.693847,6.731343,0.599781,0.094066,8.751178
1804400,40.6137,7.425191,0.693847,6.731343,0.599781,0.094066,8.788310
1804500,40.6137,7.425191,0.693847,6.731343,0.599781,0.094066,8.756973
1804600,40.6137,7.425191,0.693847,6.731343,0.599781,0.094066,8.751178
1804700,40.6137,7.425191,0.693847,6.731343,0.599781,0.094066,8.790802
1804800,40.6137,7.425191,0.693847,6.731343,0.599781,0.094066,8.751178
1804900,40.6137,7.425191,0.693847,6.731343,0.599781,0.094066,8.773841
1805000,40.6137,7.425191,0.693847,6.731343,0.599781,0.094066,8.808098
1805100,40.6137,7.425191,0.693847,6.731343,0.599781,0.094066,8.751178
1805200,40.6137,7.425191,0.693847,6.731343,0.599781,0.094066,8.765561
1805300,40.6137,7.425191,0.693847,6.731343,0.599781,0.094066,8.793779
1805400,40.6137,7.425191,0.693847,6.731343,0.599781,0.094066,8.751178
1805500,40.6137,7.425191,0.693847,6.731343,0.599781,0.094066,8.784619
1805600,40.6137,7.425191,0.693847,6.731343,0.599781,0.094066,8.765033
1805700,40.6137,7.425191,0.693847,6.731343,0.599781,0.094066,8.751178
1805800,40.6137,7.425191,0.693847,6.731343,0.599781,0.094066,8.818236
1805900,40.6137,7.425191,0.693847,6.731343,0.599781,0.094066,8.763886
1806000,40.6137,7.425191,0.693847,6.731343,0.599781,0.094066,8.751178
1806100,40.6137,7.425191,0.693847,6.731343,0.599781,0.094066,8.788310
1806200,40.6137,7.425191,0.693847,6.731343,0.599781,0.094066,8.756973
1806300,40.6137,7.425191,0.693847,6.731343,0.599781,0.094066,8.751178
1806400,40.6137,7.425191,0.693847,6.731343,0.599781,0.094066,8.790802
1806500,40.6137,7.425191,0.693847,6.731343,0.599781,0.094066,8.751178
1806600,40.6137,7.425191,0.693847,6.731343,0.599781,0.094066,8.773841
1806700,40.6137,7.425191,0.693847,6.731343,0.599781,0.094066,8.806980
1806800,40.6137,7.425191,0.693847,6.731343,0.599781,0.094066,8.751178
1806900,40.6137,7.425191,0.693847,6.731343,0.599781,0.094066,8.768608
1807000,40.6137,7.425191,0.693847,6.731343,0.599781,0.094066,8.779723
1807100,40.6137,7.425191,0.693847,6.731343,0.599781,0.094066,8.751178
1807200,40.6137,7.425191,0.693847,6.731343,0.599781,0.094066,8.783860
1807300,40.6137,7.425191,0.693847,6.731343,0.599781,0.094066,8.758120
1807400,40.6137,7.425191,0.693847,6.731343,0.599781,0.094066,8.751178
1807500,40.6137,7.425191,0.693847,6.731343,0.599781,0.094066,8.828291
1807600,40.6137,7.425191,0.693847,6.731343,0.599781,0.094066,8.775941
1807700,40.6137,7.425191,0.693847,6.731343,0.599781,0.094066,8.751178
1807800,40.6137,7.425191,0.693847,6.731343,0.599781,0.094066,8.788331
1807900,40.6137,7.425191,0.693847,6.731343,0.599781,0.094066,8.769891
1808000,40.6137,7.425191,0.693847,6.731343,0.599781,0.094066,8.751178
1808100,40.6137,7.425191,0.693847,6.731343,0.599781,0.094066,8.800404
1808200,40.6137,7.425191,0.693847,6.731343,0.599781,0.094066,8.751178
1808300,40.6137,7.425191,0.693847,6.731343,0.599781,0.094066,8.762830
1808400,40.6137,7.425191,0.693847,6.731343,0.599781,0.094066,8.778128
1808500,40.6137,7.425191,0.693847,6.731343,0.599781,0.094066,8.751178
1808600,40.6137,7.425191,0.693847,6.731343,0.599781,0.094066,8.751239
1808700,40.6137,7.425191,0.693847,6.731343,0.599781,0.094066,8.811822
1808800,40.6137,7.425191,0.693847,6.731343,0.599781,0.094066,8.763886
1808900,40.6137,7.425191,0.693847,6.731343,0.599781,0.094066,8.751178
1809000,40.6137,7.425191,0.693847,6.731343,0.599781,0.094066,8.788310
1809100,40.6137,7.425191,0.693847,6.731343,0.599781,0.094066,8.756973
1809200,40.6137,7.425191,0.693847,6.731343,0.599781,0.094066,8.752117
1809300,40.6137,7.425191,0.693847,6.731343,0.599781,0.094066,8.789863
1809400,40.6137,7.425191,0.693847,6.731343,0.599781,0.094066,8.751178
1809500,40.6137,7.425191,0.693847,6.731343,0.599781,0.094066,8.773841
1809600,40.6137,7.425191,0.693847,6.731343,0.599781,0.094066,8.808098
1809700,40.6137,7.425191,0.693847,6.731343,0.599781,0.094066,8.751178
1809800,40.6137,7.425191,0.693847,6.731343,0.599781,0.094066,8.765561
1809900,40.6137,7.425191,0.693847,6.731343,0.599781,0.094066,8.793779
1810000,40.6137,7.425191,0.693847,6.731343,0.599781,0.094066,8.751178
1810100,40.6137,7.425191,0.693847,6.731343,0.599781,0.094066,8.784619
1810200,40.6137,7.425191,0.693847,6.731343,0.599781,0.094066,8.765033
1810300,40.6137,7.425191,0.693847,6.731343,0.599781,0.094066,8.751178
1810400,40.6137,7.425191,0.693847,6.731343,0.599781,0.094066,8.786733
1810500,40.6137,7.425191,0.693847,6.731343,0.599781,0.094066,8.751178
1810600,40.6137,7.425191,0.693847,6.731343,0.599781,0.094066,8.751239
1810700,40.6137,7.425191,0.693847,6.731343,0.599781,0.094066,8.811822
1810800,40.6137,7.425191,0.693847,6.731343,0.599781,0.094066,8.763886
1810900,40.6137,7.425191,0.693847,6.731343,0.599781,0.094066,8.751178
1811000,40.6137,7.425191,0.693847,6.731343,0.599781,0.094066,8.795454
1811100,40.6137,7.425191,0.693847,6.731343,0.599781,0.094066,8.763886
1811200,40.6137,7.425191,0.693847,6.731343,0.599781,0.094066,8.751178
1811300,40.6137,7.425191,0.693847,6.731343,0.599781,0.094066,8.798474
1811400,40.6137,7.425191,0.693847,6.731343,0.599781,0.094066,8.751178
1811500,40.6137,7.425191,0.693847,6.731343,0.599781,0.094066,8.789615
1811600,40.6137,7.425191,0.693847,6.731343,0.599781,0.094066,8.814801
1811700,40.6137,7.425191,0.693847,6.731343,0.599781,0.094066,8.751178
1811800,40.6137,7.425191,0.693847,6.731343,0.599781,0.094066,8.759791
1811900,40.6137,7.425191,0.693847,6.731343,0.599781,0.094066,8.785493
1812000,40.6137,7.425191,0.693847,6.731343,0.599781,0.094066,8.751178
1812100,40.6137,7.425191,0.693847,6.731343,0.599781,0.094066,8.776737
1812200,40.6137,7.425191,0.693847,6.731343,0.599781,0.094066,8.765243
1812300,40.6137,7.425191,0.693847,6.731343,0.599781,0.094066,8.751178
1812400,40.6137,7.425191,0.693847,6.731343,0.599781,0.094066,8.810930
1812500,40.6137,7.425191,0.693847,6.731343,0.599781,0.094066,8.771009
1812600,40.6137,7.425191,0.693847,6.731343,0.599781,0.094066,8.751178
1812700,40.6137,7.425191,0.693847,6.731343,0.599781,0.094066,8.795454
1812800,40.6137,7.425191,0.693847,6.731343,0.599781,0.094066,8.763886
1812900,40.6137,7.425191,0.693847,6.731343,0.599781,0.094066,8.751178
1813000,40.6137,7.425191,0.693847,6.731343,0.599781,0.094066,8.798474
1813100,40.6137,7.425191,0.693847,6.731343,0.599781,0.094066,8.751178
1813200,40.6137,7.425191,0.693847,6.731343,0.599781,0.094066,8.763423
1813300,40.6137,7.425191,0.693847,6.731343,0.599781,0.094066,8.818700
1813400,40.6137,7.425191,0.693847,6.731343,0.599781,0.094066,8.751178
1813500,40.6137,7.425191,0.693847,6.731343,0.599781,0.094066,8.759791
1813600,40.6137,7.425191,0.693847,6.731343,0.599781,0.094066,8.799549
1813700,40.6137,7.425191,0.693847,6.731343,0.599781,0.094066,8.751178
1813800,40.6137,7.425191,0.693847,6.731343,0.599781,0.094066,8.777496
1813900,40.6137,7.425191,0.693847,6.731343,0.599781,0.094066,8.772156
1814000,40.6137,7.425191,0.693847,6.731343,0.599781,0.094066,8.751178
1814100,40.6137,7.425191,0.693847,6.731343,0.599781,0.094066,8.811114
1814200,40.6137,7.425191,0.693847,6.731343,0.599781,0.094066,8.769891
1814300,40.6137,7.425191,0.693847,6.731343,0.599781,0.094066,8.751178
1814400,40.6137,7.425191,0.693847,6.731343,0.599781,0.094066,8.791358
1814500,40.6137,7.425191,0.693847,6.731343,0.599781,0.094066,8.756973
1814600,40.6137,7.425191,0.693847,6.731343,0.599781,0.094066,8.751178
1814700,40.6137,7.425191,0.693847,6.731343,0.599781,0.094066,8.790802
1814800,40.6137,7.425191,0.693847,6.731343,0.599781,0.094066,8.751178
1814900,40.6137,7.425191,0.693847,6.731343,0.599781,0.094066,8.761720
1815000,40.6137,7.425191,0.693847,6.731343,0.599781,0.094066,8.829805
1815100,40.6137,7.425191,0.693847,6.731343,0.599781,0.094066,8.763886
1815200,40.6137,7.425191,0.693847,6.731343,0.599781,0.094066,8.751178
1815300,40.6137,7.425191,0.693847,6.731343,0.599781,0.094066,8.795454
1815400,40.6137,7.425191,0.693847,6.731343,0.599781,0.094066,8.762768
1815500,40.6137,7.425191,0.693847,6.731343,0.599781,0.094066,8.751178
1815600,40.6137,7.425191,0.693847,6.731343,0.599781,0.094066,8.800404
1815700,40.6137,7.425191,0.693847,6.731343,0.599781,0.094066,8.751178
1815800,40.6137,7.425191,0.693847,6.731343,0.599781,0.094066,8.777072
1815900,40.6137,7.425191,0.693847,6.731343,0.599781,0.094066,8.763886
1816000,40.6137,7.425191,0.693847,6.731343,0.599781,0.094066,8.751178
1816100,40.6137,7.425191,0.693847,6.731343,0.599781,0.094066,8.751239
1816200,40.6137,7.425191,0.693847,6.731343,0.599781,0.094066,8.824530
1816300,40.6137,7.425191,0.693847,6.731343,0.599781,0.094066,8.751178
1816400,40.6137,7.425191,0.693847,6.731343,0.599781,0.094066,8.765561
1816500,40.6137,7.425191,0.693847,6.731343,0.599781,0.094066,8.779723
1816600,40.6137,7.425191,0.693847,6.731343,0.599781,0.094066,8.751178
1816700,40.6137,7.425191,0.693847,6.731343,0.599781,0.094066,8.783860
1816800,40.6137,7.425191,0.693847,6.731343,0.599781,0.094066,8.758120
1816900,40.6137,7.425191,0.693847,6.731343,0.599781,0.094066,8.751178
1817000,40.6137,7.425191,0.693847,6.731343,0.599781,0.094066,8.818053
1817100,40.6137,7.425191,0.693847,6.731343,0.599781,0.094066,8.763886
1817200,40.6137,7.425191,0.693847,6.731343,0.599781,0.094066,8.751178
1817300,40.6137,7.425191,0.693847,6.731343,0.599781,0.094066,8.788310
1817400,40.6137,7.425191,0.693847,6.731343,0.599781,0.094066,8.756973
1817500,40.6137,7.425191,0.693847,6.731343,0.599781,0.094066,8.751178
1817600,40.6137,7.425191,0.693847,6.731343,0.599781,0.094066,8.790802
1817700,40.6137,7.425191,0.693847,6.731343,0.599781,0.094066,8.751178
1817800,40.6137,7.425191,0.693847,6.731343,0.599781,0.094066,8.773841
1817900,40.6137,7.425191,0.693847,6.731343,0.599781,0.094066,8.763886
1818000,40.6137,7.425191,0.693847,6.731343,0.599781,0.094066,8.751178
1818100,40.6137,7.425191,0.693847,6.731343,0.599781,0.094066,8.751239
1818200,40.6137,7.425191,0.693847,6.731343,0.599781,0.094066,8.824530
1818300,40.6137,7.425191,0.693847,6.731343,0.599781,0.094066,8.751178
1818400,40.6137,7.425191,0.693847,6.731343,0.599781,0.094066,8.765347
1818500,40.6137,7.425191,0.693847,6.731343,0.599781,0.094066,8.779936
1818600,40.6137,7.425191,0.693847,6.731343,0.599781,0.094066,8.751178
1818700,40.6137,7.425191,0.693847,6.731343,0.599781,0.094066,8.783860
1818800,40.6137,7.425191,0.693847,6.731343,0.599781,0.094066,8.758120
1818900,40.6137,7.425191,0.693847,6.731343,0.599781,0.094066,8.751178
1819000,40.6137,7.425191,0.693847,6.731343,0.599781,0.094066,8.796134
1819100,40.6137,7.425191,0.693847,6.731343,0.599781,0.094066,8.829402
1819200,40.6137,7.425191,0.693847,6.731343,0.599781,0.094066,8.817178
1819300,40.6137,7.425191,0.693847,6.731343,0.599781,0.094066,8.825335
1819400,40.6137,7.425191,0.693847,6.731343,0.599781,0.094066,8.825504
1819500,40.6137,7.425191,0.693847,6.731343,0.599781,0.094066,8.830161
1819600,40.6137,7.425191,0.693847,6.731343,0.599781,0.094066,8.771009
1819700,40.6137,7.425191,0.693847,6.731343,0.599781,0.094066,8.751178
1819800,40.6137,7.425191,0.693847,6.731343,0.599781,0.094066,8.795454
1819900,40.6137,7.425191,0.693847,6.731343,0.599781,0.094066,8.763886
1820000,40.6137,7.425191,0.693847,6.731343,0.599781,0.094066,8.751178
1820100,40.6137,7.425191,0.693847,6.731343,0.599781,0.094066,8.798474
1820200,40.6137,7.425191,0.693847,6.731343,0.599781,0.094066,8.751178
1820300,40.6137,7.425191,0.693847,6.731343,0.599781,0.094066,8.772878
1820400,40.6137,7.425191,0.693847,6.731343,0.599781,0.094066,8.809245
1820500,40.6137,7.425191,0.693847,6.731343,0.599781,0.094066,8.751178
1820600,40.6137,7.425191,0.693847,6.731343,0.599781,0.094066,8.765347
1820700,40.6137,7.425191,0.693847,6.731343,0.599781,0.094066,8.810689
1820800,40.6137,7.425191,0.693847,6.731343,0.599781,0.094066,8.833303
1820900,40.6137,7.425191,0.693847,6.731343,0.599781,0.094066,8.810951
1821000,40.6137,7.425191,0.693847,6.731343,0.599781,0.094066,8.771222
1821100,40.6137,7.425191,0.693847,6.731343,0.599781,0.094066,8.751178
1821200,40.6137,7.425191,0.693847,6.731343,0.599781,0.094066,8.798474
1821300,40.6137,7.425191,0.693847,6.731343,0.599781,0.094066,8.751178
1821400,40.6137,7.425191,0.693847,6.731343,0.599781,0.094066,8.759782
1821500,40.6137,7.425191,0.693847,6.731343,0.599781,0.094066,8.778128
1821600,40.6137,7.425191,0.693847,6.731343,0.599781,0.094066,8.751178
1821700,40.6137,7.425191,0.693847,6.731343,0.599781,0.094066,8.751239
1821800,40.6137,7.425191,0.693847,6.731343,0.599781,0.094066,8.876189
1821900,40.6137,7.425191,0.693847,6.731343,0.599781,0.094066,8.821363
1822000,40.6137,7.425191,0.693847,6.731343,0.599781,0.094066,8.847194
1822100,40.6137,7.425191,0.693847,6.731343,0.599781,0.094066,8.810951
1822200,40.6137,7.425191,0.693847,6.731343,0.599781,0.094066,8.825336
1822300,40.6137,7.425191,0.693847,6.731343,0.599781,0.094066,8.776054
1822400,40.6137,7.425191,0.693847,6.731343,0.599781,0.094066,8.751178
1822500,40.6137,7.425191,0.693847,6.731343,0.599781,0.094066,8.751239
1822600,40.6137,7.425191,0.693847,6.731343,0.599781,0.094066,8.811822
1822700,40.6137,7.425191,0.693847,6.731343,0.599781,0.094066,8.813208
1822800,40.6137,7.425191,0.693847,6.731343,0.599781,0.094066,8.823574
1822900,40.6137,7.425191,0.693847,6.731343,0.599781,0.094066,8.820551
1823000,40.6137,7.425191,0.693847,6.731343,0.599781,0.094066,8.825290
1823100,40.6137,7.425191,0.693847,6.731343,0.599781,0.094066,8.830161
1823200,40.6137,7.425191,0.693847,6.731343,0.599781,0.094066,8.810811
1823300,40.6137,7.425191,0.693847,6.731343,0.599781,0.094066,8.835835
1823400,40.6137,7.425191,0.693847,6.731343,0.599781,0.094066,8.775941
1823500,40.6137,7.425191,0.693847,6.731343,0.599781,0.094066,8.751178
1823600,40.6137,7.425191,0.693847,6.731343,0.599781,0.094066,8.788331
1823700,40.6137,7.425191,0.693847,6.731343,0.599781,0.094066,8.771009
1823800,40.6137,7.425191,0.693847,6.731343,0.599781,0.094066,8.751178
1823900,40.6137,7.425191,0.693847,6.731343,0.599781,0.094066,8.798474
1824000,40.6137,7.425191,0.693847,6.731343,0.599781,0.094066,8.751178
1824100,40.6137,7.425191,0.693847,6.731343,0.599781,0.094066,8.761856
1824200,40.6137,7.425191,0.693847,6.731343,0.599781,0.094066,8.820266
1824300,40.6137,7.425191,0.693847,6.731343,0.599781,0.094066,8.751178
1824400,40.6137,7.425191,0.693847,6.731343,0.599781,0.094066,8.755531
1824500,40.6137,7.425191,0.693847,6.731343,0.599781,0.094066,8.813382
1824600,40.6137,7.425191,0.693847,6.731343,0.599781,0.094066,8.808269
1824700,40.6137,7.425191,0.693847,6.731343,0.599781,0.094066,8.820551
1824800,40.6137,7.425191,0.693847,6.731343,0.599781,0.094066,8.818535
1824900,40.6137,7.425191,0.693847,6.731343,0.599781,0.094066,8.783501
1825000,40.6137,7.425191,0.693847,6.731343,0.599781,0.094066,8.751178
1825100,40.6137,7.425191,0.693847,6.731343,0.599781,0.094066,8.751239
1825200,40.6137,7.425191,0.693847,6.731343,0.599781,0.094066,8.811822
1825300,40.6137,7.425191,0.693847,6.731343,0.599781,0.094066,8.799088
1825400,40.6137,7.425191,0.693847,6.731343,0.599781,0.094066,8.831165
1825500,40.6137,7.425191,0.693847,6.731343,0.599781,0.094066,8.819267
1825600,40.6137,7.425191,0.693847,6.731343,0.599781,0.094066,8.811549
1825700,40.6137,7.425191,0.693847,6.731343,0.599781,0.094066,8.776007
1825800,40.6137,7.425191,0.693847,6.731343,0.599781,0.094066,8.751178
1825900,40.6137,7.425191,0.693847,6.731343,0.599781,0.094066,8.751239
1826000,40.6137,7.425191,0.693847,6.731343,0.599781,0.094066,8.816363
1826100,40.6137,7.425191,0.693847,6.731343,0.599781,0.094066,8.806232
1826200,40.6137,7.425191,0.693847,6.731343,0.599781,0.094066,8.763886
1826300,40.6137,7.425191,0.693847,6.731343,0.599781,0.094066,8.751178
1826400,40.6137,7.425191,0.693847,6.731343,0.599781,0.094066,8.798474
1826500,40.6137,7.425191,0.693847,6.731343,0.599781,0.094066,8.751178
1826600,40.6137,7.425191,0.693847,6.731343,0.599781,0.094066,8.790548
1826700,40.6137,7.425191,0.693847,6.731343,0.599781,0.094066,8.826107
1826800,40.6137,7.425191,0.693847,6.731343,0.599781,0.094066,8.810689
1826900,40.6137,7.425191,0.693847,6.731343,0.599781,0.094066,8.823065
1827000,40.6137,7.425191,0.693847,6.731343,0.599781,0.094066,8.806232
1827100,40.6137,7.425191,0.693847,6.731343,0.599781,0.094066,8.830168
1827200,40.6137,7.425191,0.693847,6.731343,0.599781,0.094066,8.808098
1827300,40.6137,7.425191,0.693847,6.731343,0.599781,0.094066,8.751178
1827400,40.6137,7.425191,0.693847,6.731343,0.599781,0.094066,8.765561
1827500,40.6137,7.425191,0.693847,6.731343,0.599781,0.094066,8.779723
1827600,40.6137,7.425191,0.693847,6.731343,0.599781,0.094066,8.751178
1827700,40.6137,7.425191,0.693847,6.731343,0.599781,0.094066,8.783860
1827800,40.6137,7.425191,0.693847,6.731343,0.599781,0.094066,8.758120
1827900,40.6137,7.425191,0.693847,6.731343,0.599781,0.094066,8.751178
1828000,40.6137,7.425191,0.693847,6.731343,0.599781,0.094066,8.818053
1828100,40.6137,7.425191,0.693847,6.731343,0.599781,0.094066,8.763886
1828200,40.6137,7.425191,0.693847,6.731343,0.599781,0.094066,8.751178
1828300,40.6137,7.425191,0.693847,6.731343,0.599781,0.094066,8.788310
1828400,40.6137,7.425191,0.693847,6.731343,0.599781,0.094066,8.837694
1828500,40.6137,7.425191,0.693847,6.731343,0.599781,0.094066,8.820551
1828600,40.6137,7.425191,0.693847,6.731343,0.599781,0.094066,8.793779
1828700,40.6137,7.425191,0.693847,6.731343,0.599781,0.094066,8.751178
1828800,40.6137,7.425191,0.693847,6.731343,0.599781,0.094066,8.784619
1828900,40.6137,7.425191,0.693847,6.731343,0.599781,0.094066,8.765033
1829000,40.6137,7.425191,0.693847,6.731343,0.599781,0.094066,8.751178
1829100,40.6137,7.425191,0.693847,6.731343,0.599781,0.094066,8.786733
1829200,40.6137,7.425191,0.693847,6.731343,0.599781,0.094066,8.751178
1829300,40.6137,7.425191,0.693847,6.731343,0.599781,0.094066,8.751239
1829400,40.6137,7.425191,0.693847,6.731343,0.599781,0.094066,8.802005
1829500,40.6137,7.425191,0.693847,6.731343,0.599781,0.094066,8.816048
1829600,40.6137,7.425191,0.693847,6.731343,0.599781,0.094066,8.829022
1829700,40.6137,7.425191,0.693847,6.731343,0.599781,0.094066,8.821697
1829800,40.6137,7.425191,0.693847,6.731343,0.599781,0.094066,8.825290
1829900,40.6137,7.425191,0.693847,6.731343,0.599781,0.094066,8.798657
1830000,40.6137,7.425191,0.693847,6.731343,0.599781,0.094066,8.751178
1830100,40.6137,7.425191,0.693847,6.731343,0.599781,0.094066,8.751239
1830200,40.6137,7.425191,0.693847,6.731343,0.599781,0.094066,8.804699
1830300,40.6137,7.425191,0.693847,6.731343,0.599781,0.094066,8.813355
1830400,40.6137,7.425191,0.693847,6.731343,0.599781,0.094066,8.835892
1830500,40.6137,7.425191,0.693847,6.731343,0.599781,0.094066,8.828183
1830600,40.6137,7.425191,0.693847,6.731343,0.599781,0.094066,8.827105
1830700,40.6137,7.425191,0.693847,6.731343,0.599781,0.094066,8.830161
1830800,40.6137,7.425191,0.693847,6.731343,0.599781,0.094066,8.813355
1830900,40.6137,7.425191,0.693847,6.731343,0.599781,0.094066,8.830168
1831000,40.6137,7.425191,0.693847,6.731343,0.599781,0.094066,8.808098
1831100,40.6137,7.425191,0.693847,6.731343,0.599781,0.094066,8.751178
1831200,40.6137,7.425191,0.693847,6.731343,0.599781,0.094066,8.765561
1831300,40.6137,7.425191,0.693847,6.731343,0.599781,0.094066,8.793779
1831400,40.6137,7.425191,0.693847,6.731343,0.599781,0.094066,8.751178
1831500,40.6137,7.425191,0.693847,6.731343,0.599781,0.094066,8.784619
1831600,40.6137,7.425191,0.693847,6.731343,0.599781,0.094066,8.765033
1831700,40.6137,7.425191,0.693847,6.731343,0.599781,0.094066,8.751178
1831800,40.6137,7.425191,0.693847,6.731343,0.599781,0.094066,8.818236
1831900,40.6137,7.425191,0.693847,6.731343,0.599781,0.094066,8.763886
1832000,40.6137,7.425191,0.693847,6.731343,0.599781,0.094066,8.751178
1832100,40.6137,7.425191,0.693847,6.731343,0.599781,0.094066,8.795454
1832200,40.6137,7.425191,0.693847,6.731343,0.599781,0.094066,8.763886
1832300,40.6137,7.425191,0.693847,6.731343,0.599781,0.094066,8.751178
1832400,40.6137,7.425191,0.693847,6.731343,0.599781,0.094066,8.798474
1832500,40.6137,7.425191,0.693847,6.731343,0.599781,0.094066,8.751178
1832600,40.6137,7.425191,0.693847,6.731343,0.599781,0.094066,8.777564
1832700,40.6137,7.425191,0.693847,6.731343,0.599781,0.094066,8.830367
1832800,40.6137,7.425191,0.693847,6.731343,0.599781,0.094066,8.812290
1832900,40.6137,7.425191,0.693847,6.731343,0.599781,0.094066,8.798684
1833000,40.6137,7.425191,0.693847,6.731343,0.599781,0.094066,8.751178
1833100,40.6137,7.425191,0.693847,6.731343,0.599781,0.094066,8.751239
1833200,40.6137,7.425191,0.693847,6.731343,0.599781,0.094066,8.787625
1833300,40.6137,7.425191,0.693847,6.731343,0.599781,0.094066,8.815015
1833400,40.6137,7.425191,0.693847,6.731343,0.599781,0.094066,8.811549
1833500,40.6137,7.425191,0.693847,6.731343,0.599781,0.094066,8.827115
1833600,40.6137,7.425191,0.693847,6.731343,0.599781,0.094066,8.830847
1833700,40.6137,7.425191,0.693847,6.731343,0.599781,0.094066,8.798657
1833800,40.6137,7.425191,0.693847,6.731343,0.599781,0.094066,8.751178
1833900,40.6137,7.425191,0.693847,6.731343,0.599781,0.094066,8.751239
1834000,40.6137,7.425191,0.693847,6.731343,0.599781,0.094066,8.799767
1834100,40.6137,7.425191,0.693847,6.731343,0.599781,0.094066,8.806892
1834200,40.6137,7.425191,0.693847,6.731343,0.599781,0.094066,8.820106
1834300,40.6137,7.425191,0.693847,6.731343,0.599781,0.094066,8.817229
1834400,40.6137,7.425191,0.693847,6.731343,0.599781,0.094066,8.823437
1834500,40.6137,7.425191,0.693847,6.731343,0.599781,0.094066,8.845120
1834600,40.6137,7.425191,0.693847,6.731343,0.599781,0.094066,8.812731
1834700,40.6137,7.425191,0.693847,6.731343,0.599781,0.094066,8.833956
1834800,40.6137,7.425191,0.693847,6.731343,0.599781,0.094066,8.809867
1834900,40.6137,7.425191,0.693847,6.731343,0.599781,0.094066,8.751178
1835000,40.6137,7.425191,0.693847,6.731343,0.599781,0.094066,8.765347
1835100,40.6137,7.425191,0.693847,6.731343,0.599781,0.094066,8.793993
1835200,40.6137,7.425191,0.693847,6.731343,0.599781,0.094066,8.751178
1835300,40.6137,7.425191,0.693847,6.731343,0.599781,0.094066,8.780368
1835400,40.6137,7.425191,0.693847,6.731343,0.599781,0.094066,8.769284
1835500,40.6137,7.425191,0.693847,6.731343,0.599781,0.094066,8.751178
1835600,40.6137,7.425191,0.693847,6.731343,0.599781,0.094066,8.811114
1835700,40.6137,7.425191,0.693847,6.731343,0.599781,0.094066,8.771009
1835800,40.6137,7.425191,0.693847,6.731343,0.599781,0.094066,8.751178
1835900,40.6137,7.425191,0.693847,6.731343,0.599781,0.094066,8.788310
1836000,40.6137,7.425191,0.693847,6.731343,0.599781,0.094066,8.815855
1836100,40.6137,7.425191,0.693847,6.731343,0.599781,0.094066,8.817229
1836200,40.6137,7.425191,0.693847,6.731343,0.599781,0.094066,8.828513
1836300,40.6137,7.425191,0.693847,6.731343,0.599781,0.094066,8.798684
1836400,40.6137,7.425191,0.693847,6.731343,0.599781,0.094066,8.751178
1836500,40.6137,7.425191,0.693847,6.731343,0.599781,0.094066,8.751239
1836600,40.6137,7.425191,0.693847,6.731343,0.599781,0.094066,8.846436
1836700,40.6137,7.425191,0.693847,6.731343,0.599781,0.094066,8.826114
1836800,40.6137,7.425191,0.693847,6.731343,0.599781,0.094066,8.773757
1836900,40.6137,7.425191,0.693847,6.731343,0.599781,0.094066,8.751178
1837000,40.6137,7.425191,0.693847,6.731343,0.599781,0.094066,8.798474
1837100,40.6137,7.425191,0.693847,6.731343,0.599781,0.094066,8.751178
1837200,40.6137,7.425191,0.693847,6.731343,0.599781,0.094066,8.753292
1837300,40.6137,7.425191,0.693847,6.731343,0.599781,0.094066,8.816122
1837400,40.6137,7.425191,0.693847,6.731343,0.599781,0.094066,8.843328
1837500,40.6137,7.425191,0.693847,6.731343,0.599781,0.094066,8.805780
1837600,40.6137,7.425191,0.693847,6.731343,0.599781,0.094066,8.751178
1837700,40.6137,7.425191,0.693847,6.731343,0.599781,0.094066,8.751239
1837800,40.6137,7.425191,0.693847,6.731343,0.599781,0.094066,8.782068
1837900,40.6137,7.425191,0.693847,6.731343,0.599781,0.094066,8.826114
1838000,40.6137,7.425191,0.693847,6.731343,0.599781,0.094066,8.827871
1838100,40.6137,7.425191,0.693847,6.731343,0.599781,0.094066,8.829852
1838200,40.6137,7.425191,0.693847,6.731343,0.599781,0.094066,8.799088
1838300,40.6137,7.425191,0.693847,6.731343,0.599781,0.094066,8.815401
1838400,40.6137,7.425191,0.693847,6.731343,0.599781,0.094066,8.838499
1838500,40.6137,7.425191,0.693847,6.731343,0.599781,0.094066,8.829945
1838600,40.6137,7.425191,0.693847,6.731343,0.599781,0.094066,8.820266
1838700,40.6137,7.425191,0.693847,6.731343,0.599781,0.094066,8.751178
1838800,40.6137,7.425191,0.693847,6.731343,0.599781,0.094066,8.756623
1838900,40.6137,7.425191,0.693847,6.731343,0.599781,0.094066,8.802717
1839000,40.6137,7.425191,0.693847,6.731343,0.599781,0.094066,8.751178
1839100,40.6137,7.425191,0.693847,6.731343,0.599781,0.094066,8.775895
1839200,40.6137,7.425191,0.693847,6.731343,0.599781,0.094066,8.773757
1839300,40.6137,7.425191,0.693847,6.731343,0.599781,0.094066,8.751178
1839400,40.6137,7.425191,0.693847,6.731343,0.599781,0.094066,8.806181
1839500,40.6137,7.425191,0.693847,6.731343,0.599781,0.094066,8.775941
1839600,40.6137,7.425191,0.693847,6.731343,0.599781,0.094066,8.751178
1839700,40.6137,7.425191,0.693847,6.731343,0.599781,0.094066,8.781187
1839800,40.6137,7.425191,0.693847,6.731343,0.599781,0.094066,8.813274
1839900,40.6137,7.425191,0.693847,6.731343,0.599781,0.094066,8.826933
1840000,40.6137,7.425191,0.693847,6.731343,0.599781,0.094066,8.818940
1840100,40.6137,7.425191,0.693847,6.731343,0.599781,0.094066,8.751178
1840200,40.6137,7.425191,0.693847,6.731343,0.599781,0.094066,8.753292
1840300,40.6137,7.425191,0.693847,6.731343,0.599781,0.094066,8.796360
1840400,40.6137,7.425191,0.693847,6.731343,0.599781,0.094066,8.751178
1840500,40.6137,7.425191,0.693847,6.731343,0.599781,0.094066,8.774025
1840600,40.6137,7.425191,0.693847,6.731343,0.599781,0.094066,8.763886
1840700,40.6137,7.425191,0.693847,6.731343,0.599781,0.094066,8.751239
1840800,40.6137,7.425191,0.693847,6.731343,0.599781,0.094066,8.779327
1840900,40.6137,7.425191,0.693847,6.731343,0.599781,0.094066,8.808834
1841000,40.6137,7.425191,0.693847,6.731343,0.599781,0.094066,8.825290
1841100,40.6137,7.425191,0.693847,6.731343,0.599781,0.094066,8.830161
1841200,40.6137,7.425191,0.693847,6.731343,0.599781,0.094066,8.807307
1841300,40.6137,7.425191,0.693847,6.731343,0.599781,0.094066,8.819890
1841400,40.6137,7.425191,0.693847,6.731343,0.599781,0.094066,8.751178
1841500,40.6137,7.425191,0.693847,6.731343,0.599781,0.094066,8.751239
1841600,40.6137,7.425191,0.693847,6.731343,0.599781,0.094066,8.755719
1841700,40.6137,7.425191,0.693847,6.731343,0.599781,0.094066,8.836982
1841800,40.6137,7.425191,0.693847,6.731343,0.599781,0.094066,8.825290
1841900,40.6137,7.425191,0.693847,6.731343,0.599781,0.094066,8.845332
1842000,40.6137,7.425191,0.693847,6.731343,0.599781,0.094066,8.806211
1842100,40.6137,7.425191,0.693847,6.731343,0.599781,0.094066,8.815187
1842200,40.6137,7.425191,0.693847,6.731343,0.599781,0.094066,8.820764
1842300,40.6137,7.425191,0.693847,6.731343,0.599781,0.094066,8.810475
1842400,40.6137,7.425191,0.693847,6.731343,0.599781,0.094066,8.823065
1842500,40.6137,7.425191,0.693847,6.731343,0.599781,0.094066,8.763886
1842600,40.6137,7.425191,0.693847,6.731343,0.599781,0.094066,8.751178
1842700,40.6137,7.425191,0.693847,6.731343,0.599781,0.094066,8.788310
1842800,40.6137,7.425191,0.693847,6.731343,0.599781,0.094066,8.756973
1842900,40.6137,7.425191,0.693847,6.731343,0.599781,0.094066,8.751178
1843000,40.6137,7.425191,0.693847,6.731343,0.599781,0.094066,8.790802
1843100,40.6137,7.425191,0.693847,6.731343,0.599781,0.094066,8.751178
1843200,40.6137,7.425191,0.693847,6.731343,0.599781,0.094066,8.773841
1843300,40.6137,7.425191,0.693847,6.731343,0.599781,0.094066,8.808098
1843400,40.6137,7.425191,0.693847,6.731343,0.599781,0.094066,8.751178
1843500,40.6137,7.425191,0.693847,6.731343,0.599781,0.094066,8.765561
1843600,40.6137,7.425191,0.693847,6.731343,0.599781,0.094066,8.810475
1843700,40.6137,7.425191,0.693847,6.731343,0.599781,0.094066,8.839802
1843800,40.6137,7.425191,0.693847,6.731343,0.599781,0.094066,8.811789
1843900,40.6137,7.425191,0.693847,6.731343,0.599781,0.094066,8.763886
1844000,40.6137,7.425191,0.693847,6.731343,0.599781,0.094066,8.751178
1844100,40.6137,7.425191,0.693847,6.731343,0.599781,0.094066,8.798474
1844200,40.6137,7.425191,0.693847,6.731343,0.599781,0.094066,8.751178
1844300,40.6137,7.425191,0.693847,6.731343,0.599781,0.094066,8.772878
1844400,40.6137,7.425191,0.693847,6.731343,0.599781,0.094066,8.765033
1844500,40.6137,7.425191,0.693847,6.731343,0.599781,0.094066,8.751178
1844600,40.6137,7.425191,0.693847,6.731343,0.599781,0.094066,8.751239
1844700,40.6137,7.425191,0.693847,6.731343,0.599781,0.094066,8.829646
1844800,40.6137,7.425191,0.693847,6.731343,0.599781,0.094066,8.812255
1844900,40.6137,7.425191,0.693847,6.731343,0.599781,0.094066,8.823065
1845000,40.6137,7.425191,0.693847,6.731343,0.599781,0.094066,8.804645
1845100,40.6137,7.425191,0.693847,6.731343,0.599781,0.094066,8.815401
1845200,40.6137,7.425191,0.693847,6.731343,0.599781,0.094066,8.763886
1845300,40.6137,7.425191,0.693847,6.731343,0.599781,0.094066,8.751178
1845400,40.6137,7.425191,0.693847,6.731343,0.599781,0.094066,8.751239
1845500,40.6137,7.425191,0.693847,6.731343,0.599781,0.094066,8.836769
1845600,40.6137,7.425191,0.693847,6.731343,0.599781,0.094066,8.825504
1845700,40.6137,7.425191,0.693847,6.731343,0.599781,0.094066,8.840400
1845800,40.6137,7.425191,0.693847,6.731343,0.599781,0.094066,8.804021
1845900,40.6137,7.425191,0.693847,6.731343,0.599781,0.094066,8.814366
1846000,40.6137,7.425191,0.693847,6.731343,0.599781,0.094066,8.828494
1846100,40.6137,7.425191,0.693847,6.731343,0.599781,0.094066,8.825504
1846200,40.6137,7.425191,0.693847,6.731343,0.599781,0.094066,8.830161
1846300,40.6137,7.425191,0.693847,6.731343,0.599781,0.094066,8.763886
1846400,40.6137,7.425191,0.693847,6.731343,0.599781,0.094066,8.751178
1846500,40.6137,7.425191,0.693847,6.731343,0.599781,0.094066,8.788310
1846600,40.6137,7.425191,0.693847,6.731343,0.599781,0.094066,8.756973
1846700,40.6137,7.425191,0.693847,6.731343,0.599781,0.094066,8.751178
1846800,40.6137,7.425191,0.693847,6.731343,0.599781,0.094066,8.790802
1846900,40.6137,7.425191,0.693847,6.731343,0.599781,0.094066,8.751178
1847000,40.6137,7.425191,0.693847,6.731343,0.599781,0.094066,8.773841
1847100,40.6137,7.425191,0.693847,6.731343,0.599781,0.094066,8.808098
1847200,40.6137,7.425191,0.693847,6.731343,0.599781,0.094066,8.751178
1847300,40.6137,7.425191,0.693847,6.731343,0.599781,0.094066,8.765561
1847400,40.6137,7.425191,0.693847,6.731343,0.599781,0.094066,8.793779
1847500,40.6137,7.425191,0.693847,6.731343,0.599781,0.094066,8.751178
1847600,40.6137,7.425191,0.693847,6.731343,0.599781,0.094066,8.784619
1847700,40.6137,7.425191,0.693847,6.731343,0.599781,0.094066,8.765033
1847800,40.6137,7.425191,0.693847,6.731343,0.599781,0.094066,8.751178
1847900,40.6137,7.425191,0.693847,6.731343,0.599781,0.094066,8.828475
1848000,40.6137,7.425191,0.693847,6.731343,0.599781,0.094066,8.804021
1848100,40.6137,7.425191,0.693847,6.731343,0.599781,0.094066,8.811969
1848200,40.6137,7.425191,0.693847,6.731343,0.599781,0.094066,8.774441
1848300,40.6137,7.425191,0.693847,6.731343,0.599781,0.094066,8.751178
1848400,40.6137,7.425191,0.693847,6.731343,0.599781,0.094066,8.751239
1848500,40.6137,7.425191,0.693847,6.731343,0.599781,0.094066,8.811822
1848600,40.6137,7.425191,0.693847,6.731343,0.599781,0.094066,8.828493
1848700,40.6137,7.425191,0.693847,6.731343,0.599781,0.094066,8.843395
1848800,40.6137,7.425191,0.693847,6.731343,0.599781,0.094066,8.807813
1848900,40.6137,7.425191,0.693847,6.731343,0.599781,0.094066,8.814254
1849000,40.6137,7.425191,0.693847,6.731343,0.599781,0.094066,8.765033
1849100,40.6137,7.425191,0.693847,6.731343,0.599781,0.094066,8.751178
1849200,40.6137,7.425191,0.693847,6.731343,0.599781,0.094066,8.751239
1849300,40.6137,7.425191,0.693847,6.731343,0.599781,0.094066,8.829646
1849400,40.6137,7.425191,0.693847,6.731343,0.599781,0.094066,8.810689
1849500,40.6137,7.425191,0.693847,6.731343,0.599781,0.094066,8.808269
1849600,40.6137,7.425191,0.693847,6.731343,0.599781,0.094066,8.828097
1849700,40.6137,7.425191,0.693847,6.731343,0.599781,0.094066,8.816546
1849800,40.6137,7.425191,0.693847,6.731343,0.599781,0.094066,8.825672
1849900,40.6137,7.425191,0.693847,6.731343,0.599781,0.094066,8.812290
1850000,40.6137,7.425191,0.693847,6.731343,0.599781,0.094066,8.823065
1850100,40.6137,7.425191,0.693847,6.731343,0.599781,0.094066,8.771009
1850200,40.6137,7.425191,0.693847,6.731343,0.599781,0.094066,8.751178
1850300,40.6137,7.425191,0.693847,6.731343,0.599781,0.094066,8.788310
1850400,40.6137,7.425191,0.693847,6.731343,0.599781,0.094066,8.756973
1850500,40.6137,7.425191,0.693847,6.731343,0.599781,0.094066,8.751178
1850600,40.6137,7.425191,0.693847,6.731343,0.599781,0.094066,8.790802
1850700,40.6137,7.425191,0.693847,6.731343,0.599781,0.094066,8.751178
1850800,40.6137,7.425191,0.693847,6.731343,0.599781,0.094066,8.767868
1850900,40.6137,7.425191,0.693847,6.731343,0.599781,0.094066,8.814071
1851000,40.6137,7.425191,0.693847,6.731343,0.599781,0.094066,8.751178
1851100,40.6137,7.425191,0.693847,6.731343,0.599781,0.094066,8.761096
1851200,40.6137,7.425191,0.693847,6.731343,0.599781,0.094066,8.814940
1851300,40.6137,7.425191,0.693847,6.731343,0.599781,0.094066,8.821162
1851400,40.6137,7.425191,0.693847,6.731343,0.599781,0.094066,8.822159
1851500,40.6137,7.425191,0.693847,6.731343,0.599781,0.094066,8.772156
1851600,40.6137,7.425191,0.693847,6.731343,0.599781,0.094066,8.751178
1851700,40.6137,7.425191,0.693847,6.731343,0.599781,0.094066,8.807222
1851800,40.6137,7.425191,0.693847,6.731343,0.599781,0.094066,8.776054
1851900,40.6137,7.425191,0.693847,6.731343,0.599781,0.094066,8.751178
1852000,40.6137,7.425191,0.693847,6.731343,0.599781,0.094066,8.751239
1852100,40.6137,7.425191,0.693847,6.731343,0.599781,0.094066,8.876189
1852200,40.6137,7.425191,0.693847,6.731343,0.599781,0.094066,8.809245
1852300,40.6137,7.425191,0.693847,6.731343,0.599781,0.094066,8.837401
1852400,40.6137,7.425191,0.693847,6.731343,0.599781,0.094066,8.811164
1852500,40.6137,7.425191,0.693847,6.731343,0.599781,0.094066,8.829087
1852600,40.6137,7.425191,0.693847,6.731343,0.599781,0.094066,8.772090
1852700,40.6137,7.425191,0.693847,6.731343,0.599781,0.094066,8.751178
1852800,40.6137,7.425191,0.693847,6.731343,0.599781,0.094066,8.751239
1852900,40.6137,7.425191,0.693847,6.731343,0.599781,0.094066,8.811822
1853000,40.6137,7.425191,0.693847,6.731343,0.599781,0.094066,8.827006
1853100,40.6137,7.425191,0.693847,6.731343,0.599781,0.094066,8.809776
1853200,40.6137,7.425191,0.693847,6.731343,0.599781,0.094066,8.820551
1853300,40.6137,7.425191,0.693847,6.731343,0.599781,0.094066,8.810475
1853400,40.6137,7.425191,0.693847,6.731343,0.599781,0.094066,8.823065
1853500,40.6137,7.425191,0.693847,6.731343,0.599781,0.094066,8.814301
1853600,40.6137,7.425191,0.693847,6.731343,0.599781,0.094066,8.835676
1853700,40.6137,7.425191,0.693847,6.731343,0.599781,0.094066,8.772610
1853800,40.6137,7.425191,0.693847,6.731343,0.599781,0.094066,8.751178
1853900,40.6137,7.425191,0.693847,6.731343,0.599781,0.094066,8.789897
1854000,40.6137,7.425191,0.693847,6.731343,0.599781,0.094066,8.769443
1854100,40.6137,7.425191,0.693847,6.731343,0.599781,0.094066,8.751178
1854200,40.6137,7.425191,0.693847,6.731343,0.599781,0.094066,8.798474
1854300,40.6137,7.425191,0.693847,6.731343,0.599781,0.094066,8.751178
1854400,40.6137,7.425191,0.693847,6.731343,0.599781,0.094066,8.761856
1854500,40.6137,7.425191,0.693847,6.731343,0.599781,0.094066,8.820266
1854600,40.6137,7.425191,0.693847,6.731343,0.599781,0.094066,8.751178
1854700,40.6137,7.425191,0.693847,6.731343,0.599781,0.094066,8.758224
1854800,40.6137,7.425191,0.693847,6.731343,0.599781,0.094066,8.810689
1854900,40.6137,7.425191,0.693847,6.731343,0.599781,0.094066,8.808269
1855000,40.6137,7.425191,0.693847,6.731343,0.599781,0.094066,8.828097
1855100,40.6137,7.425191,0.693847,6.731343,0.599781,0.094066,8.816546
1855200,40.6137,7.425191,0.693847,6.731343,0.599781,0.094066,8.777945
1855300,40.6137,7.425191,0.693847,6.731343,0.599781,0.094066,8.751178
1855400,40.6137,7.425191,0.693847,6.731343,0.599781,0.094066,8.751239
1855500,40.6137,7.425191,0.693847,6.731343,0.599781,0.094066,8.811822
1855600,40.6137,7.425191,0.693847,6.731343,0.599781,0.094066,8.807307
1855700,40.6137,7.425191,0.693847,6.731343,0.599781,0.094066,8.839339
1855800,40.6137,7.425191,0.693847,6.731343,0.599781,0.094066,8.810951
1855900,40.6137,7.425191,0.693847,6.731343,0.599781,0.094066,8.771222
1856000,40.6137,7.425191,0.693847,6.731343,0.599781,0.094066,8.751178
1856100,40.6137,7.425191,0.693847,6.731343,0.599781,0.094066,8.807222
1856200,40.6137,7.425191,0.693847,6.731343,0.599781,0.094066,8.776054
1856300,40.6137,7.425191,0.693847,6.731343,0.599781,0.094066,8.751178
1856400,40.6137,7.425191,0.693847,6.731343,0.599781,0.094066,8.751239
1856500,40.6137,7.425191,0.693847,6.731343,0.599781,0.094066,8.816363
1856600,40.6137,7.425191,0.693847,6.731343,0.599781,0.094066,8.806232
1856700,40.6137,7.425191,0.693847,6.731343,0.599781,0.094066,8.852462
1856800,40.6137,7.425191,0.693847,6.731343,0.599781,0.094066,8.820551
1856900,40.6137,7.425191,0.693847,6.731343,0.599781,0.094066,8.825290
1857000,40.6137,7.425191,0.693847,6.731343,0.599781,0.094066,8.830161
1857100,40.6137,7.425191,0.693847,6.731343,0.599781,0.094066,8.806232
1857200,40.6137,7.425191,0.693847,6.731343,0.599781,0.094066,8.830168
1857300,40.6137,7.425191,0.693847,6.731343,0.599781,0.094066,8.808098
1857400,40.6137,7.425191,0.693847,6.731343,0.599781,0.094066,8.751178
1857500,40.6137,7.425191,0.693847,6.731343,0.599781,0.094066,8.765561
1857600,40.6137,7.425191,0.693847,6.731343,0.599781,0.094066,8.779723
1857700,40.6137,7.425191,0.693847,6.731343,0.599781,0.094066,8.751178
1857800,40.6137,7.425191,0.693847,6.731343,0.599781,0.094066,8.783860
1857900,40.6137,7.425191,0.693847,6.731343,0.599781,0.094066,8.758120
1858000,40.6137,7.425191,0.693847,6.731343,0.599781,0.094066,8.751178
1858100,40.6137,7.425191,0.693847,6.731343,0.599781,0.094066,8.818053
1858200,40.6137,7.425191,0.693847,6.731343,0.599781,0.094066,8.763886
1858300,40.6137,7.425191,0.693847,6.731343,0.599781,0.094066,8.751178
1858400,40.6137,7.425191,0.693847,6.731343,0.599781,0.094066,8.788310
1858500,40.6137,7.425191,0.693847,6.731343,0.599781,0.094066,8.837694
1858600,40.6137,7.425191,0.693847,6.731343,0.599781,0.094066,8.820551
1858700,40.6137,7.425191,0.693847,6.731343,0.599781,0.094066,8.810475
1858800,40.6137,7.425191,0.693847,6.731343,0.599781,0.094066,8.791561
1858900,40.6137,7.425191,0.693847,6.731343,0.599781,0.094066,8.751178
1859000,40.6137,7.425191,0.693847,6.731343,0.599781,0.094066,8.751239
1859100,40.6137,7.425191,0.693847,6.731343,0.599781,0.094066,8.811822
1859200,40.6137,7.425191,0.693847,6.731343,0.599781,0.094066,8.806232
1859300,40.6137,7.425191,0.693847,6.731343,0.599781,0.094066,8.763886
1859400,40.6137,7.425191,0.693847,6.731343,0.599781,0.094066,8.751178
1859500,40.6137,7.425191,0.693847,6.731343,0.599781,0.094066,8.819390
1859600,40.6137,7.425191,0.693847,6.731343,0.599781,0.094066,8.820551
1859700,40.6137,7.425191,0.693847,6.731343,0.599781,0.094066,8.810475
1859800,40.6137,7.425191,0.693847,6.731343,0.599781,0.094066,8.791561
1859900,40.6137,7.425191,0.693847,6.731343,0.599781,0.094066,8.751178
1860000,40.6137,7.425191,0.693847,6.731343,0.599781,0.094066,8.751239
1860100,40.6137,7.425191,0.693847,6.731343,0.599781,0.094066,8.811822
1860200,40.6137,7.425191,0.693847,6.731343,0.599781,0.094066,8.806232
1860300,40.6137,7.425191,0.693847,6.731343,0.599781,0.094066,8.846692
1860400,40.6137,7.425191,0.693847,6.731343,0.599781,0.094066,8.826107
1860500,40.6137,7.425191,0.693847,6.731343,0.599781,0.094066,8.825504
1860600,40.6137,7.425191,0.693847,6.731343,0.599781,0.094066,8.830161
1860700,40.6137,7.425191,0.693847,6.731343,0.599781,0.094066,8.799088
1860800,40.6137,7.425191,0.693847,6.731343,0.599781,0.094066,8.815401
1860900,40.6137,7.425191,0.693847,6.731343,0.599781,0.094066,8.808098
1861000,40.6137,7.425191,0.693847,6.731343,0.599781,0.094066,8.751178
1861100,40.6137,7.425191,0.693847,6.731343,0.599781,0.094066,8.765561
1861200,40.6137,7.425191,0.693847,6.731343,0.599781,0.094066,8.793779
1861300,40.6137,7.425191,0.693847,6.731343,0.599781,0.094066,8.751178
1861400,40.6137,7.425191,0.693847,6.731343,0.599781,0.094066,8.784619
1861500,40.6137,7.425191,0.693847,6.731343,0.599781,0.094066,8.765033
1861600,40.6137,7.425191,0.693847,6.731343,0.599781,0.094066,8.751178
1861700,40.6137,7.425191,0.693847,6.731343,0.599781,0.094066,8.818236
1861800,40.6137,7.425191,0.693847,6.731343,0.599781,0.094066,8.763886
1861900,40.6137,7.425191,0.693847,6.731343,0.599781,0.094066,8.751178
1862000,40.6137,7.425191,0.693847,6.731343,0.599781,0.094066,8.795454
1862100,40.6137,7.425191,0.693847,6.731343,0.599781,0.094066,8.763886
1862200,40.6137,7.425191,0.693847,6.731343,0.599781,0.094066,8.751178
1862300,40.6137,7.425191,0.693847,6.731343,0.599781,0.094066,8.841684
1862400,40.6137,7.425191,0.693847,6.731343,0.599781,0.094066,8.820551
1862500,40.6137,7.425191,0.693847,6.731343,0.599781,0.094066,8.825290
1862600,40.6137,7.425191,0.693847,6.731343,0.599781,0.094066,8.798657
1862700,40.6137,7.425191,0.693847,6.731343,0.599781,0.094066,8.751178
1862800,40.6137,7.425191,0.693847,6.731343,0.599781,0.094066,8.751239
1862900,40.6137,7.425191,0.693847,6.731343,0.599781,0.094066,8.804699
1863000,40.6137,7.425191,0.693847,6.731343,0.599781,0.094066,8.806211
1863100,40.6137,7.425191,0.693847,6.731343,0.599781,0.094066,8.814254
1863200,40.6137,7.425191,0.693847,6.731343,0.599781,0.094066,8.821697
1863300,40.6137,7.425191,0.693847,6.731343,0.599781,0.094066,8.825290
1863400,40.6137,7.425191,0.693847,6.731343,0.599781,0.094066,8.798657
1863500,40.6137,7.425191,0.693847,6.731343,0.599781,0.094066,8.751178
1863600,40.6137,7.425191,0.693847,6.731343,0.599781,0.094066,8.751239
1863700,40.6137,7.425191,0.693847,6.731343,0.599781,0.094066,8.807571
1863800,40.6137,7.425191,0.693847,6.731343,0.599781,0.094066,8.803339
1863900,40.6137,7.425191,0.693847,6.731343,0.599781,0.094066,8.828578
1864000,40.6137,7.425191,0.693847,6.731343,0.599781,0.094066,8.822331
1864100,40.6137,7.425191,0.693847,6.731343,0.599781,0.094066,8.827070
1864200,40.6137,7.425191,0.693847,6.731343,0.599781,0.094066,8.830161
1864300,40.6137,7.425191,0.693847,6.731343,0.599781,0.094066,8.811789
1864400,40.6137,7.425191,0.693847,6.731343,0.599781,0.094066,8.830168
1864500,40.6137,7.425191,0.693847,6.731343,0.599781,0.094066,8.808098
1864600,40.6137,7.425191,0.693847,6.731343,0.599781,0.094066,8.751178
1864700,40.6137,7.425191,0.693847,6.731343,0.599781,0.094066,8.765561
1864800,40.6137,7.425191,0.693847,6.731343,0.599781,0.094066,8.793779
1864900,40.6137,7.425191,0.693847,6.731343,0.599781,0.094066,8.751178
1865000,40.6137,7.425191,0.693847,6.731343,0.599781,0.094066,8.784619
1865100,40.6137,7.425191,0.693847,6.731343,0.599781,0.094066,8.765033
1865200,40.6137,7.425191,0.693847,6.731343,0.599781,0.094066,8.751178
1865300,40.6137,7.425191,0.693847,6.731343,0.599781,0.094066,8.818236
1865400,40.6137,7.425191,0.693847,6.731343,0.599781,0.094066,8.763886
1865500,40.6137,7.425191,0.693847,6.731343,0.599781,0.094066,8.751178
1865600,40.6137,7.425191,0.693847,6.731343,0.599781,0.094066,8.795454
1865700,40.6137,7.425191,0.693847,6.731343,0.599781,0.094066,8.763886
1865800,40.6137,7.425191,0.693847,6.731343,0.599781,0.094066,8.751178
1865900,40.6137,7.425191,0.693847,6.731343,0.599781,0.094066,8.798474
1866000,40.6137,7.425191,0.693847,6.731343,0.599781,0.094066,8.751178
1866100,40.6137,7.425191,0.693847,6.731343,0.599781,0.094066,8.787202
1866200,40.6137,7.425191,0.693847,6.731343,0.599781,0.094066,8.822331
1866300,40.6137,7.425191,0.693847,6.731343,0.599781,0.094066,8.825504
1866400,40.6137,7.425191,0.693847,6.731343,0.599781,0.094066,8.805780
1866500,40.6137,7.425191,0.693847,6.731343,0.599781,0.094066,8.751178
1866600,40.6137,7.425191,0.693847,6.731343,0.599781,0.094066,8.751239
1866700,40.6137,7.425191,0.693847,6.731343,0.599781,0.094066,8.864134
1866800,40.6137,7.425191,0.693847,6.731343,0.599781,0.094066,8.804021
1866900,40.6137,7.425191,0.693847,6.731343,0.599781,0.094066,8.813274
1867000,40.6137,7.425191,0.693847,6.731343,0.599781,0.094066,8.829586
1867100,40.6137,7.425191,0.693847,6.731343,0.599781,0.094066,8.810689
1867200,40.6137,7.425191,0.693847,6.731343,0.599781,0.094066,8.791561
1867300,40.6137,7.425191,0.693847,6.731343,0.599781,0.094066,8.751178
1867400,40.6137,7.425191,0.693847,6.731343,0.599781,0.094066,8.751239
1867500,40.6137,7.425191,0.693847,6.731343,0.599781,0.094066,8.803098
1867600,40.6137,7.425191,0.693847,6.731343,0.599781,0.094066,8.814956
1867700,40.6137,7.425191,0.693847,6.731343,0.599781,0.094066,8.830623
1867800,40.6137,7.425191,0.693847,6.731343,0.599781,0.094066,8.817229
1867900,40.6137,7.425191,0.693847,6.731343,0.599781,0.094066,8.815393
1868000,40.6137,7.425191,0.693847,6.731343,0.599781,0.094066,8.833492
1868100,40.6137,7.425191,0.693847,6.731343,0.599781,0.094066,8.816048
1868200,40.6137,7.425191,0.693847,6.731343,0.599781,0.094066,8.829022
1868300,40.6137,7.425191,0.693847,6.731343,0.599781,0.094066,8.809245
1868400,40.6137,7.425191,0.693847,6.731343,0.599781,0.094066,8.751178
1868500,40.6137,7.425191,0.693847,6.731343,0.599781,0.094066,8.765561
1868600,40.6137,7.425191,0.693847,6.731343,0.599781,0.094066,8.779723
1868700,40.6137,7.425191,0.693847,6.731343,0.599781,0.094066,8.751178
1868800,40.6137,7.425191,0.693847,6.731343,0.599781,0.094066,8.783860
1868900,40.6137,7.425191,0.693847,6.731343,0.599781,0.094066,8.758120
1869000,40.6137,7.425191,0.693847,6.731343,0.599781,0.094066,8.751178
1869100,40.6137,7.425191,0.693847,6.731343,0.599781,0.094066,8.813802
1869200,40.6137,7.425191,0.693847,6.731343,0.599781,0.094066,8.768137
1869300,40.6137,7.425191,0.693847,6.731343,0.599781,0.094066,8.751178
1869400,40.6137,7.425191,0.693847,6.731343,0.599781,0.094066,8.788310
1869500,40.6137,7.425191,0.693847,6.731343,0.599781,0.094066,8.821124
1869600,40.6137,7.425191,0.693847,6.731343,0.599781,0.094066,8.828183
1869700,40.6137,7.425191,0.693847,6.731343,0.599781,0.094066,8.812290
1869800,40.6137,7.425191,0.693847,6.731343,0.599781,0.094066,8.798684
1869900,40.6137,7.425191,0.693847,6.731343,0.599781,0.094066,8.751178
1870000,40.6137,7.425191,0.693847,6.731343,0.599781,0.094066,8.751239
1870100,40.6137,7.425191,0.693847,6.731343,0.599781,0.094066,8.799767
1870200,40.6137,7.425191,0.693847,6.731343,0.599781,0.094066,8.810951
1870300,40.6137,7.425191,0.693847,6.731343,0.599781,0.094066,8.771222
1870400,40.6137,7.425191,0.693847,6.731343,0.599781,0.094066,8.751178
1870500,40.6137,7.425191,0.693847,6.731343,0.599781,0.094066,8.798474
1870600,40.6137,7.425191,0.693847,6.731343,0.599781,0.094066,8.751178
1870700,40.6137,7.425191,0.693847,6.731343,0.599781,0.094066,8.759782
1870800,40.6137,7.425191,0.693847,6.731343,0.599781,0.094066,8.825856
1870900,40.6137,7.425191,0.693847,6.731343,0.599781,0.094066,8.812290
1871000,40.6137,7.425191,0.693847,6.731343,0.599781,0.094066,8.798684
1871100,40.6137,7.425191,0.693847,6.731343,0.599781,0.094066,8.751178
1871200,40.6137,7.425191,0.693847,6.731343,0.599781,0.094066,8.751239
1871300,40.6137,7.425191,0.693847,6.731343,0.599781,0.094066,8.783868
1871400,40.6137,7.425191,0.693847,6.731343,0.599781,0.094066,8.808834
1871500,40.6137,7.425191,0.693847,6.731343,0.599781,0.094066,8.825290
1871600,40.6137,7.425191,0.693847,6.731343,0.599781,0.094066,8.852455
1871700,40.6137,7.425191,0.693847,6.731343,0.599781,0.094066,8.806232
1871800,40.6137,7.425191,0.693847,6.731343,0.599781,0.094066,8.830168
1871900,40.6137,7.425191,0.693847,6.731343,0.599781,0.094066,8.820551
1872000,40.6137,7.425191,0.693847,6.731343,0.599781,0.094066,8.825290
1872100,40.6137,7.425191,0.693847,6.731343,0.599781,0.094066,8.830161
1872200,40.6137,7.425191,0.693847,6.731343,0.599781,0.094066,8.763886
1872300,40.6137,7.425191,0.693847,6.731343,0.599781,0.094066,8.751178
1872400,40.6137,7.425191,0.693847,6.731343,0.599781,0.094066,8.795454
1872500,40.6137,7.425191,0.693847,6.731343,0.599781,0.094066,8.763886
1872600,40.6137,7.425191,0.693847,6.731343,0.599781,0.094066,8.751178
1872700,40.6137,7.425191,0.693847,6.731343,0.599781,0.094066,8.798474
1872800,40.6137,7.425191,0.693847,6.731343,0.599781,0.094066,8.751178
1872900,40.6137,7.425191,0.693847,6.731343,0.599781,0.094066,8.774025
1873000,40.6137,7.425191,0.693847,6.731343,0.599781,0.094066,8.808098
1873100,40.6137,7.425191,0.693847,6.731343,0.599781,0.094066,8.751178
1873200,40.6137,7.425191,0.693847,6.731343,0.599781,0.094066,8.765561
1873300,40.6137,7.425191,0.693847,6.731343,0.599781,0.094066,8.810475
1873400,40.6137,7.425191,0.693847,6.731343,0.599781,0.094066,8.845358
1873500,40.6137,7.425191,0.693847,6.731343,0.599781,0.094066,8.799088
1873600,40.6137,7.425191,0.693847,6.731343,0.599781,0.094066,8.815401
1873700,40.6137,7.425191,0.693847,6.731343,0.599781,0.094066,8.763886
1873800,40.6137,7.425191,0.693847,6.731343,0.599781,0.094066,8.751178
1873900,40.6137,7.425191,0.693847,6.731343,0.599781,0.094066,8.751239
1874000,40.6137,7.425191,0.693847,6.731343,0.599781,0.094066,8.836982
1874100,40.6137,7.425191,0.693847,6.731343,0.599781,0.094066,8.810475
1874200,40.6137,7.425191,0.693847,6.731343,0.599781,0.094066,8.823065
1874300,40.6137,7.425191,0.693847,6.731343,0.599781,0.094066,8.806232
1874400,40.6137,7.425191,0.693847,6.731343,0.599781,0.094066,8.763886
1874500,40.6137,7.425191,0.693847,6.731343,0.599781,0.094066,8.751178
1874600,40.6137,7.425191,0.693847,6.731343,0.599781,0.094066,8.798474
1874700,40.6137,7.425191,0.693847,6.731343,0.599781,0.094066,8.751178
1874800,40.6137,7.425191,0.693847,6.731343,0.599781,0.094066,8.774025
1874900,40.6137,7.425191,0.693847,6.731343,0.599781,0.094066,8.763886
1875000,40.6137,7.425191,0.693847,6.731343,0.599781,0.094066,8.751178
1875100,40.6137,7.425191,0.693847,6.731343,0.599781,0.094066,8.751239
1875200,40.6137,7.425191,0.693847,6.731343,0.599781,0.094066,8.836982
1875300,40.6137,7.425191,0.693847,6.731343,0.599781,0.094066,8.810475
1875400,40.6137,7.425191,0.693847,6.731343,0.599781,0.094066,8.838235
1875500,40.6137,7.425191,0.693847,6.731343,0.599781,0.094066,8.813355
1875600,40.6137,7.425191,0.693847,6.731343,0.599781,0.094066,8.830168
1875700,40.6137,7.425191,0.693847,6.731343,0.599781,0.094066,8.820551
1875800,40.6137,7.425191,0.693847,6.731343,0.599781,0.094066,8.825290
1875900,40.6137,7.425191,0.693847,6.731343,0.599781,0.094066,8.830161
1876000,40.6137,7.425191,0.693847,6.731343,0.599781,0.094066,8.763886
1876100,40.6137,7.425191,0.693847,6.731343,0.599781,0.094066,8.751178
1876200,40.6137,7.425191,0.693847,6.731343,0.599781,0.094066,8.788310
1876300,40.6137,7.425191,0.693847,6.731343,0.599781,0.094066,8.756973
1876400,40.6137,7.425191,0.693847,6.731343,0.599781,0.094066,8.751178
1876500,40.6137,7.425191,0.693847,6.731343,0.599781,0.094066,8.790802
1876600,40.6137,7.425191,0.693847,6.731343,0.599781,0.094066,8.751178
1876700,40.6137,7.425191,0.693847,6.731343,0.599781,0.094066,8.773841
1876800,40.6137,7.425191,0.693847,6.731343,0.599781,0.094066,8.808098
1876900,40.6137,7.425191,0.693847,6.731343,0.599781,0.094066,8.751178
1877000,40.6137,7.425191,0.693847,6.731343,0.599781,0.094066,8.765561
1877100,40.6137,7.425191,0.693847,6.731343,0.599781,0.094066,8.793779
1877200,40.6137,7.425191,0.693847,6.731343,0.599781,0.094066,8.751178
1877300,40.6137,7.425191,0.693847,6.731343,0.599781,0.094066,8.784619
1877400,40.6137,7.425191,0.693847,6.731343,0.599781,0.094066,8.765033
1877500,40.6137,7.425191,0.693847,6.731343,0.599781,0.094066,8.751178
1877600,40.6137,7.425191,0.693847,6.731343,0.599781,0.094066,8.833407
1877700,40.6137,7.425191,0.693847,6.731343,0.599781,0.094066,8.806211
1877800,40.6137,7.425191,0.693847,6.731343,0.599781,0.094066,8.815401
1877900,40.6137,7.425191,0.693847,6.731343,0.599781,0.094066,8.763886
1878000,40.6137,7.425191,0.693847,6.731343,0.599781,0.094066,8.751178
1878100,40.6137,7.425191,0.693847,6.731343,0.599781,0.094066,8.751239
1878200,40.6137,7.425191,0.693847,6.731343,0.599781,0.094066,8.836769
1878300,40.6137,7.425191,0.693847,6.731343,0.599781,0.094066,8.810689
1878400,40.6137,7.425191,0.693847,6.731343,0.599781,0.094066,8.823065
1878500,40.6137,7.425191,0.693847,6.731343,0.599781,0.094066,8.806232
1878600,40.6137,7.425191,0.693847,6.731343,0.599781,0.094066,8.830168
1878700,40.6137,7.425191,0.693847,6.731343,0.599781,0.094066,8.763886
1878800,40.6137,7.425191,0.693847,6.731343,0.599781,0.094066,8.751178
1878900,40.6137,7.425191,0.693847,6.731343,0.599781,0.094066,8.751239
1879000,40.6137,7.425191,0.693847,6.731343,0.599781,0.094066,8.836982
1879100,40.6137,7.425191,0.693847,6.731343,0.599781,0.094066,8.810475
1879200,40.6137,7.425191,0.693847,6.731343,0.599781,0.094066,8.834237
1879300,40.6137,7.425191,0.693847,6.731343,0.599781,0.094066,8.810210
1879400,40.6137,7.425191,0.693847,6.731343,0.599781,0.094066,8.814254
1879500,40.6137,7.425191,0.693847,6.731343,0.599781,0.094066,8.821697
1879600,40.6137,7.425191,0.693847,6.731343,0.599781,0.094066,8.810475
1879700,40.6137,7.425191,0.693847,6.731343,0.599781,0.094066,8.823065
1879800,40.6137,7.425191,0.693847,6.731343,0.599781,0.094066,8.763886
1879900,40.6137,7.425191,0.693847,6.731343,0.599781,0.094066,8.751178
1880000,40.6137,7.425191,0.693847,6.731343,0.599781,0.094066,8.788310
1880100,40.6137,7.425191,0.693847,6.731343,0.599781,0.094066,8.756973
1880200,40.6137,7.425191,0.693847,6.731343,0.599781,0.094066,8.751178
1880300,40.6137,7.425191,0.693847,6.731343,0.599781,0.094066,8.790802
1880400,40.6137,7.425191,0.693847,6.731343,0.599781,0.094066,8.751178
1880500,40.6137,7.425191,0.693847,6.731343,0.599781,0.094066,8.773841
1880600,40.6137,7.425191,0.693847,6.731343,0.599781,0.094066,8.808098
1880700,40.6137,7.425191,0.693847,6.731343,0.599781,0.094066,8.751178
1880800,40.6137,7.425191,0.693847,6.731343,0.599781,0.094066,8.765561
1880900,40.6137,7.425191,0.693847,6.731343,0.599781,0.094066,8.810475
1881000,40.6137,7.425191,0.693847,6.731343,0.599781,0.094066,8.838235
1881100,40.6137,7.425191,0.693847,6.731343,0.599781,0.094066,8.813355
1881200,40.6137,7.425191,0.693847,6.731343,0.599781,0.094066,8.763886
1881300,40.6137,7.425191,0.693847,6.731343,0.599781,0.094066,8.751178
1881400,40.6137,7.425191,0.693847,6.731343,0.599781,0.094066,8.818244
1881500,40.6137,7.425191,0.693847,6.731343,0.599781,0.094066,8.765033
1881600,40.6137,7.425191,0.693847,6.731343,0.599781,0.094066,8.751178
1881700,40.6137,7.425191,0.693847,6.731343,0.599781,0.094066,8.751239
1881800,40.6137,7.425191,0.693847,6.731343,0.599781,0.094066,8.898554
1881900,40.6137,7.425191,0.693847,6.731343,0.599781,0.094066,8.825504
1882000,40.6137,7.425191,0.693847,6.731343,0.599781,0.094066,8.830161
1882100,40.6137,7.425191,0.693847,6.731343,0.599781,0.094066,8.813355
1882200,40.6137,7.425191,0.693847,6.731343,0.599781,0.094066,8.830168
1882300,40.6137,7.425191,0.693847,6.731343,0.599781,0.094066,8.763886
1882400,40.6137,7.425191,0.693847,6.731343,0.599781,0.094066,8.751178
1882500,40.6137,7.425191,0.693847,6.731343,0.599781,0.094066,8.751239
1882600,40.6137,7.425191,0.693847,6.731343,0.599781,0.094066,8.836769
1882700,40.6137,7.425191,0.693847,6.731343,0.599781,0.094066,8.825504
1882800,40.6137,7.425191,0.693847,6.731343,0.599781,0.094066,8.840400
1882900,40.6137,7.425191,0.693847,6.731343,0.599781,0.094066,8.811164
1883000,40.6137,7.425191,0.693847,6.731343,0.599781,0.094066,8.826689
1883100,40.6137,7.425191,0.693847,6.731343,0.599781,0.094066,8.830939
1883200,40.6137,7.425191,0.693847,6.731343,0.599781,0.094066,8.825504
1883300,40.6137,7.425191,0.693847,6.731343,0.599781,0.094066,8.830161
1883400,40.6137,7.425191,0.693847,6.731343,0.599781,0.094066,8.763886
1883500,40.6137,7.425191,0.693847,6.731343,0.599781,0.094066,8.751178
1883600,40.6137,7.425191,0.693847,6.731343,0.599781,0.094066,8.788310
1883700,40.6137,7.425191,0.693847,6.731343,0.599781,0.094066,8.756973
1883800,40.6137,7.425191,0.693847,6.731343,0.599781,0.094066,8.751178
1883900,40.6137,7.425191,0.693847,6.731343,0.599781,0.094066,8.790802
1884000,40.6137,7.425191,0.693847,6.731343,0.599781,0.094066,8.751178
1884100,40.6137,7.425191,0.693847,6.731343,0.599781,0.094066,8.773628
1884200,40.6137,7.425191,0.693847,6.731343,0.599781,0.094066,8.808311
1884300,40.6137,7.425191,0.693847,6.731343,0.599781,0.094066,8.751178
1884400,40.6137,7.425191,0.693847,6.731343,0.599781,0.094066,8.765561
1884500,40.6137,7.425191,0.693847,6.731343,0.599781,0.094066,8.793779
1884600,40.6137,7.425191,0.693847,6.731343,0.599781,0.094066,8.751178
1884700,40.6137,7.425191,0.693847,6.731343,0.599781,0.094066,8.784619
1884800,40.6137,7.425191,0.693847,6.731343,0.599781,0.094066,8.840400
1884900,40.6137,7.425191,0.693847,6.731343,0.599781,0.094066,8.811164
1885000,40.6137,7.425191,0.693847,6.731343,0.599781,0.094066,8.831271
1885100,40.6137,7.425191,0.693847,6.731343,0.599781,0.094066,8.769906
1885200,40.6137,7.425191,0.693847,6.731343,0.599781,0.094066,8.751178
1885300,40.6137,7.425191,0.693847,6.731343,0.599781,0.094066,8.751239
1885400,40.6137,7.425191,0.693847,6.731343,0.599781,0.094066,8.811822
1885500,40.6137,7.425191,0.693847,6.731343,0.599781,0.094066,8.828513
1885600,40.6137,7.425191,0.693847,6.731343,0.599781,0.094066,8.823065
1885700,40.6137,7.425191,0.693847,6.731343,0.599781,0.094066,8.813355
1885800,40.6137,7.425191,0.693847,6.731343,0.599781,0.094066,8.829022
1885900,40.6137,7.425191,0.693847,6.731343,0.599781,0.094066,8.765033
1886000,40.6137,7.425191,0.693847,6.731343,0.599781,0.094066,8.751178
1886100,40.6137,7.425191,0.693847,6.731343,0.599781,0.094066,8.751239
1886200,40.6137,7.425191,0.693847,6.731343,0.599781,0.094066,8.816363
1886300,40.6137,7.425191,0.693847,6.731343,0.599781,0.094066,8.806232
1886400,40.6137,7.425191,0.693847,6.731343,0.599781,0.094066,8.852462
1886500,40.6137,7.425191,0.693847,6.731343,0.599781,0.094066,8.820551
1886600,40.6137,7.425191,0.693847,6.731343,0.599781,0.094066,8.810475
1886700,40.6137,7.425191,0.693847,6.731343,0.599781,0.094066,8.823065
1886800,40.6137,7.425191,0.693847,6.731343,0.599781,0.094066,8.799088
1886900,40.6137,7.425191,0.693847,6.731343,0.599781,0.094066,8.815401
1887000,40.6137,7.425191,0.693847,6.731343,0.599781,0.094066,8.808098
1887100,40.6137,7.425191,0.693847,6.731343,0.599781,0.094066,8.751178
1887200,40.6137,7.425191,0.693847,6.731343,0.599781,0.094066,8.765561
1887300,40.6137,7.425191,0.693847,6.731343,0.599781,0.094066,8.779723
1887400,40.6137,7.425191,0.693847,6.731343,0.599781,0.094066,8.751178
1887500,40.6137,7.425191,0.693847,6.731343,0.599781,0.094066,8.784794
1887600,40.6137,7.425191,0.693847,6.731343,0.599781,0.094066,8.757187
1887700,40.6137,7.425191,0.693847,6.731343,0.599781,0.094066,8.752117
1887800,40.6137,7.425191,0.693847,6.731343,0.599781,0.094066,8.817114
1887900,40.6137,7.425191,0.693847,6.731343,0.599781,0.094066,8.763886
1888000,40.6137,7.425191,0.693847,6.731343,0.599781,0.094066,8.751178
1888100,40.6137,7.425191,0.693847,6.731343,0.599781,0.094066,8.808162
1888200,40.6137,7.425191,0.693847,6.731343,0.599781,0.094066,8.751178
1888300,40.6137,7.425191,0.693847,6.731343,0.599781,0.094066,8.754226
1888400,40.6137,7.425191,0.693847,6.731343,0.599781,0.094066,8.838636
1888500,40.6137,7.425191,0.693847,6.731343,0.599781,0.094066,8.820551
1888600,40.6137,7.425191,0.693847,6.731343,0.599781,0.094066,8.825290
1888700,40.6137,7.425191,0.693847,6.731343,0.599781,0.094066,8.798657
1888800,40.6137,7.425191,0.693847,6.731343,0.599781,0.094066,8.751178
1888900,40.6137,7.425191,0.693847,6.731343,0.599781,0.094066,8.751239
1889000,40.6137,7.425191,0.693847,6.731343,0.599781,0.094066,8.811822
1889100,40.6137,7.425191,0.693847,6.731343,0.599781,0.094066,8.799088
1889200,40.6137,7.425191,0.693847,6.731343,0.599781,0.094066,8.815401
1889300,40.6137,7.425191,0.693847,6.731343,0.599781,0.094066,8.820551
1889400,40.6137,7.425191,0.693847,6.731343,0.599781,0.094066,8.825290
1889500,40.6137,7.425191,0.693847,6.731343,0.599781,0.094066,8.798657
1889600,40.6137,7.425191,0.693847,6.731343,0.599781,0.094066,8.751178
1889700,40.6137,7.425191,0.693847,6.731343,0.599781,0.094066,8.751239
1889800,40.6137,7.425191,0.693847,6.731343,0.599781,0.094066,8.811822
1889900,40.6137,7.425191,0.693847,6.731343,0.599781,0.094066,8.799088
1890000,40.6137,7.425191,0.693847,6.731343,0.599781,0.094066,8.837694
1890100,40.6137,7.425191,0.693847,6.731343,0.599781,0.094066,8.820551
1890200,40.6137,7.425191,0.693847,6.731343,0.599781,0.094066,8.810475
1890300,40.6137,7.425191,0.693847,6.731343,0.599781,0.094066,8.823065
1890400,40.6137,7.425191,0.693847,6.731343,0.599781,0.094066,8.806232
1890500,40.6137,7.425191,0.693847,6.731343,0.599781,0.094066,8.830168
1890600,40.6137,7.425191,0.693847,6.731343,0.599781,0.094066,8.808098
1890700,40.6137,7.425191,0.693847,6.731343,0.599781,0.094066,8.751178
1890800,40.6137,7.425191,0.693847,6.731343,0.599781,0.094066,8.765561
1890900,40.6137,7.425191,0.693847,6.731343,0.599781,0.094066,8.793779
1891000,40.6137,7.425191,0.693847,6.731343,0.599781,0.094066,8.751178
1891100,40.6137,7.425191,0.693847,6.731343,0.599781,0.094066,8.784619
1891200,40.6137,7.425191,0.693847,6.731343,0.599781,0.094066,8.765033
1891300,40.6137,7.425191,0.693847,6.731343,0.599781,0.094066,8.751178
1891400,40.6137,7.425191,0.693847,6.731343,0.599781,0.094066,8.818236
1891500,40.6137,7.425191,0.693847,6.731343,0.599781,0.094066,8.763886
1891600,40.6137,7.425191,0.693847,6.731343,0.599781,0.094066,8.751178
1891700,40.6137,7.425191,0.693847,6.731343,0.599781,0.094066,8.795454
1891800,40.6137,7.425191,0.693847,6.731343,0.599781,0.094066,8.763886
1891900,40.6137,7.425191,0.693847,6.731343,0.599781,0.094066,8.752117
1892000,40.6137,7.425191,0.693847,6.731343,0.599781,0.094066,8.840745
1892100,40.6137,7.425191,0.693847,6.731343,0.599781,0.094066,8.820551
1892200,40.6137,7.425191,0.693847,6.731343,0.599781,0.094066,8.810475
1892300,40.6137,7.425191,0.693847,6.731343,0.599781,0.094066,8.791561
1892400,40.6137,7.425191,0.693847,6.731343,0.599781,0.094066,8.751178
1892500,40.6137,7.425191,0.693847,6.731343,0.599781,0.094066,8.751239
1892600,40.6137,7.425191,0.693847,6.731343,0.599781,0.094066,8.811822
1892700,40.6137,7.425191,0.693847,6.731343,0.599781,0.094066,8.799088
1892800,40.6137,7.425191,0.693847,6.731343,0.599781,0.094066,8.815401
1892900,40.6137,7.425191,0.693847,6.731343,0.599781,0.094066,8.820551
1893000,40.6137,7.425191,0.693847,6.731343,0.599781,0.094066,8.810475
1893100,40.6137,7.425191,0.693847,6.731343,0.599781,0.094066,8.791561
1893200,40.6137,7.425191,0.693847,6.731343,0.599781,0.094066,8.751178
1893300,40.6137,7.425191,0.693847,6.731343,0.599781,0.094066,8.751239
1893400,40.6137,7.425191,0.693847,6.731343,0.599781,0.094066,8.811822
1893500,40.6137,7.425191,0.693847,6.731343,0.599781,0.094066,8.806232
1893600,40.6137,7.425191,0.693847,6.731343,0.599781,0.094066,8.852462
1893700,40.6137,7.425191,0.693847,6.731343,0.599781,0.094066,8.820551
1893800,40.6137,7.425191,0.693847,6.731343,0.599781,0.094066,8.810475
1893900,40.6137,7.425191,0.693847,6.731343,0.599781,0.094066,8.823065
1894000,40.6137,7.425191,0.693847,6.731343,0.599781,0.094066,8.806232
1894100,40.6137,7.425191,0.693847,6.731343,0.599781,0.094066,8.830168
1894200,40.6137,7.425191,0.693847,6.731343,0.599781,0.094066,8.808098
1894300,40.6137,7.425191,0.693847,6.731343,0.599781,0.094066,8.751178
1894400,40.6137,7.425191,0.693847,6.731343,0.599781,0.094066,8.765561
1894500,40.6137,7.425191,0.693847,6.731343,0.599781,0.094066,8.793779
1894600,40.6137,7.425191,0.693847,6.731343,0.599781,0.094066,8.751178
1894700,40.6137,7.425191,0.693847,6.731343,0.599781,0.094066,8.784619
1894800,40.6137,7.425191,0.693847,6.731343,0.599781,0.094066,8.765033
1894900,40.6137,7.425191,0.693847,6.731343,0.599781,0.094066,8.751178
1895000,40.6137,7.425191,0.693847,6.731343,0.599781,0.094066,8.818236
1895100,40.6137,7.425191,0.693847,6.731343,0.599781,0.094066,8.763886
1895200,40.6137,7.425191,0.693847,6.731343,0.599781,0.094066,8.751178
1895300,40.6137,7.425191,0.693847,6.731343,0.599781,0.094066,8.788310
1895400,40.6137,7.425191,0.693847,6.731343,0.599781,0.094066,8.837694
1895500,40.6137,7.425191,0.693847,6.731343,0.599781,0.094066,8.820551
1895600,40.6137,7.425191,0.693847,6.731343,0.599781,0.094066,8.793779
1895700,40.6137,7.425191,0.693847,6.731343,0.599781,0.094066,8.751178
1895800,40.6137,7.425191,0.693847,6.731343,0.599781,0.094066,8.784619
1895900,40.6137,7.425191,0.693847,6.731343,0.599781,0.094066,8.798657
1896000,40.6137,7.425191,0.693847,6.731343,0.599781,0.094066,8.751178
1896100,40.6137,7.425191,0.693847,6.731343,0.599781,0.094066,8.751239
1896200,40.6137,7.425191,0.693847,6.731343,0.599781,0.094066,8.876189
1896300,40.6137,7.425191,0.693847,6.731343,0.599781,0.094066,8.806232
1896400,40.6137,7.425191,0.693847,6.731343,0.599781,0.094066,8.830168
1896500,40.6137,7.425191,0.693847,6.731343,0.599781,0.094066,8.820551
1896600,40.6137,7.425191,0.693847,6.731343,0.599781,0.094066,8.810475
1896700,40.6137,7.425191,0.693847,6.731343,0.599781,0.094066,8.791561
1896800,40.6137,7.425191,0.693847,6.731343,0.599781,0.094066,8.751178
1896900,40.6137,7.425191,0.693847,6.731343,0.599781,0.094066,8.751239
1897000,40.6137,7.425191,0.693847,6.731343,0.599781,0.094066,8.811822
1897100,40.6137,7.425191,0.693847,6.731343,0.599781,0.094066,8.806232
1897200,40.6137,7.425191,0.693847,6.731343,0.599781,0.094066,8.852462
1897300,40.6137,7.425191,0.693847,6.731343,0.599781,0.094066,8.820551
1897400,40.6137,7.425191,0.693847,6.731343,0.599781,0.094066,8.825290
1897500,40.6137,7.425191,0.693847,6.731343,0.599781,0.094066,8.830161
1897600,40.6137,7.425191,0.693847,6.731343,0.599781,0.094066,8.806232
1897700,40.6137,7.425191,0.693847,6.731343,0.599781,0.094066,8.830168
1897800,40.6137,7.425191,0.693847,6.731343,0.599781,0.094066,8.808098
1897900,40.6137,7.425191,0.693847,6.731343,0.599781,0.094066,8.751178
1898000,40.6137,7.425191,0.693847,6.731343,0.599781,0.094066,8.765561
1898100,40.6137,7.425191,0.693847,6.731343,0.599781,0.094066,8.793779
1898200,40.6137,7.425191,0.693847,6.731343,0.599781,0.094066,8.751178
1898300,40.6137,7.425191,0.693847,6.731343,0.599781,0.094066,8.784619
1898400,40.6137,7.425191,0.693847,6.731343,0.599781,0.094066,8.765033
1898500,40.6137,7.425191,0.693847,6.731343,0.599781,0.094066,8.751178
1898600,40.6137,7.425191,0.693847,6.731343,0.599781,0.094066,8.818236
1898700,40.6137,7.425191,0.693847,6.731343,0.599781,0.094066,8.763886
1898800,40.6137,7.425191,0.693847,6.731343,0.599781,0.094066,8.751178
1898900,40.6137,7.425191,0.693847,6.731343,0.599781,0.094066,8.795454
1899000,40.6137,7.425191,0.693847,6.731343,0.599781,0.094066,8.763886
1899100,40.6137,7.425191,0.693847,6.731343,0.599781,0.094066,8.751178
1899200,40.6137,7.425191,0.693847,6.731343,0.599781,0.094066,8.841684
1899300,40.6137,7.425191,0.693847,6.731343,0.599781,0.094066,8.820551
1899400,40.6137,7.425191,0.693847,6.731343,0.599781,0.094066,8.825290
1899500,40.6137,7.425191,0.693847,6.731343,0.599781,0.094066,8.798657
1899600,40.6137,7.425191,0.693847,6.731343,0.599781,0.094066,8.751178
1899700,40.6137,7.425191,0.693847,6.731343,0.599781,0.094066,8.751239
1899800,40.6137,7.425191,0.693847,6.731343,0.599781,0.094066,8.804699
1899900,40.6137,7.425191,0.693847,6.731343,0.599781,0.094066,8.813355
1900000,40.6137,7.425191,0.693847,6.731343,0.599781,0.094066,8.830168
1900100,40.6137,7.425191,0.693847,6.731343,0.599781,0.094066,8.820551
1900200,40.6137,7.425191,0.693847,6.731343,0.599781,0.094066,8.825290
1900300,40.6137,7.425191,0.693847,6.731343,0.599781,0.094066,8.798657
1900400,40.6137,7.425191,0.693847,6.731343,0.599781,0.094066,8.751178
1900500,40.6137,7.425191,0.693847,6.731343,0.599781,0.094066,8.751239
1900600,40.6137,7.425191,0.693847,6.731343,0.599781,0.094066,8.792166
1900700,40.6137,7.425191,0.693847,6.731343,0.599781,0.094066,8.822159
1900800,40.6137,7.425191,0.693847,6.731343,0.599781,0.094066,8.826270
1900900,40.6137,7.425191,0.693847,6.731343,0.599781,0.094066,8.829852
1901000,40.6137,7.425191,0.693847,6.731343,0.599781,0.094066,8.799088
1901100,40.6137,7.425191,0.693847,6.731343,0.599781,0.094066,8.831165
1901200,40.6137,7.425191,0.693847,6.731343,0.599781,0.094066,8.826410
1901300,40.6137,7.425191,0.693847,6.731343,0.599781,0.094066,8.826270
1901400,40.6137,7.425191,0.693847,6.731343,0.599781,0.094066,8.820266
1901500,40.6137,7.425191,0.693847,6.731343,0.599781,0.094066,8.751178
1901600,40.6137,7.425191,0.693847,6.731343,0.599781,0.094066,8.758224
1901700,40.6137,7.425191,0.693847,6.731343,0.599781,0.094066,8.787059
1901800,40.6137,7.425191,0.693847,6.731343,0.599781,0.094066,8.751178
1901900,40.6137,7.425191,0.693847,6.731343,0.599781,0.094066,8.776737
1902000,40.6137,7.425191,0.693847,6.731343,0.599781,0.094066,8.765243
1902100,40.6137,7.425191,0.693847,6.731343,0.599781,0.094066,8.751178
1902200,40.6137,7.425191,0.693847,6.731343,0.599781,0.094066,8.808237
1902300,40.6137,7.425191,0.693847,6.731343,0.599781,0.094066,8.773702
1902400,40.6137,7.425191,0.693847,6.731343,0.599781,0.094066,8.751178
1902500,40.6137,7.425191,0.693847,6.731343,0.599781,0.094066,8.782754
1902600,40.6137,7.425191,0.693847,6.731343,0.599781,0.094066,8.819235
1902700,40.6137,7.425191,0.693847,6.731343,0.599781,0.094066,8.819405
1902800,40.6137,7.425191,0.693847,6.731343,0.599781,0.094066,8.818940
1902900,40.6137,7.425191,0.693847,6.731343,0.599781,0.094066,8.751178
1903000,40.6137,7.425191,0.693847,6.731343,0.599781,0.094066,8.755531
1903100,40.6137,7.425191,0.693847,6.731343,0.599781,0.094066,8.794121
1903200,40.6137,7.425191,0.693847,6.731343,0.599781,0.094066,8.751178
1903300,40.6137,7.425191,0.693847,6.731343,0.599781,0.094066,8.785557
1903400,40.6137,7.425191,0.693847,6.731343,0.599781,0.094066,8.752353
1903500,40.6137,7.425191,0.693847,6.731343,0.599781,0.094066,8.751239
1903600,40.6137,7.425191,0.693847,6.731343,0.599781,0.094066,8.779327
1903700,40.6137,7.425191,0.693847,6.731343,0.599781,0.094066,8.808834
1903800,40.6137,7.425191,0.693847,6.731343,0.599781,0.094066,8.810475
1903900,40.6137,7.425191,0.693847,6.731343,0.599781,0.094066,8.823065
1904000,40.6137,7.425191,0.693847,6.731343,0.599781,0.094066,8.823437
1904100,40.6137,7.425191,0.693847,6.731343,0.599781,0.094066,8.825671
1904200,40.6137,7.425191,0.693847,6.731343,0.599781,0.094066,8.751178
1904300,40.6137,7.425191,0.693847,6.731343,0.599781,0.094066,8.751239
1904400,40.6137,7.425191,0.693847,6.731343,0.599781,0.094066,8.779327
1904500,40.6137,7.425191,0.693847,6.731343,0.599781,0.094066,8.808834
1904600,40.6137,7.425191,0.693847,6.731343,0.599781,0.094066,8.826437
1904700,40.6137,7.425191,0.693847,6.731343,0.599781,0.094066,8.851308
1904800,40.6137,7.425191,0.693847,6.731343,0.599781,0.094066,8.806232
1904900,40.6137,7.425191,0.693847,6.731343,0.599781,0.094066,8.830168
1905000,40.6137,7.425191,0.693847,6.731343,0.599781,0.094066,8.820551
1905100,40.6137,7.425191,0.693847,6.731343,0.599781,0.094066,8.811409
1905200,40.6137,7.425191,0.693847,6.731343,0.599781,0.094066,8.822132
1905300,40.6137,7.425191,0.693847,6.731343,0.599781,0.094066,8.763886
1905400,40.6137,7.425191,0.693847,6.731343,0.599781,0.094066,8.752117
1905500,40.6137,7.425191,0.693847,6.731343,0.599781,0.094066,8.793167
1905600,40.6137,7.425191,0.693847,6.731343,0.599781,0.094066,8.751178
1905700,40.6137,7.425191,0.693847,6.731343,0.599781,0.094066,8.757469
1905800,40.6137,7.425191,0.693847,6.731343,0.599781,0.094066,8.784512
1905900,40.6137,7.425191,0.693847,6.731343,0.599781,0.094066,8.751178
1906000,40.6137,7.425191,0.693847,6.731343,0.599781,0.094066,8.793856
1906100,40.6137,7.425191,0.693847,6.731343,0.599781,0.094066,8.788083
1906200,40.6137,7.425191,0.693847,6.731343,0.599781,0.094066,8.751178
1906300,40.6137,7.425191,0.693847,6.731343,0.599781,0.094066,8.783509
1906400,40.6137,7.425191,0.693847,6.731343,0.599781,0.094066,8.775831
1906500,40.6137,7.425191,0.693847,6.731343,0.599781,0.094066,8.751178
1906600,40.6137,7.425191,0.693847,6.731343,0.599781,0.094066,8.798474
1906700,40.6137,7.425191,0.693847,6.731343,0.599781,0.094066,8.751178
1906800,40.6137,7.425191,0.693847,6.731343,0.599781,0.094066,8.753292
1906900,40.6137,7.425191,0.693847,6.731343,0.599781,0.094066,8.838416
1907000,40.6137,7.425191,0.693847,6.731343,0.599781,0.094066,8.806232
1907100,40.6137,7.425191,0.693847,6.731343,0.599781,0.094066,8.830168
1907200,40.6137,7.425191,0.693847,6.731343,0.599781,0.094066,8.763886
1907300,40.6137,7.425191,0.693847,6.731343,0.599781,0.094066,8.751178
1907400,40.6137,7.425191,0.693847,6.731343,0.599781,0.094066,8.751239
1907500,40.6137,7.425191,0.693847,6.731343,0.599781,0.094066,8.836982
1907600,40.6137,7.425191,0.693847,6.731343,0.599781,0.094066,8.810475
1907700,40.6137,7.425191,0.693847,6.731343,0.599781,0.094066,8.823065
1907800,40.6137,7.425191,0.693847,6.731343,0.599781,0.094066,8.799088
1907900,40.6137,7.425191,0.693847,6.731343,0.599781,0.094066,8.815401
1908000,40.6137,7.425191,0.693847,6.731343,0.599781,0.094066,8.763886
1908100,40.6137,7.425191,0.693847,6.731343,0.599781,0.094066,8.751239
1908200,40.6137,7.425191,0.693847,6.731343,0.599781,0.094066,8.779327
1908300,40.6137,7.425191,0.693847,6.731343,0.599781,0.094066,8.808834
1908400,40.6137,7.425191,0.693847,6.731343,0.599781,0.094066,8.825290
1908500,40.6137,7.425191,0.693847,6.731343,0.599781,0.094066,8.852455
1908600,40.6137,7.425191,0.693847,6.731343,0.599781,0.094066,8.799088
1908700,40.6137,7.425191,0.693847,6.731343,0.599781,0.094066,8.815401
1908800,40.6137,7.425191,0.693847,6.731343,0.599781,0.094066,8.820551
1908900,40.6137,7.425191,0.693847,6.731343,0.599781,0.094066,8.810475
1909000,40.6137,7.425191,0.693847,6.731343,0.599781,0.094066,8.823065
1909100,40.6137,7.425191,0.693847,6.731343,0.599781,0.094066,8.763886
1909200,40.6137,7.425191,0.693847,6.731343,0.599781,0.094066,8.751178
1909300,40.6137,7.425191,0.693847,6.731343,0.599781,0.094066,8.788310
1909400,40.6137,7.425191,0.693847,6.731343,0.599781,0.094066,8.756973
1909500,40.6137,7.425191,0.693847,6.731343,0.599781,0.094066,8.752117
1909600,40.6137,7.425191,0.693847,6.731343,0.599781,0.094066,8.789863
1909700,40.6137,7.425191,0.693847,6.731343,0.599781,0.094066,8.751178
1909800,40.6137,7.425191,0.693847,6.731343,0.599781,0.094066,8.773841
1909900,40.6137,7.425191,0.693847,6.731343,0.599781,0.094066,8.808098
1910000,40.6137,7.425191,0.693847,6.731343,0.599781,0.094066,8.751178
1910100,40.6137,7.425191,0.693847,6.731343,0.599781,0.094066,8.765561
1910200,40.6137,7.425191,0.693847,6.731343,0.599781,0.094066,8.793779
1910300,40.6137,7.425191,0.693847,6.731343,0.599781,0.094066,8.751178
1910400,40.6137,7.425191,0.693847,6.731343,0.599781,0.094066,8.784619
1910500,40.6137,7.425191,0.693847,6.731343,0.599781,0.094066,8.765033
1910600,40.6137,7.425191,0.693847,6.731343,0.599781,0.094066,8.751178
1910700,40.6137,7.425191,0.693847,6.731343,0.599781,0.094066,8.840530
1910800,40.6137,7.425191,0.693847,6.731343,0.599781,0.094066,8.806232
1910900,40.6137,7.425191,0.693847,6.731343,0.599781,0.094066,8.830168
1911000,40.6137,7.425191,0.693847,6.731343,0.599781,0.094066,8.763886
1911100,40.6137,7.425191,0.693847,6.731343,0.599781,0.094066,8.751178
1911200,40.6137,7.425191,0.693847,6.731343,0.599781,0.094066,8.751239
1911300,40.6137,7.425191,0.693847,6.731343,0.599781,0.094066,8.905891
1911400,40.6137,7.425191,0.693847,6.731343,0.599781,0.094066,8.825290
1911500,40.6137,7.425191,0.693847,6.731343,0.599781,0.094066,8.830161
1911600,40.6137,7.425191,0.693847,6.731343,0.599781,0.094066,8.806232
1911700,40.6137,7.425191,0.693847,6.731343,0.599781,0.094066,8.830168
1911800,40.6137,7.425191,0.693847,6.731343,0.599781,0.094066,8.763886
1911900,40.6137,7.425191,0.693847,6.731343,0.599781,0.094066,8.751178
1912000,40.6137,7.425191,0.693847,6.731343,0.599781,0.094066,8.751239
1912100,40.6137,7.425191,0.693847,6.731343,0.599781,0.094066,8.836982
1912200,40.6137,7.425191,0.693847,6.731343,0.599781,0.094066,8.810475
1912300,40.6137,7.425191,0.693847,6.731343,0.599781,0.094066,8.839802
1912400,40.6137,7.425191,0.693847,6.731343,0.599781,0.094066,8.804645
1912500,40.6137,7.425191,0.693847,6.731343,0.599781,0.094066,8.815401
1912600,40.6137,7.425191,0.693847,6.731343,0.599781,0.094066,8.820551
1912700,40.6137,7.425191,0.693847,6.731343,0.599781,0.094066,8.825290
1912800,40.6137,7.425191,0.693847,6.731343,0.599781,0.094066,8.830161
1912900,40.6137,7.425191,0.693847,6.731343,0.599781,0.094066,8.763886
1913000,40.6137,7.425191,0.693847,6.731343,0.599781,0.094066,8.751178
1913100,40.6137,7.425191,0.693847,6.731343,0.599781,0.094066,8.795454
1913200,40.6137,7.425191,0.693847,6.731343,0.599781,0.094066,8.763886
1913300,40.6137,7.425191,0.693847,6.731343,0.599781,0.094066,8.751178
1913400,40.6137,7.425191,0.693847,6.731343,0.599781,0.094066,8.798474
1913500,40.6137,7.425191,0.693847,6.731343,0.599781,0.094066,8.751178
1913600,40.6137,7.425191,0.693847,6.731343,0.599781,0.094066,8.774025
1913700,40.6137,7.425191,0.693847,6.731343,0.599781,0.094066,8.808098
1913800,40.6137,7.425191,0.693847,6.731343,0.599781,0.094066,8.751178
1913900,40.6137,7.425191,0.693847,6.731343,0.599781,0.094066,8.765561
1914000,40.6137,7.425191,0.693847,6.731343,0.599781,0.094066,8.810475
1914100,40.6137,7.425191,0.693847,6.731343,0.599781,0.094066,8.845358
1914200,40.6137,7.425191,0.693847,6.731343,0.599781,0.094066,8.806232
1914300,40.6137,7.425191,0.693847,6.731343,0.599781,0.094066,8.763886
1914400,40.6137,7.425191,0.693847,6.731343,0.599781,0.094066,8.751178
1914500,40.6137,7.425191,0.693847,6.731343,0.599781,0.094066,8.798474
1914600,40.6137,7.425191,0.693847,6.731343,0.599781,0.094066,8.751178
1914700,40.6137,7.425191,0.693847,6.731343,0.599781,0.094066,8.774025
1914800,40.6137,7.425191,0.693847,6.731343,0.599781,0.094066,8.763886
1914900,40.6137,7.425191,0.693847,6.731343,0.599781,0.094066,8.751178
1915000,40.6137,7.425191,0.693847,6.731343,0.599781,0.094066,8.751239
1915100,40.6137,7.425191,0.693847,6.731343,0.599781,0.094066,8.836769
1915200,40.6137,7.425191,0.693847,6.731343,0.599781,0.094066,8.810689
1915300,40.6137,7.425191,0.693847,6.731343,0.599781,0.094066,8.823065
1915400,40.6137,7.425191,0.693847,6.731343,0.599781,0.094066,8.799088
1915500,40.6137,7.425191,0.693847,6.731343,0.599781,0.094066,8.815401
1915600,40.6137,7.425191,0.693847,6.731343,0.599781,0.094066,8.763886
1915700,40.6137,7.425191,0.693847,6.731343,0.599781,0.094066,8.751178
1915800,40.6137,7.425191,0.693847,6.731343,0.599781,0.094066,8.751239
1915900,40.6137,7.425191,0.693847,6.731343,0.599781,0.094066,8.880730
1916000,40.6137,7.425191,0.693847,6.731343,0.599781,0.094066,8.828493
1916100,40.6137,7.425191,0.693847,6.731343,0.599781,0.094066,8.830201
1916200,40.6137,7.425191,0.693847,6.731343,0.599781,0.094066,8.820551
1916300,40.6137,7.425191,0.693847,6.731343,0.599781,0.094066,8.825290
1916400,40.6137,7.425191,0.693847,6.731343,0.599781,0.094066,8.830161
1916500,40.6137,7.425191,0.693847,6.731343,0.599781,0.094066,8.813208
1916600,40.6137,7.425191,0.693847,6.731343,0.599781,0.094066,8.834371
1916700,40.6137,7.425191,0.693847,6.731343,0.599781,0.094066,8.775008
1916800,40.6137,7.425191,0.693847,6.731343,0.599781,0.094066,8.751178
1916900,40.6137,7.425191,0.693847,6.731343,0.599781,0.094066,8.781187
1917000,40.6137,7.425191,0.693847,6.731343,0.599781,0.094066,8.764096
1917100,40.6137,7.425191,0.693847,6.731343,0.599781,0.094066,8.751178
1917200,40.6137,7.425191,0.693847,6.731343,0.599781,0.094066,8.790802
1917300,40.6137,7.425191,0.693847,6.731343,0.599781,0.094066,8.751178
1917400,40.6137,7.425191,0.693847,6.731343,0.599781,0.094066,8.761720
1917500,40.6137,7.425191,0.693847,6.731343,0.599781,0.094066,8.820219
1917600,40.6137,7.425191,0.693847,6.731343,0.599781,0.094066,8.751178
1917700,40.6137,7.425191,0.693847,6.731343,0.599781,0.094066,8.756623
1917800,40.6137,7.425191,0.693847,6.731343,0.599781,0.094066,8.812290
1917900,40.6137,7.425191,0.693847,6.731343,0.599781,0.094066,8.808269
1918000,40.6137,7.425191,0.693847,6.731343,0.599781,0.094066,8.820551
1918100,40.6137,7.425191,0.693847,6.731343,0.599781,0.094066,8.819840
1918200,40.6137,7.425191,0.693847,6.731343,0.599781,0.094066,8.782196
1918300,40.6137,7.425191,0.693847,6.731343,0.599781,0.094066,8.751178
1918400,40.6137,7.425191,0.693847,6.731343,0.599781,0.094066,8.751239
1918500,40.6137,7.425191,0.693847,6.731343,0.599781,0.094066,8.811822
1918600,40.6137,7.425191,0.693847,6.731343,0.599781,0.094066,8.806001
1918700,40.6137,7.425191,0.693847,6.731343,0.599781,0.094066,8.828503
1918800,40.6137,7.425191,0.693847,6.731343,0.599781,0.094066,8.815015
1918900,40.6137,7.425191,0.693847,6.731343,0.599781,0.094066,8.811549
1919000,40.6137,7.425191,0.693847,6.731343,0.599781,0.094066,8.776007
1919100,40.6137,7.425191,0.693847,6.731343,0.599781,0.094066,8.751178
1919200,40.6137,7.425191,0.693847,6.731343,0.599781,0.094066,8.751239
1919300,40.6137,7.425191,0.693847,6.731343,0.599781,0.094066,8.811822
1919400,40.6137,7.425191,0.693847,6.731343,0.599781,0.094066,8.818940
1919500,40.6137,7.425191,0.693847,6.731343,0.599781,0.094066,8.751178
1919600,40.6137,7.425191,0.693847,6.731343,0.599781,0.094066,8.757605
1919700,40.6137,7.425191,0.693847,6.731343,0.599781,0.094066,8.792047
1919800,40.6137,7.425191,0.693847,6.731343,0.599781,0.094066,8.751178
1919900,40.6137,7.425191,0.693847,6.731343,0.599781,0.094066,8.796318
1920000,40.6137,7.425191,0.693847,6.731343,0.599781,0.094066,8.820551
1920100,40.6137,7.425191,0.693847,6.731343,0.599781,0.094066,8.810475
1920200,40.6137,7.425191,0.693847,6.731343,0.599781,0.094066,8.823065
1920300,40.6137,7.425191,0.693847,6.731343,0.599781,0.094066,8.799088
1920400,40.6137,7.425191,0.693847,6.731343,0.599781,0.094066,8.831165
1920500,40.6137,7.425191,0.693847,6.731343,0.599781,0.094066,8.792334
1920600,40.6137,7.425191,0.693847,6.731343,0.599781,0.094066,8.751178
1920700,40.6137,7.425191,0.693847,6.731343,0.599781,0.094066,8.781325
1920800,40.6137,7.425191,0.693847,6.731343,0.599781,0.094066,8.778015
1920900,40.6137,7.425191,0.693847,6.731343,0.599781,0.094066,8.751178
1921000,40.6137,7.425191,0.693847,6.731343,0.599781,0.094066,8.790386
1921100,40.6137,7.425191,0.693847,6.731343,0.599781,0.094066,8.759266
1921200,40.6137,7.425191,0.693847,6.731343,0.599781,0.094066,8.753292
1921300,40.6137,7.425191,0.693847,6.731343,0.599781,0.094066,8.816122
1921400,40.6137,7.425191,0.693847,6.731343,0.599781,0.094066,8.763886
1921500,40.6137,7.425191,0.693847,6.731343,0.599781,0.094066,8.751178
1921600,40.6137,7.425191,0.693847,6.731343,0.599781,0.094066,8.808162
1921700,40.6137,7.425191,0.693847,6.731343,0.599781,0.094066,8.751178
1921800,40.6137,7.425191,0.693847,6.731343,0.599781,0.094066,8.755531
1921900,40.6137,7.425191,0.693847,6.731343,0.599781,0.094066,8.794121
1922000,40.6137,7.425191,0.693847,6.731343,0.599781,0.094066,8.751178
1922100,40.6137,7.425191,0.693847,6.731343,0.599781,0.094066,8.796318
1922200,40.6137,7.425191,0.693847,6.731343,0.599781,0.094066,8.820551
1922300,40.6137,7.425191,0.693847,6.731343,0.599781,0.094066,8.810475
1922400,40.6137,7.425191,0.693847,6.731343,0.599781,0.094066,8.791561
1922500,40.6137,7.425191,0.693847,6.731343,0.599781,0.094066,8.751178
1922600,40.6137,7.425191,0.693847,6.731343,0.599781,0.094066,8.751239
1922700,40.6137,7.425191,0.693847,6.731343,0.599781,0.094066,8.811822
1922800,40.6137,7.425191,0.693847,6.731343,0.599781,0.094066,8.799088
1922900,40.6137,7.425191,0.693847,6.731343,0.599781,0.094066,8.815401
1923000,40.6137,7.425191,0.693847,6.731343,0.599781,0.094066,8.820551
1923100,40.6137,7.425191,0.693847,6.731343,0.599781,0.094066,8.825290
1923200,40.6137,7.425191,0.693847,6.731343,0.599781,0.094066,8.798657
1923300,40.6137,7.425191,0.693847,6.731343,0.599781,0.094066,8.751178
1923400,40.6137,7.425191,0.693847,6.731343,0.599781,0.094066,8.751239
1923500,40.6137,7.425191,0.693847,6.731343,0.599781,0.094066,8.811822
1923600,40.6137,7.425191,0.693847,6.731343,0.599781,0.094066,8.806232
1923700,40.6137,7.425191,0.693847,6.731343,0.599781,0.094066,8.852462
1923800,40.6137,7.425191,0.693847,6.731343,0.599781,0.094066,8.820551
1923900,40.6137,7.425191,0.693847,6.731343,0.599781,0.094066,8.825290
1924000,40.6137,7.425191,0.693847,6.731343,0.599781,0.094066,8.830161
1924100,40.6137,7.425191,0.693847,6.731343,0.599781,0.094066,8.799088
1924200,40.6137,7.425191,0.693847,6.731343,0.599781,0.094066,8.815401
1924300,40.6137,7.425191,0.693847,6.731343,0.599781,0.094066,8.808098
1924400,40.6137,7.425191,0.693847,6.731343,0.599781,0.094066,8.751178
1924500,40.6137,7.425191,0.693847,6.731343,0.599781,0.094066,8.765561
1924600,40.6137,7.425191,0.693847,6.731343,0.599781,0.094066,8.779723
1924700,40.6137,7.425191,0.693847,6.731343,0.599781,0.094066,8.751178
1924800,40.6137,7.425191,0.693847,6.731343,0.599781,0.094066,8.783860
1924900,40.6137,7.425191,0.693847,6.731343,0.599781,0.094066,8.758120
1925000,40.6137,7.425191,0.693847,6.731343,0.599781,0.094066,8.751178
1925100,40.6137,7.425191,0.693847,6.731343,0.599781,0.094066,8.818053
1925200,40.6137,7.425191,0.693847,6.731343,0.599781,0.094066,8.763886
1925300,40.6137,7.425191,0.693847,6.731343,0.599781,0.094066,8.751178
1925400,40.6137,7.425191,0.693847,6.731343,0.599781,0.094066,8.795454
1925500,40.6137,7.425191,0.693847,6.731343,0.599781,0.094066,8.763886
1925600,40.6137,7.425191,0.693847,6.731343,0.599781,0.094066,8.751178
1925700,40.6137,7.425191,0.693847,6.731343,0.599781,0.094066,8.841684
1925800,40.6137,7.425191,0.693847,6.731343,0.599781,0.094066,8.820551
1925900,40.6137,7.425191,0.693847,6.731343,0.599781,0.094066,8.825290
1926000,40.6137,7.425191,0.693847,6.731343,0.599781,0.094066,8.798657
1926100,40.6137,7.425191,0.693847,6.731343,0.599781,0.094066,8.751178
1926200,40.6137,7.425191,0.693847,6.731343,0.599781,0.094066,8.751239
1926300,40.6137,7.425191,0.693847,6.731343,0.599781,0.094066,8.876189
1926400,40.6137,7.425191,0.693847,6.731343,0.599781,0.094066,8.799088
1926500,40.6137,7.425191,0.693847,6.731343,0.599781,0.094066,8.815401
1926600,40.6137,7.425191,0.693847,6.731343,0.599781,0.094066,8.820551
1926700,40.6137,7.425191,0.693847,6.731343,0.599781,0.094066,8.810475
1926800,40.6137,7.425191,0.693847,6.731343,0.599781,0.094066,8.791561
1926900,40.6137,7.425191,0.693847,6.731343,0.599781,0.094066,8.751178
1927000,40.6137,7.425191,0.693847,6.731343,0.599781,0.094066,8.751239
1927100,40.6137,7.425191,0.693847,6.731343,0.599781,0.094066,8.811822
1927200,40.6137,7.425191,0.693847,6.731343,0.599781,0.094066,8.799088
1927300,40.6137,7.425191,0.693847,6.731343,0.599781,0.094066,8.837694
1927400,40.6137,7.425191,0.693847,6.731343,0.599781,0.094066,8.820551
1927500,40.6137,7.425191,0.693847,6.731343,0.599781,0.094066,8.825290
1927600,40.6137,7.425191,0.693847,6.731343,0.599781,0.094066,8.830161
1927700,40.6137,7.425191,0.693847,6.731343,0.599781,0.094066,8.799088
1927800,40.6137,7.425191,0.693847,6.731343,0.599781,0.094066,8.815401
1927900,40.6137,7.425191,0.693847,6.731343,0.599781,0.094066,8.808098
1928000,40.6137,7.425191,0.693847,6.731343,0.599781,0.094066,8.751178
1928100,40.6137,7.425191,0.693847,6.731343,0.599781,0.094066,8.765561
1928200,40.6137,7.425191,0.693847,6.731343,0.599781,0.094066,8.779723
1928300,40.6137,7.425191,0.693847,6.731343,0.599781,0.094066,8.751178
1928400,40.6137,7.425191,0.693847,6.731343,0.599781,0.094066,8.783860
1928500,40.6137,7.425191,0.693847,6.731343,0.599781,0.094066,8.758120
1928600,40.6137,7.425191,0.693847,6.731343,0.599781,0.094066,8.751178
1928700,40.6137,7.425191,0.693847,6.731343,0.599781,0.094066,8.818053
1928800,40.6137,7.425191,0.693847,6.731343,0.599781,0.094066,8.763886
1928900,40.6137,7.425191,0.693847,6.731343,0.599781,0.094066,8.751178
1929000,40.6137,7.425191,0.693847,6.731343,0.599781,0.094066,8.795454
1929100,40.6137,7.425191,0.693847,6.731343,0.599781,0.094066,8.763886
1929200,40.6137,7.425191,0.693847,6.731343,0.599781,0.094066,8.751178
1929300,40.6137,7.425191,0.693847,6.731343,0.599781,0.094066,8.798474
1929400,40.6137,7.425191,0.693847,6.731343,0.599781,0.094066,8.751178
1929500,40.6137,7.425191,0.693847,6.731343,0.599781,0.094066,8.796318
1929600,40.6137,7.425191,0.693847,6.731343,0.599781,0.094066,8.820551
1929700,40.6137,7.425191,0.693847,6.731343,0.599781,0.094066,8.825290
1929800,40.6137,7.425191,0.693847,6.731343,0.599781,0.094066,8.798657
1929900,40.6137,7.425191,0.693847,6.731343,0.599781,0.094066,8.751178
1930000,40.6137,7.425191,0.693847,6.731343,0.599781,0.094066,8.751239
1930100,40.6137,7.425191,0.693847,6.731343,0.599781,0.094066,8.804699
1930200,40.6137,7.425191,0.693847,6.731343,0.599781,0.094066,8.813355
1930300,40.6137,7.425191,0.693847,6.731343,0.599781,0.094066,8.830168
1930400,40.6137,7.425191,0.693847,6.731343,0.599781,0.094066,8.820551
1930500,40.6137,7.425191,0.693847,6.731343,0.599781,0.094066,8.810475
1930600,40.6137,7.425191,0.693847,6.731343,0.599781,0.094066,8.791561
1930700,40.6137,7.425191,0.693847,6.731343,0.599781,0.094066,8.751178
1930800,40.6137,7.425191,0.693847,6.731343,0.599781,0.094066,8.751239
1930900,40.6137,7.425191,0.693847,6.731343,0.599781,0.094066,8.873216
1931000,40.6137,7.425191,0.693847,6.731343,0.599781,0.094066,8.803807
1931100,40.6137,7.425191,0.693847,6.731343,0.599781,0.094066,8.810616
1931200,40.6137,7.425191,0.693847,6.731343,0.599781,0.094066,8.829805
1931300,40.6137,7.425191,0.693847,6.731343,0.599781,0.094066,8.806001
1931400,40.6137,7.425191,0.693847,6.731343,0.599781,0.094066,8.828503
1931500,40.6137,7.425191,0.693847,6.731343,0.599781,0.094066,8.815015
1931600,40.6137,7.425191,0.693847,6.731343,0.599781,0.094066,8.811549
1931700,40.6137,7.425191,0.693847,6.731343,0.599781,0.094066,8.820219
1931800,40.6137,7.425191,0.693847,6.731343,0.599781,0.094066,8.751178
1931900,40.6137,7.425191,0.693847,6.731343,0.599781,0.094066,8.758224
1932000,40.6137,7.425191,0.693847,6.731343,0.599781,0.094066,8.787059
1932100,40.6137,7.425191,0.693847,6.731343,0.599781,0.094066,8.751178
1932200,40.6137,7.425191,0.693847,6.731343,0.599781,0.094066,8.776737
1932300,40.6137,7.425191,0.693847,6.731343,0.599781,0.094066,8.765243
1932400,40.6137,7.425191,0.693847,6.731343,0.599781,0.094066,8.751178
1932500,40.6137,7.425191,0.693847,6.731343,0.599781,0.094066,8.809329
1932600,40.6137,7.425191,0.693847,6.731343,0.599781,0.094066,8.772610
1932700,40.6137,7.425191,0.693847,6.731343,0.599781,0.094066,8.751178
1932800,40.6137,7.425191,0.693847,6.731343,0.599781,0.094066,8.784059
1932900,40.6137,7.425191,0.693847,6.731343,0.599781,0.094066,8.820106
1933000,40.6137,7.425191,0.693847,6.731343,0.599781,0.094066,8.817229
1933100,40.6137,7.425191,0.693847,6.731343,0.599781,0.094066,8.818940
1933200,40.6137,7.425191,0.693847,6.731343,0.599781,0.094066,8.751178
1933300,40.6137,7.425191,0.693847,6.731343,0.599781,0.094066,8.755531
1933400,40.6137,7.425191,0.693847,6.731343,0.599781,0.094066,8.827745
1933500,40.6137,7.425191,0.693847,6.731343,0.599781,0.094066,8.751178
1933600,40.6137,7.425191,0.693847,6.731343,0.599781,0.094066,8.751239
1933700,40.6137,7.425191,0.693847,6.731343,0.599781,0.094066,8.779327
1933800,40.6137,7.425191,0.693847,6.731343,0.599781,0.094066,8.808834
1933900,40.6137,7.425191,0.693847,6.731343,0.599781,0.094066,8.810475
1934000,40.6137,7.425191,0.693847,6.731343,0.599781,0.094066,8.823065
1934100,40.6137,7.425191,0.693847,6.731343,0.599781,0.094066,8.815393
1934200,40.6137,7.425191,0.693847,6.731343,0.599781,0.094066,8.811804
1934300,40.6137,7.425191,0.693847,6.731343,0.599781,0.094066,8.751178
1934400,40.6137,7.425191,0.693847,6.731343,0.599781,0.094066,8.751239
1934500,40.6137,7.425191,0.693847,6.731343,0.599781,0.094066,8.780502
1934600,40.6137,7.425191,0.693847,6.731343,0.599781,0.094066,8.823423
1934700,40.6137,7.425191,0.693847,6.731343,0.599781,0.094066,8.832129
1934800,40.6137,7.425191,0.693847,6.731343,0.599781,0.094066,8.829852
1934900,40.6137,7.425191,0.693847,6.731343,0.599781,0.094066,8.806232
1935000,40.6137,7.425191,0.693847,6.731343,0.599781,0.094066,8.830168
1935100,40.6137,7.425191,0.693847,6.731343,0.599781,0.094066,8.835009
1935200,40.6137,7.425191,0.693847,6.731343,0.599781,0.094066,8.831361
1935300,40.6137,7.425191,0.693847,6.731343,0.599781,0.094066,8.822340
1935400,40.6137,7.425191,0.693847,6.731343,0.599781,0.094066,8.751178
1935500,40.6137,7.425191,0.693847,6.731343,0.599781,0.094066,8.753292
1935600,40.6137,7.425191,0.693847,6.731343,0.599781,0.094066,8.806048
1935700,40.6137,7.425191,0.693847,6.731343,0.599781,0.094066,8.751178
1935800,40.6137,7.425191,0.693847,6.731343,0.599781,0.094066,8.761569
1935900,40.6137,7.425191,0.693847,6.731343,0.599781,0.094066,8.788083
1936000,40.6137,7.425191,0.693847,6.731343,0.599781,0.094066,8.751178
1936100,40.6137,7.425191,0.693847,6.731343,0.599781,0.094066,8.806181
1936200,40.6137,7.425191,0.693847,6.731343,0.599781,0.094066,8.775941
1936300,40.6137,7.425191,0.693847,6.731343,0.599781,0.094066,8.751178
1936400,40.6137,7.425191,0.693847,6.731343,0.599781,0.094066,8.788118
1936500,40.6137,7.425191,0.693847,6.731343,0.599781,0.094066,8.771222
1936600,40.6137,7.425191,0.693847,6.731343,0.599781,0.094066,8.751178
1936700,40.6137,7.425191,0.693847,6.731343,0.599781,0.094066,8.807222
1936800,40.6137,7.425191,0.693847,6.731343,0.599781,0.094066,8.829852
1936900,40.6137,7.425191,0.693847,6.731343,0.599781,0.094066,8.799088
1937000,40.6137,7.425191,0.693847,6.731343,0.599781,0.094066,8.815401
1937100,40.6137,7.425191,0.693847,6.731343,0.599781,0.094066,8.763886
1937200,40.6137,7.425191,0.693847,6.731343,0.599781,0.094066,8.751239
1937300,40.6137,7.425191,0.693847,6.731343,0.599781,0.094066,8.779327
1937400,40.6137,7.425191,0.693847,6.731343,0.599781,0.094066,8.808834
1937500,40.6137,7.425191,0.693847,6.731343,0.599781,0.094066,8.810475
1937600,40.6137,7.425191,0.693847,6.731343,0.599781,0.094066,8.823065
1937700,40.6137,7.425191,0.693847,6.731343,0.599781,0.094066,8.823437
1937800,40.6137,7.425191,0.693847,6.731343,0.599781,0.094066,8.825671
1937900,40.6137,7.425191,0.693847,6.731343,0.599781,0.094066,8.751178
1938000,40.6137,7.425191,0.693847,6.731343,0.599781,0.094066,8.751239
1938100,40.6137,7.425191,0.693847,6.731343,0.599781,0.094066,8.779327
1938200,40.6137,7.425191,0.693847,6.731343,0.599781,0.094066,8.808834
1938300,40.6137,7.425191,0.693847,6.731343,0.599781,0.094066,8.811409
1938400,40.6137,7.425191,0.693847,6.731343,0.599781,0.094066,8.844425
1938500,40.6137,7.425191,0.693847,6.731343,0.599781,0.094066,8.799088
1938600,40.6137,7.425191,0.693847,6.731343,0.599781,0.094066,8.815401
1938700,40.6137,7.425191,0.693847,6.731343,0.599781,0.094066,8.820551
1938800,40.6137,7.425191,0.693847,6.731343,0.599781,0.094066,8.810475
1938900,40.6137,7.425191,0.693847,6.731343,0.599781,0.094066,8.823065
1939000,40.6137,7.425191,0.693847,6.731343,0.599781,0.094066,8.763886
1939100,40.6137,7.425191,0.693847,6.731343,0.599781,0.094066,8.751178
1939200,40.6137,7.425191,0.693847,6.731343,0.599781,0.094066,8.794106
1939300,40.6137,7.425191,0.693847,6.731343,0.599781,0.094066,8.751178
1939400,40.6137,7.425191,0.693847,6.731343,0.599781,0.094066,8.755531
1939500,40.6137,7.425191,0.693847,6.731343,0.599781,0.094066,8.786449
1939600,40.6137,7.425191,0.693847,6.731343,0.599781,0.094066,8.751178
1939700,40.6137,7.425191,0.693847,6.731343,0.599781,0.094066,8.789605
1939800,40.6137,7.425191,0.693847,6.731343,0.599781,0.094066,8.792334
1939900,40.6137,7.425191,0.693847,6.731343,0.599781,0.094066,8.751178
1940000,40.6137,7.425191,0.693847,6.731343,0.599781,0.094066,8.774412
1940100,40.6137,7.425191,0.693847,6.731343,0.599781,0.094066,8.817178
1940200,40.6137,7.425191,0.693847,6.731343,0.599781,0.094066,8.829805
1940300,40.6137,7.425191,0.693847,6.731343,0.599781,0.094066,8.799088
1940400,40.6137,7.425191,0.693847,6.731343,0.599781,0.094066,8.815401
1940500,40.6137,7.425191,0.693847,6.731343,0.599781,0.094066,8.763886
1940600,40.6137,7.425191,0.693847,6.731343,0.599781,0.094066,8.751178
1940700,40.6137,7.425191,0.693847,6.731343,0.599781,0.094066,8.779388
1940800,40.6137,7.425191,0.693847,6.731343,0.599781,0.094066,8.808834
1940900,40.6137,7.425191,0.693847,6.731343,0.599781,0.094066,8.793779
1941000,40.6137,7.425191,0.693847,6.731343,0.599781,0.094066,8.751178
1941100,40.6137,7.425191,0.693847,6.731343,0.599781,0.094066,8.784619
1941200,40.6137,7.425191,0.693847,6.731343,0.599781,0.094066,8.765033
1941300,40.6137,7.425191,0.693847,6.731343,0.599781,0.094066,8.751178
1941400,40.6137,7.425191,0.693847,6.731343,0.599781,0.094066,8.751239
1941500,40.6137,7.425191,0.693847,6.731343,0.599781,0.094066,8.841263
1941600,40.6137,7.425191,0.693847,6.731343,0.599781,0.094066,8.807813
1941700,40.6137,7.425191,0.693847,6.731343,0.599781,0.094066,8.814254
1941800,40.6137,7.425191,0.693847,6.731343,0.599781,0.094066,8.765033
1941900,40.6137,7.425191,0.693847,6.731343,0.599781,0.094066,8.751178
1942000,40.6137,7.425191,0.693847,6.731343,0.599781,0.094066,8.751239
1942100,40.6137,7.425191,0.693847,6.731343,0.599781,0.094066,8.829646
1942200,40.6137,7.425191,0.693847,6.731343,0.599781,0.094066,8.810689
1942300,40.6137,7.425191,0.693847,6.731343,0.599781,0.094066,8.808269
1942400,40.6137,7.425191,0.693847,6.731343,0.599781,0.094066,8.836315
1942500,40.6137,7.425191,0.693847,6.731343,0.599781,0.094066,8.832129
1942600,40.6137,7.425191,0.693847,6.731343,0.599781,0.094066,8.825383
1942700,40.6137,7.425191,0.693847,6.731343,0.599781,0.094066,8.810689
1942800,40.6137,7.425191,0.693847,6.731343,0.599781,0.094066,8.823065
1942900,40.6137,7.425191,0.693847,6.731343,0.599781,0.094066,8.771009
1943000,40.6137,7.425191,0.693847,6.731343,0.599781,0.094066,8.751178
1943100,40.6137,7.425191,0.693847,6.731343,0.599781,0.094066,8.788310
1943200,40.6137,7.425191,0.693847,6.731343,0.599781,0.094066,8.756973
1943300,40.6137,7.425191,0.693847,6.731343,0.599781,0.094066,8.751178
1943400,40.6137,7.425191,0.693847,6.731343,0.599781,0.094066,8.790802
1943500,40.6137,7.425191,0.693847,6.731343,0.599781,0.094066,8.751178
1943600,40.6137,7.425191,0.693847,6.731343,0.599781,0.094066,8.772694
1943700,40.6137,7.425191,0.693847,6.731343,0.599781,0.094066,8.809245
1943800,40.6137,7.425191,0.693847,6.731343,0.599781,0.094066,8.751178
1943900,40.6137,7.425191,0.693847,6.731343,0.599781,0.094066,8.765347
1944000,40.6137,7.425191,0.693847,6.731343,0.599781,0.094066,8.810689
1944100,40.6137,7.425191,0.693847,6.731343,0.599781,0.094066,8.833303
1944200,40.6137,7.425191,0.693847,6.731343,0.599781,0.094066,8.810951
1944300,40.6137,7.425191,0.693847,6.731343,0.599781,0.094066,8.771222
1944400,40.6137,7.425191,0.693847,6.731343,0.599781,0.094066,8.751178
1944500,40.6137,7.425191,0.693847,6.731343,0.599781,0.094066,8.798474
1944600,40.6137,7.425191,0.693847,6.731343,0.599781,0.094066,8.751178
1944700,40.6137,7.425191,0.693847,6.731343,0.599781,0.094066,8.759782
1944800,40.6137,7.425191,0.693847,6.731343,0.599781,0.094066,8.778128
1944900,40.6137,7.425191,0.693847,6.731343,0.599781,0.094066,8.751178
1945000,40.6137,7.425191,0.693847,6.731343,0.599781,0.094066,8.751239
1945100,40.6137,7.425191,0.693847,6.731343,0.599781,0.094066,8.811822
1945200,40.6137,7.425191,0.693847,6.731343,0.599781,0.094066,8.807307
1945300,40.6137,7.425191,0.693847,6.731343,0.599781,0.094066,8.839339
1945400,40.6137,7.425191,0.693847,6.731343,0.599781,0.094066,8.803807
1945500,40.6137,7.425191,0.693847,6.731343,0.599781,0.094066,8.810616
1945600,40.6137,7.425191,0.693847,6.731343,0.599781,0.094066,8.776007
1945700,40.6137,7.425191,0.693847,6.731343,0.599781,0.094066,8.751178
1945800,40.6137,7.425191,0.693847,6.731343,0.599781,0.094066,8.751239
1945900,40.6137,7.425191,0.693847,6.731343,0.599781,0.094066,8.811822
1946000,40.6137,7.425191,0.693847,6.731343,0.599781,0.094066,8.827401
1946100,40.6137,7.425191,0.693847,6.731343,0.599781,0.094066,8.831293
1946200,40.6137,7.425191,0.693847,6.731343,0.599781,0.094066,8.820551
1946300,40.6137,7.425191,0.693847,6.731343,0.599781,0.094066,8.825290
1946400,40.6137,7.425191,0.693847,6.731343,0.599781,0.094066,8.830161
1946500,40.6137,7.425191,0.693847,6.731343,0.599781,0.094066,8.825004
1946600,40.6137,7.425191,0.693847,6.731343,0.599781,0.094066,8.843554
1946700,40.6137,7.425191,0.693847,6.731343,0.599781,0.094066,8.775941
1946800,40.6137,7.425191,0.693847,6.731343,0.599781,0.094066,8.751178
1946900,40.6137,7.425191,0.693847,6.731343,0.599781,0.094066,8.788331
1947000,40.6137,7.425191,0.693847,6.731343,0.599781,0.094066,8.771009
1947100,40.6137,7.425191,0.693847,6.731343,0.599781,0.094066,8.751178
1947200,40.6137,7.425191,0.693847,6.731343,0.599781,0.094066,8.798474
1947300,40.6137,7.425191,0.693847,6.731343,0.599781,0.094066,8.751178
1947400,40.6137,7.425191,0.693847,6.731343,0.599781,0.094066,8.761856
1947500,40.6137,7.425191,0.693847,6.731343,0.599781,0.094066,8.820266
1947600,40.6137,7.425191,0.693847,6.731343,0.599781,0.094066,8.751178
1947700,40.6137,7.425191,0.693847,6.731343,0.599781,0.094066,8.755531
1947800,40.6137,7.425191,0.693847,6.731343,0.599781,0.094066,8.803809
1947900,40.6137,7.425191,0.693847,6.731343,0.599781,0.094066,8.751178
1948000,40.6137,7.425191,0.693847,6.731343,0.599781,0.094066,8.775895
1948100,40.6137,7.425191,0.693847,6.731343,0.599781,0.094066,8.773757
1948200,40.6137,7.425191,0.693847,6.731343,0.599781,0.094066,8.751178
1948300,40.6137,7.425191,0.693847,6.731343,0.599781,0.094066,8.796318
1948400,40.6137,7.425191,0.693847,6.731343,0.599781,0.094066,8.820551
1948500,40.6137,7.425191,0.693847,6.731343,0.599781,0.094066,8.810475
1948600,40.6137,7.425191,0.693847,6.731343,0.599781,0.094066,8.791561
1948700,40.6137,7.425191,0.693847,6.731343,0.599781,0.094066,8.751178
1948800,40.6137,7.425191,0.693847,6.731343,0.599781,0.094066,8.784612
1948900,40.6137,7.425191,0.693847,6.731343,0.599781,0.094066,8.807307
1949000,40.6137,7.425191,0.693847,6.731343,0.599781,0.094066,8.839339
1949100,40.6137,7.425191,0.693847,6.731343,0.599781,0.094066,8.811164
1949200,40.6137,7.425191,0.693847,6.731343,0.599781,0.094066,8.826689
1949300,40.6137,7.425191,0.693847,6.731343,0.599781,0.094066,8.774488
1949400,40.6137,7.425191,0.693847,6.731343,0.599781,0.094066,8.751178
1949500,40.6137,7.425191,0.693847,6.731343,0.599781,0.094066,8.751239
1949600,40.6137,7.425191,0.693847,6.731343,0.599781,0.094066,8.811822
1949700,40.6137,7.425191,0.693847,6.731343,0.599781,0.094066,8.828493
1949800,40.6137,7.425191,0.693847,6.731343,0.599781,0.094066,8.830201
1949900,40.6137,7.425191,0.693847,6.731343,0.599781,0.094066,8.820551
1950000,40.6137,7.425191,0.693847,6.731343,0.599781,0.094066,8.810475
1950100,40.6137,7.425191,0.693847,6.731343,0.599781,0.094066,8.823065
1950200,40.6137,7.425191,0.693847,6.731343,0.599781,0.094066,8.827401
1950300,40.6137,7.425191,0.693847,6.731343,0.599781,0.094066,8.842089
1950400,40.6137,7.425191,0.693847,6.731343,0.599781,0.094066,8.775008
1950500,40.6137,7.425191,0.693847,6.731343,0.599781,0.094066,8.751178
1950600,40.6137,7.425191,0.693847,6.731343,0.599781,0.094066,8.781187
1950700,40.6137,7.425191,0.693847,6.731343,0.599781,0.094066,8.764096
1950800,40.6137,7.425191,0.693847,6.731343,0.599781,0.094066,8.751178
1950900,40.6137,7.425191,0.693847,6.731343,0.599781,0.094066,8.790802
1951000,40.6137,7.425191,0.693847,6.731343,0.599781,0.094066,8.751178
1951100,40.6137,7.425191,0.693847,6.731343,0.599781,0.094066,8.761720
1951200,40.6137,7.425191,0.693847,6.731343,0.599781,0.094066,8.820219
1951300,40.6137,7.425191,0.693847,6.731343,0.599781,0.094066,8.751178
1951400,40.6137,7.425191,0.693847,6.731343,0.599781,0.094066,8.756623
1951500,40.6137,7.425191,0.693847,6.731343,0.599781,0.094066,8.812290
1951600,40.6137,7.425191,0.693847,6.731343,0.599781,0.094066,8.808269
1951700,40.6137,7.425191,0.693847,6.731343,0.599781,0.094066,8.806008
1951800,40.6137,7.425191,0.693847,6.731343,0.599781,0.094066,8.819840
1951900,40.6137,7.425191,0.693847,6.731343,0.599781,0.094066,8.814383
1952000,40.6137,7.425191,0.693847,6.731343,0.599781,0.094066,8.813288
1952100,40.6137,7.425191,0.693847,6.731343,0.599781,0.094066,8.815530
1952200,40.6137,7.425191,0.693847,6.731343,0.599781,0.094066,8.799204
1952300,40.6137,7.425191,0.693847,6.731343,0.599781,0.094066,8.815401
1952400,40.6137,7.425191,0.693847,6.731343,0.599781,0.094066,8.756973
1952500,40.6137,7.425191,0.693847,6.731343,0.599781,0.094066,8.751178
1952600,40.6137,7.425191,0.693847,6.731343,0.599781,0.094066,8.751239
1952700,40.6137,7.425191,0.693847,6.731343,0.599781,0.094066,8.823796
1952800,40.6137,7.425191,0.693847,6.731343,0.599781,0.094066,8.816032
1952900,40.6137,7.425191,0.693847,6.731343,0.599781,0.094066,8.809714
1953000,40.6137,7.425191,0.693847,6.731343,0.599781,0.094066,8.811637
1953100,40.6137,7.425191,0.693847,6.731343,0.599781,0.094066,8.811549
1953200,40.6137,7.425191,0.693847,6.731343,0.599781,0.094066,8.812359
1953300,40.6137,7.425191,0.693847,6.731343,0.599781,0.094066,8.811994
1953400,40.6137,7.425191,0.693847,6.731343,0.599781,0.094066,8.815530
1953500,40.6137,7.425191,0.693847,6.731343,0.599781,0.094066,8.761224
1953600,40.6137,7.425191,0.693847,6.731343,0.599781,0.094066,8.751178
1953700,40.6137,7.425191,0.693847,6.731343,0.599781,0.094066,8.788216
1953800,40.6137,7.425191,0.693847,6.731343,0.599781,0.094066,8.756973
1953900,40.6137,7.425191,0.693847,6.731343,0.599781,0.094066,8.751178
1954000,40.6137,7.425191,0.693847,6.731343,0.599781,0.094066,8.790802
1954100,40.6137,7.425191,0.693847,6.731343,0.599781,0.094066,8.751178
1954200,40.6137,7.425191,0.693847,6.731343,0.599781,0.094066,8.772694
1954300,40.6137,7.425191,0.693847,6.731343,0.599781,0.094066,8.807155
1954400,40.6137,7.425191,0.693847,6.731343,0.599781,0.094066,8.810475
1954500,40.6137,7.425191,0.693847,6.731343,0.599781,0.094066,8.826513
1954600,40.6137,7.425191,0.693847,6.731343,0.599781,0.094066,8.803108
1954700,40.6137,7.425191,0.693847,6.731343,0.599781,0.094066,8.814254
1954800,40.6137,7.425191,0.693847,6.731343,0.599781,0.094066,8.807155
1954900,40.6137,7.425191,0.693847,6.731343,0.599781,0.094066,8.810475
1955000,40.6137,7.425191,0.693847,6.731343,0.599781,0.094066,8.815530
1955100,40.6137,7.425191,0.693847,6.731343,0.599781,0.094066,8.792081
1955200,40.6137,7.425191,0.693847,6.731343,0.599781,0.094066,8.815401
1955300,40.6137,7.425191,0.693847,6.731343,0.599781,0.094066,8.756973
1955400,40.6137,7.425191,0.693847,6.731343,0.599781,0.094066,8.751178
1955500,40.6137,7.425191,0.693847,6.731343,0.599781,0.094066,8.751239
1955600,40.6137,7.425191,0.693847,6.731343,0.599781,0.094066,8.829353
1955700,40.6137,7.425191,0.693847,6.731343,0.599781,0.094066,8.810475
1955800,40.6137,7.425191,0.693847,6.731343,0.599781,0.094066,8.830417
1955900,40.6137,7.425191,0.693847,6.731343,0.599781,0.094066,8.799204
1956000,40.6137,7.425191,0.693847,6.731343,0.599781,0.094066,8.815401
1956100,40.6137,7.425191,0.693847,6.731343,0.599781,0.094066,8.806008
1956200,40.6137,7.425191,0.693847,6.731343,0.599781,0.094066,8.810475
1956300,40.6137,7.425191,0.693847,6.731343,0.599781,0.094066,8.815530
1956400,40.6137,7.425191,0.693847,6.731343,0.599781,0.094066,8.756973
1956500,40.6137,7.425191,0.693847,6.731343,0.599781,0.094066,8.751178
1956600,40.6137,7.425191,0.693847,6.731343,0.599781,0.094066,8.788216
1956700,40.6137,7.425191,0.693847,6.731343,0.599781,0.094066,8.756973
1956800,40.6137,7.425191,0.693847,6.731343,0.599781,0.094066,8.751178
1956900,40.6137,7.425191,0.693847,6.731343,0.599781,0.094066,8.790802
1957000,40.6137,7.425191,0.693847,6.731343,0.599781,0.094066,8.751178
1957100,40.6137,7.425191,0.693847,6.731343,0.599781,0.094066,8.773841
1957200,40.6137,7.425191,0.693847,6.731343,0.599781,0.094066,8.806008
1957300,40.6137,7.425191,0.693847,6.731343,0.599781,0.094066,8.810475
1957400,40.6137,7.425191,0.693847,6.731343,0.599781,0.094066,8.837540
1957500,40.6137,7.425191,0.693847,6.731343,0.599781,0.094066,8.792081
1957600,40.6137,7.425191,0.693847,6.731343,0.599781,0.094066,8.815401
1957700,40.6137,7.425191,0.693847,6.731343,0.599781,0.094066,8.806008
1957800,40.6137,7.425191,0.693847,6.731343,0.599781,0.094066,8.810475
1957900,40.6137,7.425191,0.693847,6.731343,0.599781,0.094066,8.815530
1958000,40.6137,7.425191,0.693847,6.731343,0.599781,0.094066,8.792081
1958100,40.6137,7.425191,0.693847,6.731343,0.599781,0.094066,8.815401
1958200,40.6137,7.425191,0.693847,6.731343,0.599781,0.094066,8.756973
1958300,40.6137,7.425191,0.693847,6.731343,0.599781,0.094066,8.751239
1958400,40.6137,7.425191,0.693847,6.731343,0.599781,0.094066,8.779327
1958500,40.6137,7.425191,0.693847,6.731343,0.599781,0.094066,8.801204
1958600,40.6137,7.425191,0.693847,6.731343,0.599781,0.094066,8.810475
1958700,40.6137,7.425191,0.693847,6.731343,0.599781,0.094066,8.837540
1958800,40.6137,7.425191,0.693847,6.731343,0.599781,0.094066,8.792081
1958900,40.6137,7.425191,0.693847,6.731343,0.599781,0.094066,8.815401
1959000,40.6137,7.425191,0.693847,6.731343,0.599781,0.094066,8.806008
1959100,40.6137,7.425191,0.693847,6.731343,0.599781,0.094066,8.810475
1959200,40.6137,7.425191,0.693847,6.731343,0.599781,0.094066,8.815530
1959300,40.6137,7.425191,0.693847,6.731343,0.599781,0.094066,8.756973
1959400,40.6137,7.425191,0.693847,6.731343,0.599781,0.094066,8.751178
1959500,40.6137,7.425191,0.693847,6.731343,0.599781,0.094066,8.788216
1959600,40.6137,7.425191,0.693847,6.731343,0.599781,0.094066,8.756973
1959700,40.6137,7.425191,0.693847,6.731343,0.599781,0.094066,8.752117
1959800,40.6137,7.425191,0.693847,6.731343,0.599781,0.094066,8.789863
1959900,40.6137,7.425191,0.693847,6.731343,0.599781,0.094066,8.751178
1960000,40.6137,7.425191,0.693847,6.731343,0.599781,0.094066,8.773841
1960100,40.6137,7.425191,0.693847,6.731343,0.599781,0.094066,8.806008
1960200,40.6137,7.425191,0.693847,6.731343,0.599781,0.094066,8.818535
1960300,40.6137,7.425191,0.693847,6.731343,0.599781,0.094066,8.829480
1960400,40.6137,7.425191,0.693847,6.731343,0.599781,0.094066,8.792081
1960500,40.6137,7.425191,0.693847,6.731343,0.599781,0.094066,8.815401
1960600,40.6137,7.425191,0.693847,6.731343,0.599781,0.094066,8.806008
1960700,40.6137,7.425191,0.693847,6.731343,0.599781,0.094066,8.811622
1960800,40.6137,7.425191,0.693847,6.731343,0.599781,0.094066,8.814383
1960900,40.6137,7.425191,0.693847,6.731343,0.599781,0.094066,8.821506
1961000,40.6137,7.425191,0.693847,6.731343,0.599781,0.094066,8.791771
1961100,40.6137,7.425191,0.693847,6.731343,0.599781,0.094066,8.751178
1961200,40.6137,7.425191,0.693847,6.731343,0.599781,0.094066,8.751239
1961300,40.6137,7.425191,0.693847,6.731343,0.599781,0.094066,8.782068
1961400,40.6137,7.425191,0.693847,6.731343,0.599781,0.094066,8.811436
1961500,40.6137,7.425191,0.693847,6.731343,0.599781,0.094066,8.813056
1961600,40.6137,7.425191,0.693847,6.731343,0.599781,0.094066,8.821986
1961700,40.6137,7.425191,0.693847,6.731343,0.599781,0.094066,8.792081
1961800,40.6137,7.425191,0.693847,6.731343,0.599781,0.094066,8.815401
1961900,40.6137,7.425191,0.693847,6.731343,0.599781,0.094066,8.817044
1962000,40.6137,7.425191,0.693847,6.731343,0.599781,0.094066,8.814994
1962100,40.6137,7.425191,0.693847,6.731343,0.599781,0.094066,8.805771
1962200,40.6137,7.425191,0.693847,6.731343,0.599781,0.094066,8.751178
1962300,40.6137,7.425191,0.693847,6.731343,0.599781,0.094066,8.756623
1962400,40.6137,7.425191,0.693847,6.731343,0.599781,0.094066,8.788566
1962500,40.6137,7.425191,0.693847,6.731343,0.599781,0.094066,8.751178
1962600,40.6137,7.425191,0.693847,6.731343,0.599781,0.094066,8.775231
1962700,40.6137,7.425191,0.693847,6.731343,0.599781,0.094066,8.766750
1962800,40.6137,7.425191,0.693847,6.731343,0.599781,0.094066,8.751178
1962900,40.6137,7.425191,0.693847,6.731343,0.599781,0.094066,8.798557
1963000,40.6137,7.425191,0.693847,6.731343,0.599781,0.094066,8.799791
1963100,40.6137,7.425191,0.693847,6.731343,0.599781,0.094066,8.820012
1963200,40.6137,7.425191,0.693847,6.731343,0.599781,0.094066,8.809505
1963300,40.6137,7.425191,0.693847,6.731343,0.599781,0.094066,8.802237
1963400,40.6137,7.425191,0.693847,6.731343,0.599781,0.094066,8.829961
1963500,40.6137,7.425191,0.693847,6.731343,0.599781,0.094066,8.798485
1963600,40.6137,7.425191,0.693847,6.731343,0.599781,0.094066,8.819235
1963700,40.6137,7.425191,0.693847,6.731343,0.599781,0.094066,8.807730
1963800,40.6137,7.425191,0.693847,6.731343,0.599781,0.094066,8.810475
1963900,40.6137,7.425191,0.693847,6.731343,0.599781,0.094066,8.784648
1964000,40.6137,7.425191,0.693847,6.731343,0.599781,0.094066,8.751178
1964100,40.6137,7.425191,0.693847,6.731343,0.599781,0.094066,8.751239
1964200,40.6137,7.425191,0.693847,6.731343,0.599781,0.094066,8.804076
1964300,40.6137,7.425191,0.693847,6.731343,0.599781,0.094066,8.799204
1964400,40.6137,7.425191,0.693847,6.731343,0.599781,0.094066,8.815761
1964500,40.6137,7.425191,0.693847,6.731343,0.599781,0.094066,8.809505
1964600,40.6137,7.425191,0.693847,6.731343,0.599781,0.094066,8.821506
1964700,40.6137,7.425191,0.693847,6.731343,0.599781,0.094066,8.815530
1964800,40.6137,7.425191,0.693847,6.731343,0.599781,0.094066,8.799204
1964900,40.6137,7.425191,0.693847,6.731343,0.599781,0.094066,8.814254
1965000,40.6137,7.425191,0.693847,6.731343,0.599781,0.094066,8.794797
1965100,40.6137,7.425191,0.693847,6.731343,0.599781,0.094066,8.751178
1965200,40.6137,7.425191,0.693847,6.731343,0.599781,0.094066,8.765466
1965300,40.6137,7.425191,0.693847,6.731343,0.599781,0.094066,8.779723
1965400,40.6137,7.425191,0.693847,6.731343,0.599781,0.094066,8.751178
1965500,40.6137,7.425191,0.693847,6.731343,0.599781,0.094066,8.783860
1965600,40.6137,7.425191,0.693847,6.731343,0.599781,0.094066,8.758120
1965700,40.6137,7.425191,0.693847,6.731343,0.599781,0.094066,8.751178
1965800,40.6137,7.425191,0.693847,6.731343,0.599781,0.094066,8.810518
1965900,40.6137,7.425191,0.693847,6.731343,0.599781,0.094066,8.792081
1966000,40.6137,7.425191,0.693847,6.731343,0.599781,0.094066,8.830707
1966100,40.6137,7.425191,0.693847,6.731343,0.599781,0.094066,8.807155
1966200,40.6137,7.425191,0.693847,6.731343,0.599781,0.094066,8.816032
1966300,40.6137,7.425191,0.693847,6.731343,0.599781,0.094066,8.815530
1966400,40.6137,7.425191,0.693847,6.731343,0.599781,0.094066,8.792081
1966500,40.6137,7.425191,0.693847,6.731343,0.599781,0.094066,8.815401
1966600,40.6137,7.425191,0.693847,6.731343,0.599781,0.094066,8.806008
1966700,40.6137,7.425191,0.693847,6.731343,0.599781,0.094066,8.810475
1966800,40.6137,7.425191,0.693847,6.731343,0.599781,0.094066,8.784648
1966900,40.6137,7.425191,0.693847,6.731343,0.599781,0.094066,8.751178
1967000,40.6137,7.425191,0.693847,6.731343,0.599781,0.094066,8.751239
1967100,40.6137,7.425191,0.693847,6.731343,0.599781,0.094066,8.811199
1967200,40.6137,7.425191,0.693847,6.731343,0.599781,0.094066,8.792081
1967300,40.6137,7.425191,0.693847,6.731343,0.599781,0.094066,8.837411
1967400,40.6137,7.425191,0.693847,6.731343,0.599781,0.094066,8.806008
1967500,40.6137,7.425191,0.693847,6.731343,0.599781,0.094066,8.810475
1967600,40.6137,7.425191,0.693847,6.731343,0.599781,0.094066,8.815530
1967700,40.6137,7.425191,0.693847,6.731343,0.599781,0.094066,8.792081
1967800,40.6137,7.425191,0.693847,6.731343,0.599781,0.094066,8.815401
1967900,40.6137,7.425191,0.693847,6.731343,0.599781,0.094066,8.793650
1968000,40.6137,7.425191,0.693847,6.731343,0.599781,0.094066,8.751178
1968100,40.6137,7.425191,0.693847,6.731343,0.599781,0.094066,8.765466
1968200,40.6137,7.425191,0.693847,6.731343,0.599781,0.094066,8.779723
1968300,40.6137,7.425191,0.693847,6.731343,0.599781,0.094066,8.751178
1968400,40.6137,7.425191,0.693847,6.731343,0.599781,0.094066,8.783860
1968500,40.6137,7.425191,0.693847,6.731343,0.599781,0.094066,8.758120
1968600,40.6137,7.425191,0.693847,6.731343,0.599781,0.094066,8.751178
1968700,40.6137,7.425191,0.693847,6.731343,0.599781,0.094066,8.810518
1968800,40.6137,7.425191,0.693847,6.731343,0.599781,0.094066,8.792081
1968900,40.6137,7.425191,0.693847,6.731343,0.599781,0.094066,8.837411
1969000,40.6137,7.425191,0.693847,6.731343,0.599781,0.094066,8.806008
1969100,40.6137,7.425191,0.693847,6.731343,0.599781,0.094066,8.810475
1969200,40.6137,7.425191,0.693847,6.731343,0.599781,0.094066,8.815530
1969300,40.6137,7.425191,0.693847,6.731343,0.599781,0.094066,8.792081
1969400,40.6137,7.425191,0.693847,6.731343,0.599781,0.094066,8.815401
1969500,40.6137,7.425191,0.693847,6.731343,0.599781,0.094066,8.806008
1969600,40.6137,7.425191,0.693847,6.731343,0.599781,0.094066,8.810475
1969700,40.6137,7.425191,0.693847,6.731343,0.599781,0.094066,8.784648
1969800,40.6137,7.425191,0.693847,6.731343,0.599781,0.094066,8.751178
1969900,40.6137,7.425191,0.693847,6.731343,0.599781,0.094066,8.751239
1970000,40.6137,7.425191,0.693847,6.731343,0.599781,0.094066,8.811199
1970100,40.6137,7.425191,0.693847,6.731343,0.599781,0.094066,8.792081
1970200,40.6137,7.425191,0.693847,6.731343,0.599781,0.094066,8.837411
1970300,40.6137,7.425191,0.693847,6.731343,0.599781,0.094066,8.806008
1970400,40.6137,7.425191,0.693847,6.731343,0.599781,0.094066,8.810475
1970500,40.6137,7.425191,0.693847,6.731343,0.599781,0.094066,8.815530
1970600,40.6137,7.425191,0.693847,6.731343,0.599781,0.094066,8.792081
1970700,40.6137,7.425191,0.693847,6.731343,0.599781,0.094066,8.815401
1970800,40.6137,7.425191,0.693847,6.731343,0.599781,0.094066,8.793650
1970900,40.6137,7.425191,0.693847,6.731343,0.599781,0.094066,8.751178
1971000,40.6137,7.425191,0.693847,6.731343,0.599781,0.094066,8.765466
1971100,40.6137,7.425191,0.693847,6.731343,0.599781,0.094066,8.779723
1971200,40.6137,7.425191,0.693847,6.731343,0.599781,0.094066,8.751178
1971300,40.6137,7.425191,0.693847,6.731343,0.599781,0.094066,8.783860
1971400,40.6137,7.425191,0.693847,6.731343,0.599781,0.094066,8.758120
1971500,40.6137,7.425191,0.693847,6.731343,0.599781,0.094066,8.751178
1971600,40.6137,7.425191,0.693847,6.731343,0.599781,0.094066,8.810518
1971700,40.6137,7.425191,0.693847,6.731343,0.599781,0.094066,8.802237
1971800,40.6137,7.425191,0.693847,6.731343,0.599781,0.094066,8.827255
1971900,40.6137,7.425191,0.693847,6.731343,0.599781,0.094066,8.806008
1972000,40.6137,7.425191,0.693847,6.731343,0.599781,0.094066,8.810475
1972100,40.6137,7.425191,0.693847,6.731343,0.599781,0.094066,8.815530
1972200,40.6137,7.425191,0.693847,6.731343,0.599781,0.094066,8.802237
1972300,40.6137,7.425191,0.693847,6.731343,0.599781,0.094066,8.829961
1972400,40.6137,7.425191,0.693847,6.731343,0.599781,0.094066,8.796919
1972500,40.6137,7.425191,0.693847,6.731343,0.599781,0.094066,8.814366
1972600,40.6137,7.425191,0.693847,6.731343,0.599781,0.094066,8.765130
1972700,40.6137,7.425191,0.693847,6.731343,0.599781,0.094066,8.751178
1972800,40.6137,7.425191,0.693847,6.731343,0.599781,0.094066,8.751239
1972900,40.6137,7.425191,0.693847,6.731343,0.599781,0.094066,8.811199
1973000,40.6137,7.425191,0.693847,6.731343,0.599781,0.094066,8.819999
1973100,40.6137,7.425191,0.693847,6.731343,0.599781,0.094066,8.809493
1973200,40.6137,7.425191,0.693847,6.731343,0.599781,0.094066,8.806008
1973300,40.6137,7.425191,0.693847,6.731343,0.599781,0.094066,8.810475
1973400,40.6137,7.425191,0.693847,6.731343,0.599781,0.094066,8.815530
1973500,40.6137,7.425191,0.693847,6.731343,0.599781,0.094066,8.807293
1973600,40.6137,7.425191,0.693847,6.731343,0.599781,0.094066,8.828236
1973700,40.6137,7.425191,0.693847,6.731343,0.599781,0.094066,8.765603
1973800,40.6137,7.425191,0.693847,6.731343,0.599781,0.094066,8.751178
1973900,40.6137,7.425191,0.693847,6.731343,0.599781,0.094066,8.782659
1974000,40.6137,7.425191,0.693847,6.731343,0.599781,0.094066,8.762530
1974100,40.6137,7.425191,0.693847,6.731343,0.599781,0.094066,8.751178
1974200,40.6137,7.425191,0.693847,6.731343,0.599781,0.094066,8.790802
1974300,40.6137,7.425191,0.693847,6.731343,0.599781,0.094066,8.751178
1974400,40.6137,7.425191,0.693847,6.731343,0.599781,0.094066,8.761720
1974500,40.6137,7.425191,0.693847,6.731343,0.599781,0.094066,8.812359
1974600,40.6137,7.425191,0.693847,6.731343,0.599781,0.094066,8.811994
1974700,40.6137,7.425191,0.693847,6.731343,0.599781,0.094066,8.812660
1974800,40.6137,7.425191,0.693847,6.731343,0.599781,0.094066,8.811436
1974900,40.6137,7.425191,0.693847,6.731343,0.599781,0.094066,8.813056
1975000,40.6137,7.425191,0.693847,6.731343,0.599781,0.094066,8.810793
1975100,40.6137,7.425191,0.693847,6.731343,0.599781,0.094066,8.812255
1975200,40.6137,7.425191,0.693847,6.731343,0.599781,0.094066,8.815530
1975300,40.6137,7.425191,0.693847,6.731343,0.599781,0.094066,8.797638
1975400,40.6137,7.425191,0.693847,6.731343,0.599781,0.094066,8.815401
1975500,40.6137,7.425191,0.693847,6.731343,0.599781,0.094066,8.756973
1975600,40.6137,7.425191,0.693847,6.731343,0.599781,0.094066,8.751178
1975700,40.6137,7.425191,0.693847,6.731343,0.599781,0.094066,8.751239
1975800,40.6137,7.425191,0.693847,6.731343,0.599781,0.094066,8.829139
1975900,40.6137,7.425191,0.693847,6.731343,0.599781,0.094066,8.810689
1976000,40.6137,7.425191,0.693847,6.731343,0.599781,0.094066,8.825579
1976100,40.6137,7.425191,0.693847,6.731343,0.599781,0.094066,8.796919
1976200,40.6137,7.425191,0.693847,6.731343,0.599781,0.094066,8.814366
1976300,40.6137,7.425191,0.693847,6.731343,0.599781,0.094066,8.813952
1976400,40.6137,7.425191,0.693847,6.731343,0.599781,0.094066,8.810689
1976500,40.6137,7.425191,0.693847,6.731343,0.599781,0.094066,8.815530
1976600,40.6137,7.425191,0.693847,6.731343,0.599781,0.094066,8.756973
1976700,40.6137,7.425191,0.693847,6.731343,0.599781,0.094066,8.751178
1976800,40.6137,7.425191,0.693847,6.731343,0.599781,0.094066,8.788216
1976900,40.6137,7.425191,0.693847,6.731343,0.599781,0.094066,8.756973
1977000,40.6137,7.425191,0.693847,6.731343,0.599781,0.094066,8.751178
1977100,40.6137,7.425191,0.693847,6.731343,0.599781,0.094066,8.790802
1977200,40.6137,7.425191,0.693847,6.731343,0.599781,0.094066,8.751178
1977300,40.6137,7.425191,0.693847,6.731343,0.599781,0.094066,8.773841
1977400,40.6137,7.425191,0.693847,6.731343,0.599781,0.094066,8.806008
1977500,40.6137,7.425191,0.693847,6.731343,0.599781,0.094066,8.810475
1977600,40.6137,7.425191,0.693847,6.731343,0.599781,0.094066,8.830417
1977700,40.6137,7.425191,0.693847,6.731343,0.599781,0.094066,8.799204
1977800,40.6137,7.425191,0.693847,6.731343,0.599781,0.094066,8.815187
1977900,40.6137,7.425191,0.693847,6.731343,0.599781,0.094066,8.806222
1978000,40.6137,7.425191,0.693847,6.731343,0.599781,0.094066,8.810475
1978100,40.6137,7.425191,0.693847,6.731343,0.599781,0.094066,8.815530
1978200,40.6137,7.425191,0.693847,6.731343,0.599781,0.094066,8.792081
1978300,40.6137,7.425191,0.693847,6.731343,0.599781,0.094066,8.815401
1978400,40.6137,7.425191,0.693847,6.731343,0.599781,0.094066,8.756973
1978500,40.6137,7.425191,0.693847,6.731343,0.599781,0.094066,8.751178
1978600,40.6137,7.425191,0.693847,6.731343,0.599781,0.094066,8.751239
1978700,40.6137,7.425191,0.693847,6.731343,0.599781,0.094066,8.829353
1978800,40.6137,7.425191,0.693847,6.731343,0.599781,0.094066,8.810475
1978900,40.6137,7.425191,0.693847,6.731343,0.599781,0.094066,8.831983
1979000,40.6137,7.425191,0.693847,6.731343,0.599781,0.094066,8.797638
1979100,40.6137,7.425191,0.693847,6.731343,0.599781,0.094066,8.815401
1979200,40.6137,7.425191,0.693847,6.731343,0.599781,0.094066,8.806008
1979300,40.6137,7.425191,0.693847,6.731343,0.599781,0.094066,8.810475
1979400,40.6137,7.425191,0.693847,6.731343,0.599781,0.094066,8.815530
1979500,40.6137,7.425191,0.693847,6.731343,0.599781,0.094066,8.756973
1979600,40.6137,7.425191,0.693847,6.731343,0.599781,0.094066,8.751178
1979700,40.6137,7.425191,0.693847,6.731343,0.599781,0.094066,8.788216
1979800,40.6137,7.425191,0.693847,6.731343,0.599781,0.094066,8.756973
1979900,40.6137,7.425191,0.693847,6.731343,0.599781,0.094066,8.751178
1980000,40.6137,7.425191,0.693847,6.731343,0.599781,0.094066,8.790802
1980100,40.6137,7.425191,0.693847,6.731343,0.599781,0.094066,8.751178
1980200,40.6137,7.425191,0.693847,6.731343,0.599781,0.094066,8.773841
1980300,40.6137,7.425191,0.693847,6.731343,0.599781,0.094066,8.806008
1980400,40.6137,7.425191,0.693847,6.731343,0.599781,0.094066,8.810475
1980500,40.6137,7.425191,0.693847,6.731343,0.599781,0.094066,8.837540
1980600,40.6137,7.425191,0.693847,6.731343,0.599781,0.094066,8.792081
1980700,40.6137,7.425191,0.693847,6.731343,0.599781,0.094066,8.815401
1980800,40.6137,7.425191,0.693847,6.731343,0.599781,0.094066,8.806008
1980900,40.6137,7.425191,0.693847,6.731343,0.599781,0.094066,8.810475
1981000,40.6137,7.425191,0.693847,6.731343,0.599781,0.094066,8.815530
1981100,40.6137,7.425191,0.693847,6.731343,0.599781,0.094066,8.800299
1981200,40.6137,7.425191,0.693847,6.731343,0.599781,0.094066,8.812977
1981300,40.6137,7.425191,0.693847,6.731343,0.599781,0.094066,8.751178
1981400,40.6137,7.425191,0.693847,6.731343,0.599781,0.094066,8.751239
1981500,40.6137,7.425191,0.693847,6.731343,0.599781,0.094066,8.755719
1981600,40.6137,7.425191,0.693847,6.731343,0.599781,0.094066,8.829353
1981700,40.6137,7.425191,0.693847,6.731343,0.599781,0.094066,8.810475
1981800,40.6137,7.425191,0.693847,6.731343,0.599781,0.094066,8.830417
1981900,40.6137,7.425191,0.693847,6.731343,0.599781,0.094066,8.799204
1982000,40.6137,7.425191,0.693847,6.731343,0.599781,0.094066,8.815187
1982100,40.6137,7.425191,0.693847,6.731343,0.599781,0.094066,8.806222
1982200,40.6137,7.425191,0.693847,6.731343,0.599781,0.094066,8.810475
1982300,40.6137,7.425191,0.693847,6.731343,0.599781,0.094066,8.815530
1982400,40.6137,7.425191,0.693847,6.731343,0.599781,0.094066,8.756973
1982500,40.6137,7.425191,0.693847,6.731343,0.599781,0.094066,8.751178
1982600,40.6137,7.425191,0.693847,6.731343,0.599781,0.094066,8.788216
1982700,40.6137,7.425191,0.693847,6.731343,0.599781,0.094066,8.756973
1982800,40.6137,7.425191,0.693847,6.731343,0.599781,0.094066,8.751178
1982900,40.6137,7.425191,0.693847,6.731343,0.599781,0.094066,8.790802
1983000,40.6137,7.425191,0.693847,6.731343,0.599781,0.094066,8.751178
1983100,40.6137,7.425191,0.693847,6.731343,0.599781,0.094066,8.773841
1983200,40.6137,7.425191,0.693847,6.731343,0.599781,0.094066,8.806008
1983300,40.6137,7.425191,0.693847,6.731343,0.599781,0.094066,8.810475
1983400,40.6137,7.425191,0.693847,6.731343,0.599781,0.094066,8.837540
1983500,40.6137,7.425191,0.693847,6.731343,0.599781,0.094066,8.792081
1983600,40.6137,7.425191,0.693847,6.731343,0.599781,0.094066,8.815401
1983700,40.6137,7.425191,0.693847,6.731343,0.599781,0.094066,8.806008
1983800,40.6137,7.425191,0.693847,6.731343,0.599781,0.094066,8.810475
1983900,40.6137,7.425191,0.693847,6.731343,0.599781,0.094066,8.815530
1984000,40.6137,7.425191,0.693847,6.731343,0.599781,0.094066,8.792081
1984100,40.6137,7.425191,0.693847,6.731343,0.599781,0.094066,8.815401
1984200,40.6137,7.425191,0.693847,6.731343,0.599781,0.094066,8.756973
1984300,40.6137,7.425191,0.693847,6.731343,0.599781,0.094066,8.751239
1984400,40.6137,7.425191,0.693847,6.731343,0.599781,0.094066,8.779327
1984500,40.6137,7.425191,0.693847,6.731343,0.599781,0.094066,8.801204
1984600,40.6137,7.425191,0.693847,6.731343,0.599781,0.094066,8.810475
1984700,40.6137,7.425191,0.693847,6.731343,0.599781,0.094066,8.837540
1984800,40.6137,7.425191,0.693847,6.731343,0.599781,0.094066,8.792081
1984900,40.6137,7.425191,0.693847,6.731343,0.599781,0.094066,8.815401
1985000,40.6137,7.425191,0.693847,6.731343,0.599781,0.094066,8.806008
1985100,40.6137,7.425191,0.693847,6.731343,0.599781,0.094066,8.810475
1985200,40.6137,7.425191,0.693847,6.731343,0.599781,0.094066,8.815530
1985300,40.6137,7.425191,0.693847,6.731343,0.599781,0.094066,8.756973
1985400,40.6137,7.425191,0.693847,6.731343,0.599781,0.094066,8.751178
1985500,40.6137,7.425191,0.693847,6.731343,0.599781,0.094066,8.788216
1985600,40.6137,7.425191,0.693847,6.731343,0.599781,0.094066,8.756973
1985700,40.6137,7.425191,0.693847,6.731343,0.599781,0.094066,8.752117
1985800,40.6137,7.425191,0.693847,6.731343,0.599781,0.094066,8.789863
1985900,40.6137,7.425191,0.693847,6.731343,0.599781,0.094066,8.751178
1986000,40.6137,7.425191,0.693847,6.731343,0.599781,0.094066,8.773841
1986100,40.6137,7.425191,0.693847,6.731343,0.599781,0.094066,8.806008
1986200,40.6137,7.425191,0.693847,6.731343,0.599781,0.094066,8.811622
1986300,40.6137,7.425191,0.693847,6.731343,0.599781,0.094066,8.836393
1986400,40.6137,7.425191,0.693847,6.731343,0.599781,0.094066,8.792081
1986500,40.6137,7.425191,0.693847,6.731343,0.599781,0.094066,8.815401
1986600,40.6137,7.425191,0.693847,6.731343,0.599781,0.094066,8.806008
1986700,40.6137,7.425191,0.693847,6.731343,0.599781,0.094066,8.811409
1986800,40.6137,7.425191,0.693847,6.731343,0.599781,0.094066,8.814596
1986900,40.6137,7.425191,0.693847,6.731343,0.599781,0.094066,8.819999
1987000,40.6137,7.425191,0.693847,6.731343,0.599781,0.094066,8.793278
1987100,40.6137,7.425191,0.693847,6.731343,0.599781,0.094066,8.751178
1987200,40.6137,7.425191,0.693847,6.731343,0.599781,0.094066,8.751239
1987300,40.6137,7.425191,0.693847,6.731343,0.599781,0.094066,8.780502
1987400,40.6137,7.425191,0.693847,6.731343,0.599781,0.094066,8.811064
1987500,40.6137,7.425191,0.693847,6.731343,0.599781,0.094066,8.814994
1987600,40.6137,7.425191,0.693847,6.731343,0.599781,0.094066,8.821986
1987700,40.6137,7.425191,0.693847,6.731343,0.599781,0.094066,8.792081
1987800,40.6137,7.425191,0.693847,6.731343,0.599781,0.094066,8.815401
1987900,40.6137,7.425191,0.693847,6.731343,0.599781,0.094066,8.814860
1988000,40.6137,7.425191,0.693847,6.731343,0.599781,0.094066,8.817178
1988100,40.6137,7.425191,0.693847,6.731343,0.599781,0.094066,8.805771
1988200,40.6137,7.425191,0.693847,6.731343,0.599781,0.094066,8.751178
1988300,40.6137,7.425191,0.693847,6.731343,0.599781,0.094066,8.754226
1988400,40.6137,7.425191,0.693847,6.731343,0.599781,0.094066,8.790964
1988500,40.6137,7.425191,0.693847,6.731343,0.599781,0.094066,8.751178
1988600,40.6137,7.425191,0.693847,6.731343,0.599781,0.094066,8.763617
1988700,40.6137,7.425191,0.693847,6.731343,0.599781,0.094066,8.778363
1988800,40.6137,7.425191,0.693847,6.731343,0.599781,0.094066,8.751178
1988900,40.6137,7.425191,0.693847,6.731343,0.599781,0.094066,8.798557
1989000,40.6137,7.425191,0.693847,6.731343,0.599781,0.094066,8.798485
1989100,40.6137,7.425191,0.693847,6.731343,0.599781,0.094066,8.819235
1989200,40.6137,7.425191,0.693847,6.731343,0.599781,0.094066,8.811587
1989300,40.6137,7.425191,0.693847,6.731343,0.599781,0.094066,8.802237
1989400,40.6137,7.425191,0.693847,6.731343,0.599781,0.094066,8.829961
1989500,40.6137,7.425191,0.693847,6.731343,0.599781,0.094066,8.796919
1989600,40.6137,7.425191,0.693847,6.731343,0.599781,0.094066,8.815458
1989700,40.6137,7.425191,0.693847,6.731343,0.599781,0.094066,8.812860
1989800,40.6137,7.425191,0.693847,6.731343,0.599781,0.094066,8.810689
1989900,40.6137,7.425191,0.693847,6.731343,0.599781,0.094066,8.784648
1990000,40.6137,7.425191,0.693847,6.731343,0.599781,0.094066,8.751178
1990100,40.6137,7.425191,0.693847,6.731343,0.599781,0.094066,8.751239
1990200,40.6137,7.425191,0.693847,6.731343,0.599781,0.094066,8.804076
1990300,40.6137,7.425191,0.693847,6.731343,0.599781,0.094066,8.799204
1990400,40.6137,7.425191,0.693847,6.731343,0.599781,0.094066,8.815761
1990500,40.6137,7.425191,0.693847,6.731343,0.599781,0.094066,8.809505
1990600,40.6137,7.425191,0.693847,6.731343,0.599781,0.094066,8.819999
1990700,40.6137,7.425191,0.693847,6.731343,0.599781,0.094066,8.815530
1990800,40.6137,7.425191,0.693847,6.731343,0.599781,0.094066,8.800711
1990900,40.6137,7.425191,0.693847,6.731343,0.599781,0.094066,8.814254
1991000,40.6137,7.425191,0.693847,6.731343,0.599781,0.094066,8.794797
1991100,40.6137,7.425191,0.693847,6.731343,0.599781,0.094066,8.751178
1991200,40.6137,7.425191,0.693847,6.731343,0.599781,0.094066,8.765466
1991300,40.6137,7.425191,0.693847,6.731343,0.599781,0.094066,8.779723
1991400,40.6137,7.425191,0.693847,6.731343,0.599781,0.094066,8.751178
1991500,40.6137,7.425191,0.693847,6.731343,0.599781,0.094066,8.783860
1991600,40.6137,7.425191,0.693847,6.731343,0.599781,0.094066,8.758120
1991700,40.6137,7.425191,0.693847,6.731343,0.599781,0.094066,8.751178
1991800,40.6137,7.425191,0.693847,6.731343,0.599781,0.094066,8.810518
1991900,40.6137,7.425191,0.693847,6.731343,0.599781,0.094066,8.792081
1992000,40.6137,7.425191,0.693847,6.731343,0.599781,0.094066,8.829861
1992100,40.6137,7.425191,0.693847,6.731343,0.599781,0.094066,8.807788
1992200,40.6137,7.425191,0.693847,6.731343,0.599781,0.094066,8.811994
1992300,40.6137,7.425191,0.693847,6.731343,0.599781,0.094066,8.815530
1992400,40.6137,7.425191,0.693847,6.731343,0.599781,0.094066,8.796332
1992500,40.6137,7.425191,0.693847,6.731343,0.599781,0.094066,8.815401
1992600,40.6137,7.425191,0.693847,6.731343,0.599781,0.094066,8.806008
1992700,40.6137,7.425191,0.693847,6.731343,0.599781,0.094066,8.810475
1992800,40.6137,7.425191,0.693847,6.731343,0.599781,0.094066,8.784648
1992900,40.6137,7.425191,0.693847,6.731343,0.599781,0.094066,8.751178
1993000,40.6137,7.425191,0.693847,6.731343,0.599781,0.094066,8.751239
1993100,40.6137,7.425191,0.693847,6.731343,0.599781,0.094066,8.811199
1993200,40.6137,7.425191,0.693847,6.731343,0.599781,0.094066,8.792081
1993300,40.6137,7.425191,0.693847,6.731343,0.599781,0.094066,8.832946
1993400,40.6137,7.425191,0.693847,6.731343,0.599781,0.094066,8.810259
1993500,40.6137,7.425191,0.693847,6.731343,0.599781,0.094066,8.810689
1993600,40.6137,7.425191,0.693847,6.731343,0.599781,0.094066,8.815530
1993700,40.6137,7.425191,0.693847,6.731343,0.599781,0.094066,8.792081
1993800,40.6137,7.425191,0.693847,6.731343,0.599781,0.094066,8.815401
1993900,40.6137,7.425191,0.693847,6.731343,0.599781,0.094066,8.793650
1994000,40.6137,7.425191,0.693847,6.731343,0.599781,0.094066,8.751178
1994100,40.6137,7.425191,0.693847,6.731343,0.599781,0.094066,8.765466
1994200,40.6137,7.425191,0.693847,6.731343,0.599781,0.094066,8.779723
1994300,40.6137,7.425191,0.693847,6.731343,0.599781,0.094066,8.751178
1994400,40.6137,7.425191,0.693847,6.731343,0.599781,0.094066,8.783860
1994500,40.6137,7.425191,0.693847,6.731343,0.599781,0.094066,8.758120
1994600,40.6137,7.425191,0.693847,6.731343,0.599781,0.094066,8.751178
1994700,40.6137,7.425191,0.693847,6.731343,0.599781,0.094066,8.810518
1994800,40.6137,7.425191,0.693847,6.731343,0.599781,0.094066,8.792081
1994900,40.6137,7.425191,0.693847,6.731343,0.599781,0.094066,8.837411
1995000,40.6137,7.425191,0.693847,6.731343,0.599781,0.094066,8.806008
1995100,40.6137,7.425191,0.693847,6.731343,0.599781,0.094066,8.810475
1995200,40.6137,7.425191,0.693847,6.731343,0.599781,0.094066,8.815530
1995300,40.6137,7.425191,0.693847,6.731343,0.599781,0.094066,8.792081
1995400,40.6137,7.425191,0.693847,6.731343,0.599781,0.094066,8.815401
1995500,40.6137,7.425191,0.693847,6.731343,0.599781,0.094066,8.806008
1995600,40.6137,7.425191,0.693847,6.731343,0.599781,0.094066,8.810475
1995700,40.6137,7.425191,0.693847,6.731343,0.599781,0.094066,8.784648
1995800,40.6137,7.425191,0.693847,6.731343,0.599781,0.094066,8.751178
1995900,40.6137,7.425191,0.693847,6.731343,0.599781,0.094066,8.751239
1996000,40.6137,7.425191,0.693847,6.731343,0.599781,0.094066,8.811199
1996100,40.6137,7.425191,0.693847,6.731343,0.599781,0.094066,8.792081
1996200,40.6137,7.425191,0.693847,6.731343,0.599781,0.094066,8.837411
1996300,40.6137,7.425191,0.693847,6.731343,0.599781,0.094066,8.806008
1996400,40.6137,7.425191,0.693847,6.731343,0.599781,0.094066,8.810475
1996500,40.6137,7.425191,0.693847,6.731343,0.599781,0.094066,8.815530
1996600,40.6137,7.425191,0.693847,6.731343,0.599781,0.094066,8.792081
1996700,40.6137,7.425191,0.693847,6.731343,0.599781,0.094066,8.815401
1996800,40.6137,7.425191,0.693847,6.731343,0.599781,0.094066,8.793650
1996900,40.6137,7.425191,0.693847,6.731343,0.599781,0.094066,8.751178
1997000,40.6137,7.425191,0.693847,6.731343,0.599781,0.094066,8.765466
1997100,40.6137,7.425191,0.693847,6.731343,0.599781,0.094066,8.779723
1997200,40.6137,7.425191,0.693847,6.731343,0.599781,0.094066,8.751178
1997300,40.6137,7.425191,0.693847,6.731343,0.599781,0.094066,8.783860
1997400,40.6137,7.425191,0.693847,6.731343,0.599781,0.094066,8.758120
1997500,40.6137,7.425191,0.693847,6.731343,0.599781,0.094066,8.751178
1997600,40.6137,7.425191,0.693847,6.731343,0.599781,0.094066,8.810518
1997700,40.6137,7.425191,0.693847,6.731343,0.599781,0.094066,8.802237
1997800,40.6137,7.425191,0.693847,6.731343,0.599781,0.094066,8.827255
1997900,40.6137,7.425191,0.693847,6.731343,0.599781,0.094066,8.806008
1998000,40.6137,7.425191,0.693847,6.731343,0.599781,0.094066,8.810475
1998100,40.6137,7.425191,0.693847,6.731343,0.599781,0.094066,8.815530
1998200,40.6137,7.425191,0.693847,6.731343,0.599781,0.094066,8.800299
1998300,40.6137,7.425191,0.693847,6.731343,0.599781,0.094066,8.831898
1998400,40.6137,7.425191,0.693847,6.731343,0.599781,0.094066,8.796919
1998500,40.6137,7.425191,0.693847,6.731343,0.599781,0.094066,8.811969
1998600,40.6137,7.425191,0.693847,6.731343,0.599781,0.094066,8.767528
1998700,40.6137,7.425191,0.693847,6.731343,0.599781,0.094066,8.751178
1998800,40.6137,7.425191,0.693847,6.731343,0.599781,0.094066,8.751239
1998900,40.6137,7.425191,0.693847,6.731343,0.599781,0.094066,8.811199
1999000,40.6137,7.425191,0.693847,6.731343,0.599781,0.094066,8.807293
1999100,40.6137,7.425191,0.693847,6.731343,0.599781,0.094066,8.822199
1999200,40.6137,7.425191,0.693847,6.731343,0.599781,0.094066,8.806008
1999300,40.6137,7.425191,0.693847,6.731343,0.599781,0.094066,8.810475
1999400,40.6137,7.425191,0.693847,6.731343,0.599781,0.094066,8.815530
1999500,40.6137,7.425191,0.693847,6.731343,0.599781,0.094066,8.806201
1999600,40.6137,7.425191,0.693847,6.731343,0.599781,0.094066,8.826930
1999700,40.6137,7.425191,0.693847,6.731343,0.599781,0.094066,8.768000
1999800,40.6137,7.425191,0.693847,6.731343,0.599781,0.094066,8.751178
1999900,40.6137,7.425191,0.693847,6.731343,0.599781,0.094066,8.781093
