Cycle,Area(mm^2),PeakDynamic(W),SubthresholdLeakage(W),GateLeakage(W),RunTimeDynamic(W)
3000000,0.0324,0.013523,0.002678,0.000431,0.347296
3001000,0.0324,0.013523,0.002678,0.000431,0.349176
3002000,0.0324,0.013523,0.002678,0.000431,0.345768
3003000,0.0324,0.013523,0.002678,0.000431,0.324965
3004000,0.0324,0.013523,0.002678,0.000431,0.309922
3005000,0.0324,0.013523,0.002678,0.000431,0.313565
3006000,0.0324,0.013523,0.002678,0.000431,0.311215
3007000,0.0324,0.013523,0.002678,0.000431,0.332957
3008000,0.0324,0.013523,0.002678,0.000431,0.354465
3009000,0.0324,0.013523,0.002678,0.000431,0.331312
3010000,0.0324,0.013523,0.002678,0.000431,0.330019
3011000,0.0324,0.013523,0.002678,0.000431,0.352114
3012000,0.0324,0.013523,0.002678,0.000431,0.335190
3013000,0.0324,0.013523,0.002678,0.000431,0.312390
3014000,0.0324,0.013523,0.002678,0.000431,0.312742
3015000,0.0324,0.013523,0.002678,0.000431,0.322967
3016000,0.0324,0.013523,0.002678,0.000431,0.331900
3017000,0.0324,0.013523,0.002678,0.000431,0.354935
3018000,0.0324,0.013523,0.002678,0.000431,0.321087
3019000,0.0324,0.013523,0.002678,0.000431,0.327786
3020000,0.0324,0.013523,0.002678,0.000431,0.329667
3021000,0.0324,0.013523,0.002678,0.000431,0.348236
3022000,0.0324,0.013523,0.002678,0.000431,0.357168
3023000,0.0324,0.013523,0.002678,0.000431,0.351997
3024000,0.0324,0.013523,0.002678,0.000431,0.341537
3025000,0.0324,0.013523,0.002678,0.000431,0.342712
3026000,0.0324,0.013523,0.002678,0.000431,0.364807
3027000,0.0324,0.013523,0.002678,0.000431,0.344710
3028000,0.0324,0.013523,0.002678,0.000431,0.354700
3029000,0.0324,0.013523,0.002678,0.000431,0.328961
3030000,0.0324,0.013523,0.002678,0.000431,0.347883
3031000,0.0324,0.013523,0.002678,0.000431,0.342595
3032000,0.0324,0.013523,0.002678,0.000431,0.325671
3033000,0.0324,0.013523,0.002678,0.000431,0.298287
3034000,0.0324,0.013523,0.002678,0.000431,0.316268
3035000,0.0324,0.013523,0.002678,0.000431,0.340362
3036000,0.0324,0.013523,0.002678,0.000431,0.365513
3037000,0.0324,0.013523,0.002678,0.000431,0.356110
3038000,0.0324,0.013523,0.002678,0.000431,0.324025
3039000,0.0324,0.013523,0.002678,0.000431,0.345650
3040000,0.0324,0.013523,0.002678,0.000431,0.319207
3041000,0.0324,0.013523,0.002678,0.000431,0.351057
3042000,0.0324,0.013523,0.002678,0.000431,0.342360
3043000,0.0324,0.013523,0.002678,0.000431,0.326141
3044000,0.0324,0.013523,0.002678,0.000431,0.308864
3045000,0.0324,0.013523,0.002678,0.000431,0.311685
3046000,0.0324,0.013523,0.002678,0.000431,0.331312
3047000,0.0324,0.013523,0.002678,0.000431,0.324378
3048000,0.0324,0.013523,0.002678,0.000431,0.337658
3049000,0.0324,0.013523,0.002678,0.000431,0.338364
3050000,0.0324,0.013523,0.002678,0.000431,0.343182
3051000,0.0324,0.013523,0.002678,0.000431,0.313448
3052000,0.0324,0.013523,0.002678,0.000431,0.322497
3053000,0.0324,0.013523,0.002678,0.000431,0.318501
3054000,0.0324,0.013523,0.002678,0.000431,0.315328
3055000,0.0324,0.013523,0.002678,0.000431,0.330724
3056000,0.0324,0.013523,0.002678,0.000431,0.363632
3057000,0.0324,0.013523,0.002678,0.000431,0.368803
3058000,0.0324,0.013523,0.002678,0.000431,0.358343
3059000,0.0324,0.013523,0.002678,0.000431,0.347413
3060000,0.0324,0.013523,0.002678,0.000431,0.346591
3061000,0.0324,0.013523,0.002678,0.000431,0.366570
3062000,0.0324,0.013523,0.002678,0.000431,0.333663
3063000,0.0324,0.013523,0.002678,0.000431,0.321792
3064000,0.0324,0.013523,0.002678,0.000431,0.325906
3065000,0.0324,0.013523,0.002678,0.000431,0.333780
3066000,0.0324,0.013523,0.002678,0.000431,0.332722
3067000,0.0324,0.013523,0.002678,0.000431,0.337776
3068000,0.0324,0.013523,0.002678,0.000431,0.325318
3069000,0.0324,0.013523,0.002678,0.000431,0.336601
3070000,0.0324,0.013523,0.002678,0.000431,0.350116
3071000,0.0324,0.013523,0.002678,0.000431,0.337423
3072000,0.0324,0.013523,0.002678,0.000431,0.321322
3073000,0.0324,0.013523,0.002678,0.000431,0.312272
3074000,0.0324,0.013523,0.002678,0.000431,0.315446
3075000,0.0324,0.013523,0.002678,0.000431,0.331900
3076000,0.0324,0.013523,0.002678,0.000431,0.330372
3077000,0.0324,0.013523,0.002678,0.000431,0.327316
3078000,0.0324,0.013523,0.002678,0.000431,0.320852
3079000,0.0324,0.013523,0.002678,0.000431,0.346826
3080000,0.0324,0.013523,0.002678,0.000431,0.332722
3081000,0.0324,0.013523,0.002678,0.000431,0.346591
3082000,0.0324,0.013523,0.002678,0.000431,0.345063
3083000,0.0324,0.013523,0.002678,0.000431,0.311567
3084000,0.0324,0.013523,0.002678,0.000431,0.321557
3085000,0.0324,0.013523,0.002678,0.000431,0.337658
3086000,0.0324,0.013523,0.002678,0.000431,0.333075
3087000,0.0324,0.013523,0.002678,0.000431,0.335543
3088000,0.0324,0.013523,0.002678,0.000431,0.320264
3089000,0.0324,0.013523,0.002678,0.000431,0.342242
3090000,0.0324,0.013523,0.002678,0.000431,0.351997
3091000,0.0324,0.013523,0.002678,0.000431,0.330489
3092000,0.0324,0.013523,0.002678,0.000431,0.342477
3093000,0.0324,0.013523,0.002678,0.000431,0.355405
3094000,0.0324,0.013523,0.002678,0.000431,0.330959
3095000,0.0324,0.013523,0.002678,0.000431,0.330959
3096000,0.0324,0.013523,0.002678,0.000431,0.324495
3097000,0.0324,0.013523,0.002678,0.000431,0.321087
3098000,0.0324,0.013523,0.002678,0.000431,0.339774
3099000,0.0324,0.013523,0.002678,0.000431,0.317561
3100000,0.0324,0.013523,0.002678,0.000431,0.329314
3101000,0.0324,0.013523,0.002678,0.000431,0.318149
3102000,0.0324,0.013523,0.002678,0.000431,0.342830
3103000,0.0324,0.013523,0.002678,0.000431,0.330842
3104000,0.0324,0.013523,0.002678,0.000431,0.333780
3105000,0.0324,0.013523,0.002678,0.000431,0.344710
3106000,0.0324,0.013523,0.002678,0.000431,0.345180
3107000,0.0324,0.013523,0.002678,0.000431,0.335660
3108000,0.0324,0.013523,0.002678,0.000431,0.340127
3109000,0.0324,0.013523,0.002678,0.000431,0.350939
3110000,0.0324,0.013523,0.002678,0.000431,0.340714
3111000,0.0324,0.013523,0.002678,0.000431,0.337541
3112000,0.0324,0.013523,0.002678,0.000431,0.332370
3113000,0.0324,0.013523,0.002678,0.000431,0.294291
3114000,0.0324,0.013523,0.002678,0.000431,0.329314
3115000,0.0324,0.013523,0.002678,0.000431,0.321440
3116000,0.0324,0.013523,0.002678,0.000431,0.326846
3117000,0.0324,0.013523,0.002678,0.000431,0.307454
3118000,0.0324,0.013523,0.002678,0.000431,0.351527
3119000,0.0324,0.013523,0.002678,0.000431,0.302282
3120000,0.0324,0.013523,0.002678,0.000431,0.325318
3121000,0.0324,0.013523,0.002678,0.000431,0.312742
3122000,0.0324,0.013523,0.002678,0.000431,0.293585
3123000,0.0324,0.013523,0.002678,0.000431,0.287474
3124000,0.0324,0.013523,0.002678,0.000431,0.312978
3125000,0.0324,0.013523,0.002678,0.000431,0.309334
3126000,0.0324,0.013523,0.002678,0.000431,0.294291
3127000,0.0324,0.013523,0.002678,0.000431,0.324143
3128000,0.0324,0.013523,0.002678,0.000431,0.312507
3129000,0.0324,0.013523,0.002678,0.000431,0.315328
3130000,0.0324,0.013523,0.002678,0.000431,0.337071
3131000,0.0324,0.013523,0.002678,0.000431,0.321440
3132000,0.0324,0.013523,0.002678,0.000431,0.331077
3133000,0.0324,0.013523,0.002678,0.000431,0.331312
3134000,0.0324,0.013523,0.002678,0.000431,0.327081
3135000,0.0324,0.013523,0.002678,0.000431,0.304633
3136000,0.0324,0.013523,0.002678,0.000431,0.338599
3137000,0.0324,0.013523,0.002678,0.000431,0.338834
3138000,0.0324,0.013523,0.002678,0.000431,0.323555
3139000,0.0324,0.013523,0.002678,0.000431,0.340479
3140000,0.0324,0.013523,0.002678,0.000431,0.327904
3141000,0.0324,0.013523,0.002678,0.000431,0.330724
3142000,0.0324,0.013523,0.002678,0.000431,0.337541
3143000,0.0324,0.013523,0.002678,0.000431,0.329196
3144000,0.0324,0.013523,0.002678,0.000431,0.316386
3145000,0.0324,0.013523,0.002678,0.000431,0.312390
3146000,0.0324,0.013523,0.002678,0.000431,0.332957
3147000,0.0324,0.013523,0.002678,0.000431,0.321557
3148000,0.0324,0.013523,0.002678,0.000431,0.322145
3149000,0.0324,0.013523,0.002678,0.000431,0.340714
3150000,0.0324,0.013523,0.002678,0.000431,0.331194
3151000,0.0324,0.013523,0.002678,0.000431,0.343182
3152000,0.0324,0.013523,0.002678,0.000431,0.339421
3153000,0.0324,0.013523,0.002678,0.000431,0.354583
3154000,0.0324,0.013523,0.002678,0.000431,0.335778
3155000,0.0324,0.013523,0.002678,0.000431,0.344123
3156000,0.0324,0.013523,0.002678,0.000431,0.356933
3157000,0.0324,0.013523,0.002678,0.000431,0.338011
3158000,0.0324,0.013523,0.002678,0.000431,0.337071
3159000,0.0324,0.013523,0.002678,0.000431,0.350704
3160000,0.0324,0.013523,0.002678,0.000431,0.339069
3161000,0.0324,0.013523,0.002678,0.000431,0.324495
3162000,0.0324,0.013523,0.002678,0.000431,0.295936
3163000,0.0324,0.013523,0.002678,0.000431,0.298757
3164000,0.0324,0.013523,0.002678,0.000431,0.326728
3165000,0.0324,0.013523,0.002678,0.000431,0.328844
3166000,0.0324,0.013523,0.002678,0.000431,0.324848
3167000,0.0324,0.013523,0.002678,0.000431,0.339069
3168000,0.0324,0.013523,0.002678,0.000431,0.329079
3169000,0.0324,0.013523,0.002678,0.000431,0.326376
3170000,0.0324,0.013523,0.002678,0.000431,0.337188
3171000,0.0324,0.013523,0.002678,0.000431,0.341889
3172000,0.0324,0.013523,0.002678,0.000431,0.350116
3173000,0.0324,0.013523,0.002678,0.000431,0.346826
3174000,0.0324,0.013523,0.002678,0.000431,0.331900
3175000,0.0324,0.013523,0.002678,0.000431,0.334133
3176000,0.0324,0.013523,0.002678,0.000431,0.352349
3177000,0.0324,0.013523,0.002678,0.000431,0.362457
3178000,0.0324,0.013523,0.002678,0.000431,0.357638
3179000,0.0324,0.013523,0.002678,0.000431,0.340362
3180000,0.0324,0.013523,0.002678,0.000431,0.322262
3181000,0.0324,0.013523,0.002678,0.000431,0.329549
3182000,0.0324,0.013523,0.002678,0.000431,0.325436
3183000,0.0324,0.013523,0.002678,0.000431,0.330724
3184000,0.0324,0.013523,0.002678,0.000431,0.326023
3185000,0.0324,0.013523,0.002678,0.000431,0.333310
3186000,0.0324,0.013523,0.002678,0.000431,0.333310
3187000,0.0324,0.013523,0.002678,0.000431,0.335543
3188000,0.0324,0.013523,0.002678,0.000431,0.344945
3189000,0.0324,0.013523,0.002678,0.000431,0.338716
3190000,0.0324,0.013523,0.002678,0.000431,0.323085
3191000,0.0324,0.013523,0.002678,0.000431,0.350469
3192000,0.0324,0.013523,0.002678,0.000431,0.348001
3193000,0.0324,0.013523,0.002678,0.000431,0.332722
3194000,0.0324,0.013523,0.002678,0.000431,0.323438
3195000,0.0324,0.013523,0.002678,0.000431,0.338834
3196000,0.0324,0.013523,0.002678,0.000431,0.333075
3197000,0.0324,0.013523,0.002678,0.000431,0.347061
3198000,0.0324,0.013523,0.002678,0.000431,0.329549
3199000,0.0324,0.013523,0.002678,0.000431,0.328491
3200000,0.0324,0.013523,0.002678,0.000431,0.329314
3201000,0.0324,0.013523,0.002678,0.000431,0.337894
3202000,0.0324,0.013523,0.002678,0.000431,0.344593
3203000,0.0324,0.013523,0.002678,0.000431,0.332957
3204000,0.0324,0.013523,0.002678,0.000431,0.315916
3205000,0.0324,0.013523,0.002678,0.000431,0.317914
3206000,0.0324,0.013523,0.002678,0.000431,0.333545
3207000,0.0324,0.013523,0.002678,0.000431,0.336836
3208000,0.0324,0.013523,0.002678,0.000431,0.321675
3209000,0.0324,0.013523,0.002678,0.000431,0.387138
3210000,0.0324,0.013523,0.002678,0.000431,0.385845
3211000,0.0324,0.013523,0.002678,0.000431,0.346943
3212000,0.0324,0.013523,0.002678,0.000431,0.349764
3213000,0.0324,0.013523,0.002678,0.000431,0.357521
3214000,0.0324,0.013523,0.002678,0.000431,0.324495
3215000,0.0324,0.013523,0.002678,0.000431,0.360929
3216000,0.0324,0.013523,0.002678,0.000431,0.353172
3217000,0.0324,0.013523,0.002678,0.000431,0.332487
3218000,0.0324,0.013523,0.002678,0.000431,0.337188
3219000,0.0324,0.013523,0.002678,0.000431,0.353877
3220000,0.0324,0.013523,0.002678,0.000431,0.348706
3221000,0.0324,0.013523,0.002678,0.000431,0.335896
3222000,0.0324,0.013523,0.002678,0.000431,0.331429
3223000,0.0324,0.013523,0.002678,0.000431,0.326258
3224000,0.0324,0.013523,0.002678,0.000431,0.326376
3225000,0.0324,0.013523,0.002678,0.000431,0.361869
3226000,0.0324,0.013523,0.002678,0.000431,0.331312
3227000,0.0324,0.013523,0.002678,0.000431,0.350587
3228000,0.0324,0.013523,0.002678,0.000431,0.327316
3229000,0.0324,0.013523,0.002678,0.000431,0.320499
3230000,0.0324,0.013523,0.002678,0.000431,0.337776
3231000,0.0324,0.013523,0.002678,0.000431,0.348824
3232000,0.0324,0.013523,0.002678,0.000431,0.327316
3233000,0.0324,0.013523,0.002678,0.000431,0.352232
3234000,0.0324,0.013523,0.002678,0.000431,0.340244
3235000,0.0324,0.013523,0.002678,0.000431,0.333898
3236000,0.0324,0.013523,0.002678,0.000431,0.324848
3237000,0.0324,0.013523,0.002678,0.000431,0.317326
3238000,0.0324,0.013523,0.002678,0.000431,0.351527
3239000,0.0324,0.013523,0.002678,0.000431,0.347296
3240000,0.0324,0.013523,0.002678,0.000431,0.332017
3241000,0.0324,0.013523,0.002678,0.000431,0.320852
3242000,0.0324,0.013523,0.002678,0.000431,0.306866
3243000,0.0324,0.013523,0.002678,0.000431,0.322732
3244000,0.0324,0.013523,0.002678,0.000431,0.327198
3245000,0.0324,0.013523,0.002678,0.000431,0.341537
3246000,0.0324,0.013523,0.002678,0.000431,0.335190
3247000,0.0324,0.013523,0.002678,0.000431,0.329314
3248000,0.0324,0.013523,0.002678,0.000431,0.309922
3249000,0.0324,0.013523,0.002678,0.000431,0.325671
3250000,0.0324,0.013523,0.002678,0.000431,0.307689
3251000,0.0324,0.013523,0.002678,0.000431,0.323320
3252000,0.0324,0.013523,0.002678,0.000431,0.316503
3253000,0.0324,0.013523,0.002678,0.000431,0.308041
3254000,0.0324,0.013523,0.002678,0.000431,0.312742
3255000,0.0324,0.013523,0.002678,0.000431,0.327786
3256000,0.0324,0.013523,0.002678,0.000431,0.319559
3257000,0.0324,0.013523,0.002678,0.000431,0.320029
3258000,0.0324,0.013523,0.002678,0.000431,0.331194
3259000,0.0324,0.013523,0.002678,0.000431,0.330254
3260000,0.0324,0.013523,0.002678,0.000431,0.325671
3261000,0.0324,0.013523,0.002678,0.000431,0.319089
3262000,0.0324,0.013523,0.002678,0.000431,0.315328
3263000,0.0324,0.013523,0.002678,0.000431,0.343065
3264000,0.0324,0.013523,0.002678,0.000431,0.317444
3265000,0.0324,0.013523,0.002678,0.000431,0.323790
3266000,0.0324,0.013523,0.002678,0.000431,0.336601
3267000,0.0324,0.013523,0.002678,0.000431,0.332370
3268000,0.0324,0.013523,0.002678,0.000431,0.343065
3269000,0.0324,0.013523,0.002678,0.000431,0.348354
3270000,0.0324,0.013523,0.002678,0.000431,0.336953
3271000,0.0324,0.013523,0.002678,0.000431,0.332135
3272000,0.0324,0.013523,0.002678,0.000431,0.360576
3273000,0.0324,0.013523,0.002678,0.000431,0.335190
3274000,0.0324,0.013523,0.002678,0.000431,0.342477
3275000,0.0324,0.013523,0.002678,0.000431,0.322967
3276000,0.0324,0.013523,0.002678,0.000431,0.314505
3277000,0.0324,0.013523,0.002678,0.000431,0.318384
3278000,0.0324,0.013523,0.002678,0.000431,0.304986
3279000,0.0324,0.013523,0.002678,0.000431,0.311802
3280000,0.0324,0.013523,0.002678,0.000431,0.325553
3281000,0.0324,0.013523,0.002678,0.000431,0.297816
3282000,0.0324,0.013523,0.002678,0.000431,0.314270
3283000,0.0324,0.013523,0.002678,0.000431,0.323438
3284000,0.0324,0.013523,0.002678,0.000431,0.336131
3285000,0.0324,0.013523,0.002678,0.000431,0.344005
3286000,0.0324,0.013523,0.002678,0.000431,0.326728
3287000,0.0324,0.013523,0.002678,0.000431,0.309569
3288000,0.0324,0.013523,0.002678,0.000431,0.304751
3289000,0.0324,0.013523,0.002678,0.000431,0.323203
3290000,0.0324,0.013523,0.002678,0.000431,0.337658
3291000,0.0324,0.013523,0.002678,0.000431,0.323203
3292000,0.0324,0.013523,0.002678,0.000431,0.328256
3293000,0.0324,0.013523,0.002678,0.000431,0.319207
3294000,0.0324,0.013523,0.002678,0.000431,0.317561
3295000,0.0324,0.013523,0.002678,0.000431,0.321675
3296000,0.0324,0.013523,0.002678,0.000431,0.316856
3297000,0.0324,0.013523,0.002678,0.000431,0.346120
3298000,0.0324,0.013523,0.002678,0.000431,0.315563
3299000,0.0324,0.013523,0.002678,0.000431,0.319912
3300000,0.0324,0.013523,0.002678,0.000431,0.320852
3301000,0.0324,0.013523,0.002678,0.000431,0.324143
3302000,0.0324,0.013523,0.002678,0.000431,0.304398
3303000,0.0324,0.013523,0.002678,0.000431,0.302635
3304000,0.0324,0.013523,0.002678,0.000431,0.320382
3305000,0.0324,0.013523,0.002678,0.000431,0.313448
3306000,0.0324,0.013523,0.002678,0.000431,0.336366
3307000,0.0324,0.013523,0.002678,0.000431,0.316621
3308000,0.0324,0.013523,0.002678,0.000431,0.344123
3309000,0.0324,0.013523,0.002678,0.000431,0.325200
3310000,0.0324,0.013523,0.002678,0.000431,0.325436
3311000,0.0324,0.013523,0.002678,0.000431,0.326963
3312000,0.0324,0.013523,0.002678,0.000431,0.334250
3313000,0.0324,0.013523,0.002678,0.000431,0.314270
3314000,0.0324,0.013523,0.002678,0.000431,0.307571
3315000,0.0324,0.013523,0.002678,0.000431,0.320382
3316000,0.0324,0.013523,0.002678,0.000431,0.315211
3317000,0.0324,0.013523,0.002678,0.000431,0.316503
3318000,0.0324,0.013523,0.002678,0.000431,0.302400
3319000,0.0324,0.013523,0.002678,0.000431,0.305691
3320000,0.0324,0.013523,0.002678,0.000431,0.323438
3321000,0.0324,0.013523,0.002678,0.000431,0.333663
3322000,0.0324,0.013523,0.002678,0.000431,0.332252
3323000,0.0324,0.013523,0.002678,0.000431,0.305338
3324000,0.0324,0.013523,0.002678,0.000431,0.319324
3325000,0.0324,0.013523,0.002678,0.000431,0.315916
3326000,0.0324,0.013523,0.002678,0.000431,0.329314
3327000,0.0324,0.013523,0.002678,0.000431,0.322967
3328000,0.0324,0.013523,0.002678,0.000431,0.326493
3329000,0.0324,0.013523,0.002678,0.000431,0.317209
3330000,0.0324,0.013523,0.002678,0.000431,0.304398
3331000,0.0324,0.013523,0.002678,0.000431,0.293938
3332000,0.0324,0.013523,0.002678,0.000431,0.314976
3333000,0.0324,0.013523,0.002678,0.000431,0.312860
3334000,0.0324,0.013523,0.002678,0.000431,0.316738
3335000,0.0324,0.013523,0.002678,0.000431,0.321440
3336000,0.0324,0.013523,0.002678,0.000431,0.319912
3337000,0.0324,0.013523,0.002678,0.000431,0.346238
3338000,0.0324,0.013523,0.002678,0.000431,0.350822
3339000,0.0324,0.013523,0.002678,0.000431,0.322732
3340000,0.0324,0.013523,0.002678,0.000431,0.316856
3341000,0.0324,0.013523,0.002678,0.000431,0.312978
3342000,0.0324,0.013523,0.002678,0.000431,0.298992
3343000,0.0324,0.013523,0.002678,0.000431,0.331077
3344000,0.0324,0.013523,0.002678,0.000431,0.326258
3345000,0.0324,0.013523,0.002678,0.000431,0.337071
3346000,0.0324,0.013523,0.002678,0.000431,0.319912
3347000,0.0324,0.013523,0.002678,0.000431,0.320969
3348000,0.0324,0.013523,0.002678,0.000431,0.301460
3349000,0.0324,0.013523,0.002678,0.000431,0.296053
3350000,0.0324,0.013523,0.002678,0.000431,0.309099
3351000,0.0324,0.013523,0.002678,0.000431,0.322497
3352000,0.0324,0.013523,0.002678,0.000431,0.324378
3353000,0.0324,0.013523,0.002678,0.000431,0.324025
3354000,0.0324,0.013523,0.002678,0.000431,0.329667
3355000,0.0324,0.013523,0.002678,0.000431,0.318031
3356000,0.0324,0.013523,0.002678,0.000431,0.311920
3357000,0.0324,0.013523,0.002678,0.000431,0.318854
3358000,0.0324,0.013523,0.002678,0.000431,0.302870
3359000,0.0324,0.013523,0.002678,0.000431,0.316268
3360000,0.0324,0.013523,0.002678,0.000431,0.319324
3361000,0.0324,0.013523,0.002678,0.000431,0.318384
3362000,0.0324,0.013523,0.002678,0.000431,0.308511
3363000,0.0324,0.013523,0.002678,0.000431,0.303223
3364000,0.0324,0.013523,0.002678,0.000431,0.301107
3365000,0.0324,0.013523,0.002678,0.000431,0.323908
3366000,0.0324,0.013523,0.002678,0.000431,0.292880
3367000,0.0324,0.013523,0.002678,0.000431,0.306278
3368000,0.0324,0.013523,0.002678,0.000431,0.301695
3369000,0.0324,0.013523,0.002678,0.000431,0.306631
3370000,0.0324,0.013523,0.002678,0.000431,0.328256
3371000,0.0324,0.013523,0.002678,0.000431,0.291470
3372000,0.0324,0.013523,0.002678,0.000431,0.298169
3373000,0.0324,0.013523,0.002678,0.000431,0.294878
3374000,0.0324,0.013523,0.002678,0.000431,0.310157
3375000,0.0324,0.013523,0.002678,0.000431,0.326963
3376000,0.0324,0.013523,0.002678,0.000431,0.309334
3377000,0.0324,0.013523,0.002678,0.000431,0.331194
3378000,0.0324,0.013523,0.002678,0.000431,0.324143
3379000,0.0324,0.013523,0.002678,0.000431,0.329549
3380000,0.0324,0.013523,0.002678,0.000431,0.316621
3381000,0.0324,0.013523,0.002678,0.000431,0.299462
3382000,0.0324,0.013523,0.002678,0.000431,0.302753
3383000,0.0324,0.013523,0.002678,0.000431,0.315916
3384000,0.0324,0.013523,0.002678,0.000431,0.312390
3385000,0.0324,0.013523,0.002678,0.000431,0.327669
3386000,0.0324,0.013523,0.002678,0.000431,0.333310
3387000,0.0324,0.013523,0.002678,0.000431,0.316033
3388000,0.0324,0.013523,0.002678,0.000431,0.302988
3389000,0.0324,0.013523,0.002678,0.000431,0.286181
3390000,0.0324,0.013523,0.002678,0.000431,0.310274
3391000,0.0324,0.013523,0.002678,0.000431,0.303340
3392000,0.0324,0.013523,0.002678,0.000431,0.325788
3393000,0.0324,0.013523,0.002678,0.000431,0.345650
3394000,0.0324,0.013523,0.002678,0.000431,0.342360
3395000,0.0324,0.013523,0.002678,0.000431,0.346003
3396000,0.0324,0.013523,0.002678,0.000431,0.306161
3397000,0.0324,0.013523,0.002678,0.000431,0.319207
3398000,0.0324,0.013523,0.002678,0.000431,0.345768
3399000,0.0324,0.013523,0.002678,0.000431,0.366923
3400000,0.0324,0.013523,0.002678,0.000431,0.339069
3401000,0.0324,0.013523,0.002678,0.000431,0.344593
3402000,0.0324,0.013523,0.002678,0.000431,0.329196
3403000,0.0324,0.013523,0.002678,0.000431,0.334250
3404000,0.0324,0.013523,0.002678,0.000431,0.320734
3405000,0.0324,0.013523,0.002678,0.000431,0.287827
3406000,0.0324,0.013523,0.002678,0.000431,0.326258
3407000,0.0324,0.013523,0.002678,0.000431,0.335660
3408000,0.0324,0.013523,0.002678,0.000431,0.327198
3409000,0.0324,0.013523,0.002678,0.000431,0.318149
3410000,0.0324,0.013523,0.002678,0.000431,0.316974
3411000,0.0324,0.013523,0.002678,0.000431,0.365043
3412000,0.0324,0.013523,0.002678,0.000431,0.362339
3413000,0.0324,0.013523,0.002678,0.000431,0.377148
3414000,0.0324,0.013523,0.002678,0.000431,0.339186
3415000,0.0324,0.013523,0.002678,0.000431,0.317679
3416000,0.0324,0.013523,0.002678,0.000431,0.335543
3417000,0.0324,0.013523,0.002678,0.000431,0.322262
3418000,0.0324,0.013523,0.002678,0.000431,0.325553
3419000,0.0324,0.013523,0.002678,0.000431,0.314623
3420000,0.0324,0.013523,0.002678,0.000431,0.319794
3421000,0.0324,0.013523,0.002678,0.000431,0.310509
3422000,0.0324,0.013523,0.002678,0.000431,0.300049
3423000,0.0324,0.013523,0.002678,0.000431,0.310039
3424000,0.0324,0.013523,0.002678,0.000431,0.304163
3425000,0.0324,0.013523,0.002678,0.000431,0.302282
3426000,0.0324,0.013523,0.002678,0.000431,0.305456
3427000,0.0324,0.013523,0.002678,0.000431,0.321087
3428000,0.0324,0.013523,0.002678,0.000431,0.332722
3429000,0.0324,0.013523,0.002678,0.000431,0.335896
3430000,0.0324,0.013523,0.002678,0.000431,0.335190
3431000,0.0324,0.013523,0.002678,0.000431,0.341067
3432000,0.0324,0.013523,0.002678,0.000431,0.326728
3433000,0.0324,0.013523,0.002678,0.000431,0.319207
3434000,0.0324,0.013523,0.002678,0.000431,0.312625
3435000,0.0324,0.013523,0.002678,0.000431,0.306161
3436000,0.0324,0.013523,0.002678,0.000431,0.312978
3437000,0.0324,0.013523,0.002678,0.000431,0.314976
3438000,0.0324,0.013523,0.002678,0.000431,0.306631
3439000,0.0324,0.013523,0.002678,0.000431,0.319089
3440000,0.0324,0.013523,0.002678,0.000431,0.326258
3441000,0.0324,0.013523,0.002678,0.000431,0.309569
3442000,0.0324,0.013523,0.002678,0.000431,0.321557
3443000,0.0324,0.013523,0.002678,0.000431,0.315093
3444000,0.0324,0.013523,0.002678,0.000431,0.318854
3445000,0.0324,0.013523,0.002678,0.000431,0.303575
3446000,0.0324,0.013523,0.002678,0.000431,0.335896
3447000,0.0324,0.013523,0.002678,0.000431,0.319442
3448000,0.0324,0.013523,0.002678,0.000431,0.320969
3449000,0.0324,0.013523,0.002678,0.000431,0.329784
3450000,0.0324,0.013523,0.002678,0.000431,0.321675
3451000,0.0324,0.013523,0.002678,0.000431,0.319912
3452000,0.0324,0.013523,0.002678,0.000431,0.303575
3453000,0.0324,0.013523,0.002678,0.000431,0.321910
3454000,0.0324,0.013523,0.002678,0.000431,0.314388
3455000,0.0324,0.013523,0.002678,0.000431,0.335308
3456000,0.0324,0.013523,0.002678,0.000431,0.316621
3457000,0.0324,0.013523,0.002678,0.000431,0.306984
3458000,0.0324,0.013523,0.002678,0.000431,0.322615
3459000,0.0324,0.013523,0.002678,0.000431,0.322850
3460000,0.0324,0.013523,0.002678,0.000431,0.312390
3461000,0.0324,0.013523,0.002678,0.000431,0.325788
3462000,0.0324,0.013523,0.002678,0.000431,0.326141
3463000,0.0324,0.013523,0.002678,0.000431,0.309217
3464000,0.0324,0.013523,0.002678,0.000431,0.326963
3465000,0.0324,0.013523,0.002678,0.000431,0.297229
3466000,0.0324,0.013523,0.002678,0.000431,0.330137
3467000,0.0324,0.013523,0.002678,0.000431,0.337423
3468000,0.0324,0.013523,0.002678,0.000431,0.332252
3469000,0.0324,0.013523,0.002678,0.000431,0.320617
3470000,0.0324,0.013523,0.002678,0.000431,0.307101
3471000,0.0324,0.013523,0.002678,0.000431,0.305103
3472000,0.0324,0.013523,0.002678,0.000431,0.308511
3473000,0.0324,0.013523,0.002678,0.000431,0.303928
3474000,0.0324,0.013523,0.002678,0.000431,0.335660
3475000,0.0324,0.013523,0.002678,0.000431,0.304045
3476000,0.0324,0.013523,0.002678,0.000431,0.286064
3477000,0.0324,0.013523,0.002678,0.000431,0.310157
3478000,0.0324,0.013523,0.002678,0.000431,0.315916
3479000,0.0324,0.013523,0.002678,0.000431,0.339892
3480000,0.0324,0.013523,0.002678,0.000431,0.325671
3481000,0.0324,0.013523,0.002678,0.000431,0.338716
3482000,0.0324,0.013523,0.002678,0.000431,0.321205
3483000,0.0324,0.013523,0.002678,0.000431,0.320969
3484000,0.0324,0.013523,0.002678,0.000431,0.320617
3485000,0.0324,0.013523,0.002678,0.000431,0.304633
3486000,0.0324,0.013523,0.002678,0.000431,0.300520
3487000,0.0324,0.013523,0.002678,0.000431,0.306043
3488000,0.0324,0.013523,0.002678,0.000431,0.323790
3489000,0.0324,0.013523,0.002678,0.000431,0.328374
3490000,0.0324,0.013523,0.002678,0.000431,0.328726
3491000,0.0324,0.013523,0.002678,0.000431,0.321087
3492000,0.0324,0.013523,0.002678,0.000431,0.328139
3493000,0.0324,0.013523,0.002678,0.000431,0.326611
3494000,0.0324,0.013523,0.002678,0.000431,0.356345
3495000,0.0324,0.013523,0.002678,0.000431,0.348001
3496000,0.0324,0.013523,0.002678,0.000431,0.331077
3497000,0.0324,0.013523,0.002678,0.000431,0.339539
3498000,0.0324,0.013523,0.002678,0.000431,0.330489
3499000,0.0324,0.013523,0.002678,0.000431,0.331312
3500000,0.0324,0.013523,0.002678,0.000431,0.320499
3501000,0.0324,0.013523,0.002678,0.000431,0.321440
3502000,0.0324,0.013523,0.002678,0.000431,0.338834
3503000,0.0324,0.013523,0.002678,0.000431,0.351997
3504000,0.0324,0.013523,0.002678,0.000431,0.345415
3505000,0.0324,0.013523,0.002678,0.000431,0.343652
3506000,0.0324,0.013523,0.002678,0.000431,0.348941
3507000,0.0324,0.013523,0.002678,0.000431,0.355523
3508000,0.0324,0.013523,0.002678,0.000431,0.359636
3509000,0.0324,0.013523,0.002678,0.000431,0.343652
3510000,0.0324,0.013523,0.002678,0.000431,0.320382
3511000,0.0324,0.013523,0.002678,0.000431,0.311567
3512000,0.0324,0.013523,0.002678,0.000431,0.318854
3513000,0.0324,0.013523,0.002678,0.000431,0.318266
3514000,0.0324,0.013523,0.002678,0.000431,0.327551
3515000,0.0324,0.013523,0.002678,0.000431,0.312860
3516000,0.0324,0.013523,0.002678,0.000431,0.312155
3517000,0.0324,0.013523,0.002678,0.000431,0.346591
3518000,0.0324,0.013523,0.002678,0.000431,0.331547
3519000,0.0324,0.013523,0.002678,0.000431,0.322380
3520000,0.0324,0.013523,0.002678,0.000431,0.326846
3521000,0.0324,0.013523,0.002678,0.000431,0.322380
3522000,0.0324,0.013523,0.002678,0.000431,0.338129
3523000,0.0324,0.013523,0.002678,0.000431,0.333427
3524000,0.0324,0.013523,0.002678,0.000431,0.332017
3525000,0.0324,0.013523,0.002678,0.000431,0.306043
3526000,0.0324,0.013523,0.002678,0.000431,0.300990
3527000,0.0324,0.013523,0.002678,0.000431,0.327434
3528000,0.0324,0.013523,0.002678,0.000431,0.324025
3529000,0.0324,0.013523,0.002678,0.000431,0.341184
3530000,0.0324,0.013523,0.002678,0.000431,0.323790
3531000,0.0324,0.013523,0.002678,0.000431,0.305103
3532000,0.0324,0.013523,0.002678,0.000431,0.317679
3533000,0.0324,0.013523,0.002678,0.000431,0.320734
3534000,0.0324,0.013523,0.002678,0.000431,0.320734
3535000,0.0324,0.013523,0.002678,0.000431,0.295936
3536000,0.0324,0.013523,0.002678,0.000431,0.314740
3537000,0.0324,0.013523,0.002678,0.000431,0.331782
3538000,0.0324,0.013523,0.002678,0.000431,0.322380
3539000,0.0324,0.013523,0.002678,0.000431,0.343182
3540000,0.0324,0.013523,0.002678,0.000431,0.329431
3541000,0.0324,0.013523,0.002678,0.000431,0.311332
3542000,0.0324,0.013523,0.002678,0.000431,0.323555
3543000,0.0324,0.013523,0.002678,0.000431,0.307689
3544000,0.0324,0.013523,0.002678,0.000431,0.319089
3545000,0.0324,0.013523,0.002678,0.000431,0.321792
3546000,0.0324,0.013523,0.002678,0.000431,0.344828
3547000,0.0324,0.013523,0.002678,0.000431,0.325200
3548000,0.0324,0.013523,0.002678,0.000431,0.329079
3549000,0.0324,0.013523,0.002678,0.000431,0.319442
3550000,0.0324,0.013523,0.002678,0.000431,0.322497
3551000,0.0324,0.013523,0.002678,0.000431,0.333545
3552000,0.0324,0.013523,0.002678,0.000431,0.329431
3553000,0.0324,0.013523,0.002678,0.000431,0.307101
3554000,0.0324,0.013523,0.002678,0.000431,0.340479
3555000,0.0324,0.013523,0.002678,0.000431,0.323555
3556000,0.0324,0.013523,0.002678,0.000431,0.320264
3557000,0.0324,0.013523,0.002678,0.000431,0.329784
3558000,0.0324,0.013523,0.002678,0.000431,0.329667
3559000,0.0324,0.013523,0.002678,0.000431,0.321440
3560000,0.0324,0.013523,0.002678,0.000431,0.340479
3561000,0.0324,0.013523,0.002678,0.000431,0.337071
3562000,0.0324,0.013523,0.002678,0.000431,0.342125
3563000,0.0324,0.013523,0.002678,0.000431,0.376208
3564000,0.0324,0.013523,0.002678,0.000431,0.365630
3565000,0.0324,0.013523,0.002678,0.000431,0.350116
3566000,0.0324,0.013523,0.002678,0.000431,0.357168
3567000,0.0324,0.013523,0.002678,0.000431,0.344475
3568000,0.0324,0.013523,0.002678,0.000431,0.334838
3569000,0.0324,0.013523,0.002678,0.000431,0.340597
3570000,0.0324,0.013523,0.002678,0.000431,0.341889
3571000,0.0324,0.013523,0.002678,0.000431,0.321087
3572000,0.0324,0.013523,0.002678,0.000431,0.340479
3573000,0.0324,0.013523,0.002678,0.000431,0.333780
3574000,0.0324,0.013523,0.002678,0.000431,0.355875
3575000,0.0324,0.013523,0.002678,0.000431,0.365865
3576000,0.0324,0.013523,0.002678,0.000431,0.323203
3577000,0.0324,0.013523,0.002678,0.000431,0.306161
3578000,0.0324,0.013523,0.002678,0.000431,0.322262
3579000,0.0324,0.013523,0.002678,0.000431,0.340479
3580000,0.0324,0.013523,0.002678,0.000431,0.352585
3581000,0.0324,0.013523,0.002678,0.000431,0.321910
3582000,0.0324,0.013523,0.002678,0.000431,0.347296
3583000,0.0324,0.013523,0.002678,0.000431,0.300402
3584000,0.0324,0.013523,0.002678,0.000431,0.316503
3585000,0.0324,0.013523,0.002678,0.000431,0.321792
3586000,0.0324,0.013523,0.002678,0.000431,0.344240
3587000,0.0324,0.013523,0.002678,0.000431,0.309922
3588000,0.0324,0.013523,0.002678,0.000431,0.338716
3589000,0.0324,0.013523,0.002678,0.000431,0.309452
3590000,0.0324,0.013523,0.002678,0.000431,0.306043
3591000,0.0324,0.013523,0.002678,0.000431,0.329784
3592000,0.0324,0.013523,0.002678,0.000431,0.343182
3593000,0.0324,0.013523,0.002678,0.000431,0.334720
3594000,0.0324,0.013523,0.002678,0.000431,0.324495
3595000,0.0324,0.013523,0.002678,0.000431,0.330254
3596000,0.0324,0.013523,0.002678,0.000431,0.319207
3597000,0.0324,0.013523,0.002678,0.000431,0.333780
3598000,0.0324,0.013523,0.002678,0.000431,0.329784
3599000,0.0324,0.013523,0.002678,0.000431,0.338599
3600000,0.0324,0.013523,0.002678,0.000431,0.331429
3601000,0.0324,0.013523,0.002678,0.000431,0.308982
3602000,0.0324,0.013523,0.002678,0.000431,0.352820
3603000,0.0324,0.013523,0.002678,0.000431,0.344828
3604000,0.0324,0.013523,0.002678,0.000431,0.326376
3605000,0.0324,0.013523,0.002678,0.000431,0.325200
3606000,0.0324,0.013523,0.002678,0.000431,0.322497
3607000,0.0324,0.013523,0.002678,0.000431,0.320382
3608000,0.0324,0.013523,0.002678,0.000431,0.338246
3609000,0.0324,0.013523,0.002678,0.000431,0.342360
3610000,0.0324,0.013523,0.002678,0.000431,0.331782
3611000,0.0324,0.013523,0.002678,0.000431,0.312155
3612000,0.0324,0.013523,0.002678,0.000431,0.324965
3613000,0.0324,0.013523,0.002678,0.000431,0.343300
3614000,0.0324,0.013523,0.002678,0.000431,0.325906
3615000,0.0324,0.013523,0.002678,0.000431,0.320852
3616000,0.0324,0.013523,0.002678,0.000431,0.343887
3617000,0.0324,0.013523,0.002678,0.000431,0.320499
3618000,0.0324,0.013523,0.002678,0.000431,0.309334
3619000,0.0324,0.013523,0.002678,0.000431,0.327904
3620000,0.0324,0.013523,0.002678,0.000431,0.329314
3621000,0.0324,0.013523,0.002678,0.000431,0.333898
3622000,0.0324,0.013523,0.002678,0.000431,0.305808
3623000,0.0324,0.013523,0.002678,0.000431,0.337188
3624000,0.0324,0.013523,0.002678,0.000431,0.333192
3625000,0.0324,0.013523,0.002678,0.000431,0.332957
3626000,0.0324,0.013523,0.002678,0.000431,0.347531
3627000,0.0324,0.013523,0.002678,0.000431,0.320029
3628000,0.0324,0.013523,0.002678,0.000431,0.316033
3629000,0.0324,0.013523,0.002678,0.000431,0.340597
3630000,0.0324,0.013523,0.002678,0.000431,0.318384
3631000,0.0324,0.013523,0.002678,0.000431,0.306513
3632000,0.0324,0.013523,0.002678,0.000431,0.322380
3633000,0.0324,0.013523,0.002678,0.000431,0.322850
3634000,0.0324,0.013523,0.002678,0.000431,0.316738
3635000,0.0324,0.013523,0.002678,0.000431,0.347178
3636000,0.0324,0.013523,0.002678,0.000431,0.312625
3637000,0.0324,0.013523,0.002678,0.000431,0.313330
3638000,0.0324,0.013523,0.002678,0.000431,0.320264
3639000,0.0324,0.013523,0.002678,0.000431,0.306396
3640000,0.0324,0.013523,0.002678,0.000431,0.308629
3641000,0.0324,0.013523,0.002678,0.000431,0.287591
3642000,0.0324,0.013523,0.002678,0.000431,0.321440
3643000,0.0324,0.013523,0.002678,0.000431,0.307806
3644000,0.0324,0.013523,0.002678,0.000431,0.326376
3645000,0.0324,0.013523,0.002678,0.000431,0.341067
3646000,0.0324,0.013523,0.002678,0.000431,0.316151
3647000,0.0324,0.013523,0.002678,0.000431,0.340949
3648000,0.0324,0.013523,0.002678,0.000431,0.307924
3649000,0.0324,0.013523,0.002678,0.000431,0.321557
3650000,0.0324,0.013523,0.002678,0.000431,0.317091
3651000,0.0324,0.013523,0.002678,0.000431,0.333898
3652000,0.0324,0.013523,0.002678,0.000431,0.302282
3653000,0.0324,0.013523,0.002678,0.000431,0.327081
3654000,0.0324,0.013523,0.002678,0.000431,0.297581
3655000,0.0324,0.013523,0.002678,0.000431,0.307806
3656000,0.0324,0.013523,0.002678,0.000431,0.293115
3657000,0.0324,0.013523,0.002678,0.000431,0.288884
3658000,0.0324,0.013523,0.002678,0.000431,0.302988
3659000,0.0324,0.013523,0.002678,0.000431,0.310627
3660000,0.0324,0.013523,0.002678,0.000431,0.307571
3661000,0.0324,0.013523,0.002678,0.000431,0.312037
3662000,0.0324,0.013523,0.002678,0.000431,0.301460
3663000,0.0324,0.013523,0.002678,0.000431,0.327316
3664000,0.0324,0.013523,0.002678,0.000431,0.313448
3665000,0.0324,0.013523,0.002678,0.000431,0.322967
3666000,0.0324,0.013523,0.002678,0.000431,0.328491
3667000,0.0324,0.013523,0.002678,0.000431,0.333663
3668000,0.0324,0.013523,0.002678,0.000431,0.338481
3669000,0.0324,0.013523,0.002678,0.000431,0.304398
3670000,0.0324,0.013523,0.002678,0.000431,0.330019
3671000,0.0324,0.013523,0.002678,0.000431,0.332487
3672000,0.0324,0.013523,0.002678,0.000431,0.321440
3673000,0.0324,0.013523,0.002678,0.000431,0.322615
3674000,0.0324,0.013523,0.002678,0.000431,0.313683
3675000,0.0324,0.013523,0.002678,0.000431,0.321205
3676000,0.0324,0.013523,0.002678,0.000431,0.325906
3677000,0.0324,0.013523,0.002678,0.000431,0.303223
3678000,0.0324,0.013523,0.002678,0.000431,0.303693
3679000,0.0324,0.013523,0.002678,0.000431,0.313918
3680000,0.0324,0.013523,0.002678,0.000431,0.319324
3681000,0.0324,0.013523,0.002678,0.000431,0.369391
3682000,0.0324,0.013523,0.002678,0.000431,0.339421
3683000,0.0324,0.013523,0.002678,0.000431,0.304045
3684000,0.0324,0.013523,0.002678,0.000431,0.308864
3685000,0.0324,0.013523,0.002678,0.000431,0.328961
3686000,0.0324,0.013523,0.002678,0.000431,0.358578
3687000,0.0324,0.013523,0.002678,0.000431,0.355875
3688000,0.0324,0.013523,0.002678,0.000431,0.367746
3689000,0.0324,0.013523,0.002678,0.000431,0.329784
3690000,0.0324,0.013523,0.002678,0.000431,0.347531
3691000,0.0324,0.013523,0.002678,0.000431,0.343887
3692000,0.0324,0.013523,0.002678,0.000431,0.324143
3693000,0.0324,0.013523,0.002678,0.000431,0.306278
3694000,0.0324,0.013523,0.002678,0.000431,0.340714
3695000,0.0324,0.013523,0.002678,0.000431,0.333427
3696000,0.0324,0.013523,0.002678,0.000431,0.305808
3697000,0.0324,0.013523,0.002678,0.000431,0.303105
3698000,0.0324,0.013523,0.002678,0.000431,0.316503
3699000,0.0324,0.013523,0.002678,0.000431,0.325788
3700000,0.0324,0.013523,0.002678,0.000431,0.321205
3701000,0.0324,0.013523,0.002678,0.000431,0.314740
3702000,0.0324,0.013523,0.002678,0.000431,0.306984
3703000,0.0324,0.013523,0.002678,0.000431,0.319089
3704000,0.0324,0.013523,0.002678,0.000431,0.309922
3705000,0.0324,0.013523,0.002678,0.000431,0.363045
3706000,0.0324,0.013523,0.002678,0.000431,0.325436
3707000,0.0324,0.013523,0.002678,0.000431,0.312742
3708000,0.0324,0.013523,0.002678,0.000431,0.327434
3709000,0.0324,0.013523,0.002678,0.000431,0.313330
3710000,0.0324,0.013523,0.002678,0.000431,0.307336
3711000,0.0324,0.013523,0.002678,0.000431,0.340597
3712000,0.0324,0.013523,0.002678,0.000431,0.324260
3713000,0.0324,0.013523,0.002678,0.000431,0.303340
3714000,0.0324,0.013523,0.002678,0.000431,0.320382
3715000,0.0324,0.013523,0.002678,0.000431,0.309099
3716000,0.0324,0.013523,0.002678,0.000431,0.319794
3717000,0.0324,0.013523,0.002678,0.000431,0.309804
3718000,0.0324,0.013523,0.002678,0.000431,0.287827
3719000,0.0324,0.013523,0.002678,0.000431,0.319207
3720000,0.0324,0.013523,0.002678,0.000431,0.276309
3721000,0.0324,0.013523,0.002678,0.000431,0.278659
3722000,0.0324,0.013523,0.002678,0.000431,0.299344
3723000,0.0324,0.013523,0.002678,0.000431,0.321910
3724000,0.0324,0.013523,0.002678,0.000431,0.301225
3725000,0.0324,0.013523,0.002678,0.000431,0.291470
3726000,0.0324,0.013523,0.002678,0.000431,0.317561
3727000,0.0324,0.013523,0.002678,0.000431,0.330372
3728000,0.0324,0.013523,0.002678,0.000431,0.293115
3729000,0.0324,0.013523,0.002678,0.000431,0.305103
3730000,0.0324,0.013523,0.002678,0.000431,0.314035
3731000,0.0324,0.013523,0.002678,0.000431,0.313213
3732000,0.0324,0.013523,0.002678,0.000431,0.310157
3733000,0.0324,0.013523,0.002678,0.000431,0.312978
3734000,0.0324,0.013523,0.002678,0.000431,0.365983
3735000,0.0324,0.013523,0.002678,0.000431,0.343535
3736000,0.0324,0.013523,0.002678,0.000431,0.332252
3737000,0.0324,0.013523,0.002678,0.000431,0.318149
3738000,0.0324,0.013523,0.002678,0.000431,0.316033
3739000,0.0324,0.013523,0.002678,0.000431,0.306513
3740000,0.0324,0.013523,0.002678,0.000431,0.308159
3741000,0.0324,0.013523,0.002678,0.000431,0.297111
3742000,0.0324,0.013523,0.002678,0.000431,0.308747
3743000,0.0324,0.013523,0.002678,0.000431,0.327669
3744000,0.0324,0.013523,0.002678,0.000431,0.343065
3745000,0.0324,0.013523,0.002678,0.000431,0.352467
3746000,0.0324,0.013523,0.002678,0.000431,0.331900
3747000,0.0324,0.013523,0.002678,0.000431,0.312742
3748000,0.0324,0.013523,0.002678,0.000431,0.333545
3749000,0.0324,0.013523,0.002678,0.000431,0.331429
3750000,0.0324,0.013523,0.002678,0.000431,0.307924
3751000,0.0324,0.013523,0.002678,0.000431,0.345180
3752000,0.0324,0.013523,0.002678,0.000431,0.330842
3753000,0.0324,0.013523,0.002678,0.000431,0.327551
3754000,0.0324,0.013523,0.002678,0.000431,0.322967
3755000,0.0324,0.013523,0.002678,0.000431,0.314153
3756000,0.0324,0.013523,0.002678,0.000431,0.300402
3757000,0.0324,0.013523,0.002678,0.000431,0.324965
3758000,0.0324,0.013523,0.002678,0.000431,0.326376
3759000,0.0324,0.013523,0.002678,0.000431,0.307806
3760000,0.0324,0.013523,0.002678,0.000431,0.330372
3761000,0.0324,0.013523,0.002678,0.000431,0.282303
3762000,0.0324,0.013523,0.002678,0.000431,0.293585
3763000,0.0324,0.013523,0.002678,0.000431,0.344475
3764000,0.0324,0.013523,0.002678,0.000431,0.312625
3765000,0.0324,0.013523,0.002678,0.000431,0.340362
3766000,0.0324,0.013523,0.002678,0.000431,0.353525
3767000,0.0324,0.013523,0.002678,0.000431,0.305456
3768000,0.0324,0.013523,0.002678,0.000431,0.353995
3769000,0.0324,0.013523,0.002678,0.000431,0.349176
3770000,0.0324,0.013523,0.002678,0.000431,0.340479
3771000,0.0324,0.013523,0.002678,0.000431,0.342125
3772000,0.0324,0.013523,0.002678,0.000431,0.306396
3773000,0.0324,0.013523,0.002678,0.000431,0.332252
3774000,0.0324,0.013523,0.002678,0.000431,0.320969
3775000,0.0324,0.013523,0.002678,0.000431,0.291705
3776000,0.0324,0.013523,0.002678,0.000431,0.270550
3777000,0.0324,0.013523,0.002678,0.000431,0.277249
3778000,0.0324,0.013523,0.002678,0.000431,0.287827
3779000,0.0324,0.013523,0.002678,0.000431,0.288649
3780000,0.0324,0.013523,0.002678,0.000431,0.313448
3781000,0.0324,0.013523,0.002678,0.000431,0.316386
3782000,0.0324,0.013523,0.002678,0.000431,0.302047
3783000,0.0324,0.013523,0.002678,0.000431,0.288532
3784000,0.0324,0.013523,0.002678,0.000431,0.283713
3785000,0.0324,0.013523,0.002678,0.000431,0.284653
3786000,0.0324,0.013523,0.002678,0.000431,0.307571
3787000,0.0324,0.013523,0.002678,0.000431,0.329314
3788000,0.0324,0.013523,0.002678,0.000431,0.312272
3789000,0.0324,0.013523,0.002678,0.000431,0.306866
3790000,0.0324,0.013523,0.002678,0.000431,0.327551
3791000,0.0324,0.013523,0.002678,0.000431,0.320499
3792000,0.0324,0.013523,0.002678,0.000431,0.330724
3793000,0.0324,0.013523,0.002678,0.000431,0.309452
3794000,0.0324,0.013523,0.002678,0.000431,0.308394
3795000,0.0324,0.013523,0.002678,0.000431,0.303693
3796000,0.0324,0.013523,0.002678,0.000431,0.315211
3797000,0.0324,0.013523,0.002678,0.000431,0.321910
3798000,0.0324,0.013523,0.002678,0.000431,0.322380
3799000,0.0324,0.013523,0.002678,0.000431,0.317561
3800000,0.0324,0.013523,0.002678,0.000431,0.290412
3801000,0.0324,0.013523,0.002678,0.000431,0.304516
3802000,0.0324,0.013523,0.002678,0.000431,0.350116
3803000,0.0324,0.013523,0.002678,0.000431,0.321205
3804000,0.0324,0.013523,0.002678,0.000431,0.303575
3805000,0.0324,0.013523,0.002678,0.000431,0.307219
3806000,0.0324,0.013523,0.002678,0.000431,0.281480
3807000,0.0324,0.013523,0.002678,0.000431,0.299344
3808000,0.0324,0.013523,0.002678,0.000431,0.318501
3809000,0.0324,0.013523,0.002678,0.000431,0.308276
3810000,0.0324,0.013523,0.002678,0.000431,0.303575
3811000,0.0324,0.013523,0.002678,0.000431,0.299109
3812000,0.0324,0.013523,0.002678,0.000431,0.338951
3813000,0.0324,0.013523,0.002678,0.000431,0.302635
3814000,0.0324,0.013523,0.002678,0.000431,0.288062
3815000,0.0324,0.013523,0.002678,0.000431,0.293115
3816000,0.0324,0.013523,0.002678,0.000431,0.306631
3817000,0.0324,0.013523,0.002678,0.000431,0.313330
3818000,0.0324,0.013523,0.002678,0.000431,0.302988
3819000,0.0324,0.013523,0.002678,0.000431,0.301812
3820000,0.0324,0.013523,0.002678,0.000431,0.301812
3821000,0.0324,0.013523,0.002678,0.000431,0.275486
3822000,0.0324,0.013523,0.002678,0.000431,0.282185
3823000,0.0324,0.013523,0.002678,0.000431,0.297229
3824000,0.0324,0.013523,0.002678,0.000431,0.290412
3825000,0.0324,0.013523,0.002678,0.000431,0.304163
3826000,0.0324,0.013523,0.002678,0.000431,0.314740
3827000,0.0324,0.013523,0.002678,0.000431,0.309217
3828000,0.0324,0.013523,0.002678,0.000431,0.315681
3829000,0.0324,0.013523,0.002678,0.000431,0.333075
3830000,0.0324,0.013523,0.002678,0.000431,0.338246
3831000,0.0324,0.013523,0.002678,0.000431,0.337894
3832000,0.0324,0.013523,0.002678,0.000431,0.333075
3833000,0.0324,0.013523,0.002678,0.000431,0.324260
3834000,0.0324,0.013523,0.002678,0.000431,0.304280
3835000,0.0324,0.013523,0.002678,0.000431,0.325436
3836000,0.0324,0.013523,0.002678,0.000431,0.330724
3837000,0.0324,0.013523,0.002678,0.000431,0.325318
3838000,0.0324,0.013523,0.002678,0.000431,0.316503
3839000,0.0324,0.013523,0.002678,0.000431,0.315798
3840000,0.0324,0.013523,0.002678,0.000431,0.306043
3841000,0.0324,0.013523,0.002678,0.000431,0.321792
3842000,0.0324,0.013523,0.002678,0.000431,0.301342
3843000,0.0324,0.013523,0.002678,0.000431,0.330254
3844000,0.0324,0.013523,0.002678,0.000431,0.324260
3845000,0.0324,0.013523,0.002678,0.000431,0.334720
3846000,0.0324,0.013523,0.002678,0.000431,0.336601
3847000,0.0324,0.013523,0.002678,0.000431,0.288532
3848000,0.0324,0.013523,0.002678,0.000431,0.320734
3849000,0.0324,0.013523,0.002678,0.000431,0.334485
3850000,0.0324,0.013523,0.002678,0.000431,0.325671
3851000,0.0324,0.013523,0.002678,0.000431,0.338481
3852000,0.0324,0.013523,0.002678,0.000431,0.390899
3853000,0.0324,0.013523,0.002678,0.000431,0.340479
3854000,0.0324,0.013523,0.002678,0.000431,0.323320
3855000,0.0324,0.013523,0.002678,0.000431,0.314858
3856000,0.0324,0.013523,0.002678,0.000431,0.292528
3857000,0.0324,0.013523,0.002678,0.000431,0.282773
3858000,0.0324,0.013523,0.002678,0.000431,0.337423
3859000,0.0324,0.013523,0.002678,0.000431,0.353760
3860000,0.0324,0.013523,0.002678,0.000431,0.327551
3861000,0.0324,0.013523,0.002678,0.000431,0.304398
3862000,0.0324,0.013523,0.002678,0.000431,0.294173
3863000,0.0324,0.013523,0.002678,0.000431,0.349059
3864000,0.0324,0.013523,0.002678,0.000431,0.352467
3865000,0.0324,0.013523,0.002678,0.000431,0.316033
3866000,0.0324,0.013523,0.002678,0.000431,0.320029
3867000,0.0324,0.013523,0.002678,0.000431,0.330724
3868000,0.0324,0.013523,0.002678,0.000431,0.309804
3869000,0.0324,0.013523,0.002678,0.000431,0.318971
3870000,0.0324,0.013523,0.002678,0.000431,0.315093
3871000,0.0324,0.013523,0.002678,0.000431,0.313683
3872000,0.0324,0.013523,0.002678,0.000431,0.326258
3873000,0.0324,0.013523,0.002678,0.000431,0.342712
3874000,0.0324,0.013523,0.002678,0.000431,0.399008
3875000,0.0324,0.013523,0.002678,0.000431,0.404414
3876000,0.0324,0.013523,0.002678,0.000431,0.353290
3877000,0.0324,0.013523,0.002678,0.000431,0.327669
3878000,0.0324,0.013523,0.002678,0.000431,0.336013
3879000,0.0324,0.013523,0.002678,0.000431,0.350352
3880000,0.0324,0.013523,0.002678,0.000431,0.345885
3881000,0.0324,0.013523,0.002678,0.000431,0.345298
3882000,0.0324,0.013523,0.002678,0.000431,0.331547
3883000,0.0324,0.013523,0.002678,0.000431,0.330959
3884000,0.0324,0.013523,0.002678,0.000431,0.310980
3885000,0.0324,0.013523,0.002678,0.000431,0.317444
3886000,0.0324,0.013523,0.002678,0.000431,0.305691
3887000,0.0324,0.013523,0.002678,0.000431,0.291000
3888000,0.0324,0.013523,0.002678,0.000431,0.294408
3889000,0.0324,0.013523,0.002678,0.000431,0.285241
3890000,0.0324,0.013523,0.002678,0.000431,0.305808
3891000,0.0324,0.013523,0.002678,0.000431,0.323908
3892000,0.0324,0.013523,0.002678,0.000431,0.287239
3893000,0.0324,0.013523,0.002678,0.000431,0.255389
3894000,0.0324,0.013523,0.002678,0.000431,0.260207
3895000,0.0324,0.013523,0.002678,0.000431,0.266084
3896000,0.0324,0.013523,0.002678,0.000431,0.270080
3897000,0.0324,0.013523,0.002678,0.000431,0.296994
3898000,0.0324,0.013523,0.002678,0.000431,0.294291
3899000,0.0324,0.013523,0.002678,0.000431,0.309217
3900000,0.0324,0.013523,0.002678,0.000431,0.305573
3901000,0.0324,0.013523,0.002678,0.000431,0.300402
3902000,0.0324,0.013523,0.002678,0.000431,0.306396
3903000,0.0324,0.013523,0.002678,0.000431,0.296759
3904000,0.0324,0.013523,0.002678,0.000431,0.284418
3905000,0.0324,0.013523,0.002678,0.000431,0.296759
3906000,0.0324,0.013523,0.002678,0.000431,0.308629
3907000,0.0324,0.013523,0.002678,0.000431,0.326023
3908000,0.0324,0.013523,0.002678,0.000431,0.314153
3909000,0.0324,0.013523,0.002678,0.000431,0.293703
3910000,0.0324,0.013523,0.002678,0.000431,0.320852
3911000,0.0324,0.013523,0.002678,0.000431,0.324848
3912000,0.0324,0.013523,0.002678,0.000431,0.329902
3913000,0.0324,0.013523,0.002678,0.000431,0.320147
3914000,0.0324,0.013523,0.002678,0.000431,0.334368
3915000,0.0324,0.013523,0.002678,0.000431,0.317326
3916000,0.0324,0.013523,0.002678,0.000431,0.306278
3917000,0.0324,0.013523,0.002678,0.000431,0.330137
3918000,0.0324,0.013523,0.002678,0.000431,0.326258
3919000,0.0324,0.013523,0.002678,0.000431,0.334485
3920000,0.0324,0.013523,0.002678,0.000431,0.312625
3921000,0.0324,0.013523,0.002678,0.000431,0.356228
3922000,0.0324,0.013523,0.002678,0.000431,0.314976
3923000,0.0324,0.013523,0.002678,0.000431,0.314623
3924000,0.0324,0.013523,0.002678,0.000431,0.329314
3925000,0.0324,0.013523,0.002678,0.000431,0.365983
3926000,0.0324,0.013523,0.002678,0.000431,0.326023
3927000,0.0324,0.013523,0.002678,0.000431,0.299697
3928000,0.0324,0.013523,0.002678,0.000431,0.310039
3929000,0.0324,0.013523,0.002678,0.000431,0.336131
3930000,0.0324,0.013523,0.002678,0.000431,0.306161
3931000,0.0324,0.013523,0.002678,0.000431,0.323790
3932000,0.0324,0.013523,0.002678,0.000431,0.327551
3933000,0.0324,0.013523,0.002678,0.000431,0.317914
3934000,0.0324,0.013523,0.002678,0.000431,0.340009
3935000,0.0324,0.013523,0.002678,0.000431,0.356698
3936000,0.0324,0.013523,0.002678,0.000431,0.346943
3937000,0.0324,0.013523,0.002678,0.000431,0.343652
3938000,0.0324,0.013523,0.002678,0.000431,0.341772
3939000,0.0324,0.013523,0.002678,0.000431,0.378441
3940000,0.0324,0.013523,0.002678,0.000431,0.345650
3941000,0.0324,0.013523,0.002678,0.000431,0.365160
3942000,0.0324,0.013523,0.002678,0.000431,0.314153
3943000,0.0324,0.013523,0.002678,0.000431,0.314505
3944000,0.0324,0.013523,0.002678,0.000431,0.301812
3945000,0.0324,0.013523,0.002678,0.000431,0.313800
3946000,0.0324,0.013523,0.002678,0.000431,0.323908
3947000,0.0324,0.013523,0.002678,0.000431,0.316738
3948000,0.0324,0.013523,0.002678,0.000431,0.326141
3949000,0.0324,0.013523,0.002678,0.000431,0.329196
3950000,0.0324,0.013523,0.002678,0.000431,0.312625
3951000,0.0324,0.013523,0.002678,0.000431,0.325671
3952000,0.0324,0.013523,0.002678,0.000431,0.319207
3953000,0.0324,0.013523,0.002678,0.000431,0.337894
3954000,0.0324,0.013523,0.002678,0.000431,0.342712
3955000,0.0324,0.013523,0.002678,0.000431,0.318971
3956000,0.0324,0.013523,0.002678,0.000431,0.305456
3957000,0.0324,0.013523,0.002678,0.000431,0.319794
3958000,0.0324,0.013523,0.002678,0.000431,0.317679
3959000,0.0324,0.013523,0.002678,0.000431,0.339186
3960000,0.0324,0.013523,0.002678,0.000431,0.323673
3961000,0.0324,0.013523,0.002678,0.000431,0.323673
3962000,0.0324,0.013523,0.002678,0.000431,0.327904
3963000,0.0324,0.013523,0.002678,0.000431,0.331077
3964000,0.0324,0.013523,0.002678,0.000431,0.347766
3965000,0.0324,0.013523,0.002678,0.000431,0.325553
3966000,0.0324,0.013523,0.002678,0.000431,0.332017
3967000,0.0324,0.013523,0.002678,0.000431,0.320382
3968000,0.0324,0.013523,0.002678,0.000431,0.363867
3969000,0.0324,0.013523,0.002678,0.000431,0.386315
3970000,0.0324,0.013523,0.002678,0.000431,0.344710
3971000,0.0324,0.013523,0.002678,0.000431,0.323790
3972000,0.0324,0.013523,0.002678,0.000431,0.320029
3973000,0.0324,0.013523,0.002678,0.000431,0.331077
3974000,0.0324,0.013523,0.002678,0.000431,0.327669
3975000,0.0324,0.013523,0.002678,0.000431,0.322732
3976000,0.0324,0.013523,0.002678,0.000431,0.329196
3977000,0.0324,0.013523,0.002678,0.000431,0.357521
3978000,0.0324,0.013523,0.002678,0.000431,0.351409
3979000,0.0324,0.013523,0.002678,0.000431,0.330959
3980000,0.0324,0.013523,0.002678,0.000431,0.328374
3981000,0.0324,0.013523,0.002678,0.000431,0.338716
3982000,0.0324,0.013523,0.002678,0.000431,0.328491
3983000,0.0324,0.013523,0.002678,0.000431,0.356228
3984000,0.0324,0.013523,0.002678,0.000431,0.310274
3985000,0.0324,0.013523,0.002678,0.000431,0.297346
3986000,0.0324,0.013523,0.002678,0.000431,0.308629
3987000,0.0324,0.013523,0.002678,0.000431,0.361634
3988000,0.0324,0.013523,0.002678,0.000431,0.304398
3989000,0.0324,0.013523,0.002678,0.000431,0.322497
3990000,0.0324,0.013523,0.002678,0.000431,0.318619
3991000,0.0324,0.013523,0.002678,0.000431,0.313095
3992000,0.0324,0.013523,0.002678,0.000431,0.287474
3993000,0.0324,0.013523,0.002678,0.000431,0.314153
3994000,0.0324,0.013523,0.002678,0.000431,0.336953
3995000,0.0324,0.013523,0.002678,0.000431,0.380556
3996000,0.0324,0.013523,0.002678,0.000431,0.347766
3997000,0.0324,0.013523,0.002678,0.000431,0.354112
3998000,0.0324,0.013523,0.002678,0.000431,0.333075
3999000,0.0324,0.013523,0.002678,0.000431,0.332135
