Cycle,Area(mm^2),PeakDynamic(W),SubthresholdLeakage(W),GateLeakage(W),RunTimeDynamic(W)
1000,0.7779,0.306348,0.002724,0.000334,0.183809
2000,0.7779,0.306348,0.002724,0.000334,0.183809
3000,0.7779,0.306348,0.002724,0.000334,0.183809
4000,0.7779,0.306348,0.002724,0.000334,0.183809
5000,0.7779,0.306348,0.002724,0.000334,0.183809
6000,0.7779,0.306348,0.002724,0.000334,0.189444
7000,0.7779,0.306348,0.002724,0.000334,0.200291
8000,0.7779,0.306348,0.002724,0.000334,0.263522
9000,0.7779,0.306348,0.002724,0.000334,0.184161
10000,0.7779,0.306348,0.002724,0.000334,0.183809
11000,0.7779,0.306348,0.002724,0.000334,0.183809
12000,0.7779,0.306348,0.002724,0.000334,0.184912
13000,0.7779,0.306348,0.002724,0.000334,0.223959
14000,0.7779,0.306348,0.002724,0.000334,0.232341
15000,0.7779,0.306348,0.002724,0.000334,0.184865
16000,0.7779,0.306348,0.002724,0.000334,0.183809
17000,0.7779,0.306348,0.002724,0.000334,0.185992
18000,0.7779,0.306348,0.002724,0.000334,0.217338
19000,0.7779,0.306348,0.002724,0.000334,0.236638
20000,0.7779,0.306348,0.002724,0.000334,0.185429
21000,0.7779,0.306348,0.002724,0.000334,0.184537
22000,0.7779,0.306348,0.002724,0.000334,0.193717
23000,0.7779,0.306348,0.002724,0.000334,0.222010
24000,0.7779,0.306348,0.002724,0.000334,0.223842
25000,0.7779,0.306348,0.002724,0.000334,0.186391
26000,0.7779,0.306348,0.002724,0.000334,0.189796
27000,0.7779,0.306348,0.002724,0.000334,0.209559
28000,0.7779,0.306348,0.002724,0.000334,0.240086
29000,0.7779,0.306348,0.002724,0.000334,0.237108
30000,0.7779,0.306348,0.002724,0.000334,0.256205
31000,0.7779,0.306348,0.002724,0.000334,0.318254
32000,0.7779,0.306348,0.002724,0.000334,0.365867
33000,0.7779,0.306348,0.002724,0.000334,0.304210
34000,0.7779,0.306348,0.002724,0.000334,0.277776
35000,0.7779,0.306348,0.002724,0.000334,0.263992
36000,0.7779,0.306348,0.002724,0.000334,0.343259
37000,0.7779,0.306348,0.002724,0.000334,0.378128
38000,0.7779,0.306348,0.002724,0.000334,0.314631
39000,0.7779,0.306348,0.002724,0.000334,0.252500
40000,0.7779,0.306348,0.002724,0.000334,0.263961
41000,0.7779,0.306348,0.002724,0.000334,0.328487
42000,0.7779,0.306348,0.002724,0.000334,0.388975
43000,0.7779,0.306348,0.002724,0.000334,0.321922
44000,0.7779,0.306348,0.002724,0.000334,0.254414
45000,0.7779,0.306348,0.002724,0.000334,0.256191
46000,0.7779,0.306348,0.002724,0.000334,0.289982
47000,0.7779,0.306348,0.002724,0.000334,0.396599
48000,0.7779,0.306348,0.002724,0.000334,0.341530
49000,0.7779,0.306348,0.002724,0.000334,0.294711
50000,0.7779,0.306348,0.002724,0.000334,0.213669
51000,0.7779,0.306348,0.002724,0.000334,0.264933
52000,0.7779,0.306348,0.002724,0.000334,0.362422
53000,0.7779,0.306348,0.002724,0.000334,0.355145
54000,0.7779,0.306348,0.002724,0.000334,0.314348
55000,0.7779,0.306348,0.002724,0.000334,0.243728
56000,0.7779,0.306348,0.002724,0.000334,0.240694
57000,0.7779,0.306348,0.002724,0.000334,0.330107
58000,0.7779,0.306348,0.002724,0.000334,0.368387
59000,0.7779,0.306348,0.002724,0.000334,0.336743
60000,0.7779,0.306348,0.002724,0.000334,0.251150
61000,0.7779,0.306348,0.002724,0.000334,0.225546
62000,0.7779,0.306348,0.002724,0.000334,0.327620
63000,0.7779,0.306348,0.002724,0.000334,0.390667
64000,0.7779,0.306348,0.002724,0.000334,0.337009
65000,0.7779,0.306348,0.002724,0.000334,0.290163
66000,0.7779,0.306348,0.002724,0.000334,0.207804
67000,0.7779,0.306348,0.002724,0.000334,0.224982
68000,0.7779,0.306348,0.002724,0.000334,0.347806
69000,0.7779,0.306348,0.002724,0.000334,0.397554
70000,0.7779,0.306348,0.002724,0.000334,0.318770
71000,0.7779,0.306348,0.002724,0.000334,0.259114
72000,0.7779,0.306348,0.002724,0.000334,0.202071
73000,0.7779,0.306348,0.002724,0.000334,0.228827
74000,0.7779,0.306348,0.002724,0.000334,0.395781
75000,0.7779,0.306348,0.002724,0.000334,0.363733
76000,0.7779,0.306348,0.002724,0.000334,0.326553
77000,0.7779,0.306348,0.002724,0.000334,0.233246
78000,0.7779,0.306348,0.002724,0.000334,0.216880
79000,0.7779,0.306348,0.002724,0.000334,0.294706
80000,0.7779,0.306348,0.002724,0.000334,0.391551
81000,0.7779,0.306348,0.002724,0.000334,0.333486
82000,0.7779,0.306348,0.002724,0.000334,0.301977
83000,0.7779,0.306348,0.002724,0.000334,0.213774
84000,0.7779,0.306348,0.002724,0.000334,0.262885
85000,0.7779,0.306348,0.002724,0.000334,0.342427
86000,0.7779,0.306348,0.002724,0.000334,0.367897
87000,0.7779,0.306348,0.002724,0.000334,0.320639
88000,0.7779,0.306348,0.002724,0.000334,0.249963
89000,0.7779,0.306348,0.002724,0.000334,0.235598
90000,0.7779,0.306348,0.002724,0.000334,0.312510
91000,0.7779,0.306348,0.002724,0.000334,0.380978
92000,0.7779,0.306348,0.002724,0.000334,0.360770
93000,0.7779,0.306348,0.002724,0.000334,0.274786
94000,0.7779,0.306348,0.002724,0.000334,0.217568
95000,0.7779,0.306348,0.002724,0.000334,0.276920
96000,0.7779,0.306348,0.002724,0.000334,0.374624
97000,0.7779,0.306348,0.002724,0.000334,0.344824
98000,0.7779,0.306348,0.002724,0.000334,0.307269
99000,0.7779,0.306348,0.002724,0.000334,0.232289
100000,0.7779,0.306348,0.002724,0.000334,0.238523
101000,0.7779,0.306348,0.002724,0.000334,0.354529
102000,0.7779,0.306348,0.002724,0.000334,0.366700
103000,0.7779,0.306348,0.002724,0.000334,0.332243
104000,0.7779,0.306348,0.002724,0.000334,0.261690
105000,0.7779,0.306348,0.002724,0.000334,0.221063
106000,0.7779,0.306348,0.002724,0.000334,0.304991
107000,0.7779,0.306348,0.002724,0.000334,0.386354
108000,0.7779,0.306348,0.002724,0.000334,0.355869
109000,0.7779,0.306348,0.002724,0.000334,0.288427
110000,0.7779,0.306348,0.002724,0.000334,0.220241
111000,0.7779,0.306348,0.002724,0.000334,0.249508
112000,0.7779,0.306348,0.002724,0.000334,0.377790
113000,0.7779,0.306348,0.002724,0.000334,0.367425
114000,0.7779,0.306348,0.002724,0.000334,0.299457
115000,0.7779,0.306348,0.002724,0.000334,0.223850
116000,0.7779,0.306348,0.002724,0.000334,0.239876
117000,0.7779,0.306348,0.002724,0.000334,0.326138
118000,0.7779,0.306348,0.002724,0.000334,0.390370
119000,0.7779,0.306348,0.002724,0.000334,0.324361
120000,0.7779,0.306348,0.002724,0.000334,0.281606
121000,0.7779,0.306348,0.002724,0.000334,0.223766
122000,0.7779,0.306348,0.002724,0.000334,0.268305
123000,0.7779,0.306348,0.002724,0.000334,0.381323
124000,0.7779,0.306348,0.002724,0.000334,0.356817
125000,0.7779,0.306348,0.002724,0.000334,0.316082
126000,0.7779,0.306348,0.002724,0.000334,0.234420
127000,0.7779,0.306348,0.002724,0.000334,0.248480
128000,0.7779,0.306348,0.002724,0.000334,0.339160
129000,0.7779,0.306348,0.002724,0.000334,0.348391
130000,0.7779,0.306348,0.002724,0.000334,0.326342
131000,0.7779,0.306348,0.002724,0.000334,0.256648
132000,0.7779,0.306348,0.002724,0.000334,0.231667
133000,0.7779,0.306348,0.002724,0.000334,0.312008
134000,0.7779,0.306348,0.002724,0.000334,0.385505
135000,0.7779,0.306348,0.002724,0.000334,0.339070
136000,0.7779,0.306348,0.002724,0.000334,0.302312
137000,0.7779,0.306348,0.002724,0.000334,0.235780
138000,0.7779,0.306348,0.002724,0.000334,0.254979
139000,0.7779,0.306348,0.002724,0.000334,0.367299
140000,0.7779,0.306348,0.002724,0.000334,0.366458
141000,0.7779,0.306348,0.002724,0.000334,0.301484
142000,0.7779,0.306348,0.002724,0.000334,0.230944
143000,0.7779,0.306348,0.002724,0.000334,0.234852
144000,0.7779,0.306348,0.002724,0.000334,0.328680
145000,0.7779,0.306348,0.002724,0.000334,0.384593
146000,0.7779,0.306348,0.002724,0.000334,0.331494
147000,0.7779,0.306348,0.002724,0.000334,0.290648
148000,0.7779,0.306348,0.002724,0.000334,0.222040
149000,0.7779,0.306348,0.002724,0.000334,0.280688
150000,0.7779,0.306348,0.002724,0.000334,0.352499
151000,0.7779,0.306348,0.002724,0.000334,0.363677
152000,0.7779,0.306348,0.002724,0.000334,0.300581
153000,0.7779,0.306348,0.002724,0.000334,0.233868
154000,0.7779,0.306348,0.002724,0.000334,0.269330
155000,0.7779,0.306348,0.002724,0.000334,0.327139
156000,0.7779,0.306348,0.002724,0.000334,0.389031
157000,0.7779,0.306348,0.002724,0.000334,0.333683
158000,0.7779,0.306348,0.002724,0.000334,0.239501
159000,0.7779,0.306348,0.002724,0.000334,0.238580
160000,0.7779,0.306348,0.002724,0.000334,0.300293
161000,0.7779,0.306348,0.002724,0.000334,0.387933
162000,0.7779,0.306348,0.002724,0.000334,0.341423
163000,0.7779,0.306348,0.002724,0.000334,0.283600
164000,0.7779,0.306348,0.002724,0.000334,0.204440
165000,0.7779,0.306348,0.002724,0.000334,0.248921
166000,0.7779,0.306348,0.002724,0.000334,0.341966
167000,0.7779,0.306348,0.002724,0.000334,0.392919
168000,0.7779,0.306348,0.002724,0.000334,0.309538
169000,0.7779,0.306348,0.002724,0.000334,0.251450
170000,0.7779,0.306348,0.002724,0.000334,0.211390
171000,0.7779,0.306348,0.002724,0.000334,0.270773
172000,0.7779,0.306348,0.002724,0.000334,0.377056
173000,0.7779,0.306348,0.002724,0.000334,0.370367
174000,0.7779,0.306348,0.002724,0.000334,0.315134
175000,0.7779,0.306348,0.002724,0.000334,0.221402
176000,0.7779,0.306348,0.002724,0.000334,0.232183
177000,0.7779,0.306348,0.002724,0.000334,0.321273
178000,0.7779,0.306348,0.002724,0.000334,0.395541
179000,0.7779,0.306348,0.002724,0.000334,0.332149
180000,0.7779,0.306348,0.002724,0.000334,0.267011
181000,0.7779,0.306348,0.002724,0.000334,0.206687
182000,0.7779,0.306348,0.002724,0.000334,0.253042
183000,0.7779,0.306348,0.002724,0.000334,0.381846
184000,0.7779,0.306348,0.002724,0.000334,0.363987
185000,0.7779,0.306348,0.002724,0.000334,0.320427
186000,0.7779,0.306348,0.002724,0.000334,0.213535
187000,0.7779,0.306348,0.002724,0.000334,0.233814
188000,0.7779,0.306348,0.002724,0.000334,0.325750
189000,0.7779,0.306348,0.002724,0.000334,0.385185
190000,0.7779,0.306348,0.002724,0.000334,0.326679
191000,0.7779,0.306348,0.002724,0.000334,0.279943
192000,0.7779,0.306348,0.002724,0.000334,0.225926
193000,0.7779,0.306348,0.002724,0.000334,0.263328
194000,0.7779,0.306348,0.002724,0.000334,0.374557
195000,0.7779,0.306348,0.002724,0.000334,0.362889
196000,0.7779,0.306348,0.002724,0.000334,0.303970
197000,0.7779,0.306348,0.002724,0.000334,0.231726
198000,0.7779,0.306348,0.002724,0.000334,0.247713
199000,0.7779,0.306348,0.002724,0.000334,0.333016
200000,0.7779,0.306348,0.002724,0.000334,0.376686
201000,0.7779,0.306348,0.002724,0.000334,0.323544
202000,0.7779,0.306348,0.002724,0.000334,0.266147
203000,0.7779,0.306348,0.002724,0.000334,0.235752
204000,0.7779,0.306348,0.002724,0.000334,0.280448
205000,0.7779,0.306348,0.002724,0.000334,0.380271
206000,0.7779,0.306348,0.002724,0.000334,0.348976
207000,0.7779,0.306348,0.002724,0.000334,0.302547
208000,0.7779,0.306348,0.002724,0.000334,0.233310
209000,0.7779,0.306348,0.002724,0.000334,0.263110
210000,0.7779,0.306348,0.002724,0.000334,0.365081
211000,0.7779,0.306348,0.002724,0.000334,0.349776
212000,0.7779,0.306348,0.002724,0.000334,0.318735
213000,0.7779,0.306348,0.002724,0.000334,0.234185
214000,0.7779,0.306348,0.002724,0.000334,0.263591
215000,0.7779,0.306348,0.002724,0.000334,0.343955
216000,0.7779,0.306348,0.002724,0.000334,0.379387
217000,0.7779,0.306348,0.002724,0.000334,0.320702
218000,0.7779,0.306348,0.002724,0.000334,0.250312
219000,0.7779,0.306348,0.002724,0.000334,0.249716
220000,0.7779,0.306348,0.002724,0.000334,0.290337
221000,0.7779,0.306348,0.002724,0.000334,0.382832
222000,0.7779,0.306348,0.002724,0.000334,0.344734
223000,0.7779,0.306348,0.002724,0.000334,0.275982
224000,0.7779,0.306348,0.002724,0.000334,0.231182
225000,0.7779,0.306348,0.002724,0.000334,0.288015
226000,0.7779,0.306348,0.002724,0.000334,0.376809
227000,0.7779,0.306348,0.002724,0.000334,0.350335
228000,0.7779,0.306348,0.002724,0.000334,0.291270
229000,0.7779,0.306348,0.002724,0.000334,0.235874
230000,0.7779,0.306348,0.002724,0.000334,0.282446
231000,0.7779,0.306348,0.002724,0.000334,0.381216
232000,0.7779,0.306348,0.002724,0.000334,0.373743
233000,0.7779,0.306348,0.002724,0.000334,0.309062
234000,0.7779,0.306348,0.002724,0.000334,0.225921
235000,0.7779,0.306348,0.002724,0.000334,0.245219
236000,0.7779,0.306348,0.002724,0.000334,0.334771
237000,0.7779,0.306348,0.002724,0.000334,0.384480
238000,0.7779,0.306348,0.002724,0.000334,0.316772
239000,0.7779,0.306348,0.002724,0.000334,0.260288
240000,0.7779,0.306348,0.002724,0.000334,0.214376
241000,0.7779,0.306348,0.002724,0.000334,0.248268
242000,0.7779,0.306348,0.002724,0.000334,0.377292
243000,0.7779,0.306348,0.002724,0.000334,0.351531
244000,0.7779,0.306348,0.002724,0.000334,0.317231
245000,0.7779,0.306348,0.002724,0.000334,0.222547
246000,0.7779,0.306348,0.002724,0.000334,0.229222
247000,0.7779,0.306348,0.002724,0.000334,0.347474
248000,0.7779,0.306348,0.002724,0.000334,0.395738
249000,0.7779,0.306348,0.002724,0.000334,0.319086
250000,0.7779,0.306348,0.002724,0.000334,0.272581
251000,0.7779,0.306348,0.002724,0.000334,0.228030
252000,0.7779,0.306348,0.002724,0.000334,0.280933
253000,0.7779,0.306348,0.002724,0.000334,0.374261
254000,0.7779,0.306348,0.002724,0.000334,0.358793
255000,0.7779,0.306348,0.002724,0.000334,0.300584
256000,0.7779,0.306348,0.002724,0.000334,0.222900
257000,0.7779,0.306348,0.002724,0.000334,0.220075
258000,0.7779,0.306348,0.002724,0.000334,0.358283
259000,0.7779,0.306348,0.002724,0.000334,0.386316
260000,0.7779,0.306348,0.002724,0.000334,0.329248
261000,0.7779,0.306348,0.002724,0.000334,0.243249
262000,0.7779,0.306348,0.002724,0.000334,0.192907
263000,0.7779,0.306348,0.002724,0.000334,0.241624
264000,0.7779,0.306348,0.002724,0.000334,0.374434
265000,0.7779,0.306348,0.002724,0.000334,0.383248
266000,0.7779,0.306348,0.002724,0.000334,0.319423
267000,0.7779,0.306348,0.002724,0.000334,0.221613
268000,0.7779,0.306348,0.002724,0.000334,0.211908
269000,0.7779,0.306348,0.002724,0.000334,0.257791
270000,0.7779,0.306348,0.002724,0.000334,0.399765
271000,0.7779,0.306348,0.002724,0.000334,0.354771
272000,0.7779,0.306348,0.002724,0.000334,0.313259
273000,0.7779,0.306348,0.002724,0.000334,0.226048
274000,0.7779,0.306348,0.002724,0.000334,0.222904
275000,0.7779,0.306348,0.002724,0.000334,0.302357
276000,0.7779,0.306348,0.002724,0.000334,0.388945
277000,0.7779,0.306348,0.002724,0.000334,0.334169
278000,0.7779,0.306348,0.002724,0.000334,0.287029
279000,0.7779,0.306348,0.002724,0.000334,0.211878
280000,0.7779,0.306348,0.002724,0.000334,0.279442
281000,0.7779,0.306348,0.002724,0.000334,0.377956
282000,0.7779,0.306348,0.002724,0.000334,0.372253
283000,0.7779,0.306348,0.002724,0.000334,0.301373
284000,0.7779,0.306348,0.002724,0.000334,0.235575
285000,0.7779,0.306348,0.002724,0.000334,0.248553
286000,0.7779,0.306348,0.002724,0.000334,0.342698
287000,0.7779,0.306348,0.002724,0.000334,0.383063
288000,0.7779,0.306348,0.002724,0.000334,0.315350
289000,0.7779,0.306348,0.002724,0.000334,0.257177
290000,0.7779,0.306348,0.002724,0.000334,0.229691
291000,0.7779,0.306348,0.002724,0.000334,0.276083
292000,0.7779,0.306348,0.002724,0.000334,0.385488
293000,0.7779,0.306348,0.002724,0.000334,0.349892
294000,0.7779,0.306348,0.002724,0.000334,0.320276
295000,0.7779,0.306348,0.002724,0.000334,0.223238
296000,0.7779,0.306348,0.002724,0.000334,0.235912
297000,0.7779,0.306348,0.002724,0.000334,0.334496
298000,0.7779,0.306348,0.002724,0.000334,0.384552
299000,0.7779,0.306348,0.002724,0.000334,0.324917
300000,0.7779,0.306348,0.002724,0.000334,0.262093
301000,0.7779,0.306348,0.002724,0.000334,0.212389
302000,0.7779,0.306348,0.002724,0.000334,0.304034
303000,0.7779,0.306348,0.002724,0.000334,0.386307
304000,0.7779,0.306348,0.002724,0.000334,0.330001
305000,0.7779,0.306348,0.002724,0.000334,0.297025
306000,0.7779,0.306348,0.002724,0.000334,0.212349
307000,0.7779,0.306348,0.002724,0.000334,0.216700
308000,0.7779,0.306348,0.002724,0.000334,0.363367
309000,0.7779,0.306348,0.002724,0.000334,0.385290
310000,0.7779,0.306348,0.002724,0.000334,0.330376
311000,0.7779,0.306348,0.002724,0.000334,0.251686
312000,0.7779,0.306348,0.002724,0.000334,0.217187
313000,0.7779,0.306348,0.002724,0.000334,0.265031
314000,0.7779,0.306348,0.002724,0.000334,0.370870
315000,0.7779,0.306348,0.002724,0.000334,0.345448
316000,0.7779,0.306348,0.002724,0.000334,0.317238
317000,0.7779,0.306348,0.002724,0.000334,0.237414
318000,0.7779,0.306348,0.002724,0.000334,0.232911
319000,0.7779,0.306348,0.002724,0.000334,0.338011
320000,0.7779,0.306348,0.002724,0.000334,0.385051
321000,0.7779,0.306348,0.002724,0.000334,0.299559
322000,0.7779,0.306348,0.002724,0.000334,0.278769
323000,0.7779,0.306348,0.002724,0.000334,0.222323
324000,0.7779,0.306348,0.002724,0.000334,0.284457
325000,0.7779,0.306348,0.002724,0.000334,0.357108
326000,0.7779,0.306348,0.002724,0.000334,0.362307
327000,0.7779,0.306348,0.002724,0.000334,0.316724
328000,0.7779,0.306348,0.002724,0.000334,0.260291
329000,0.7779,0.306348,0.002724,0.000334,0.264290
330000,0.7779,0.306348,0.002724,0.000334,0.316593
331000,0.7779,0.306348,0.002724,0.000334,0.360795
332000,0.7779,0.306348,0.002724,0.000334,0.334497
333000,0.7779,0.306348,0.002724,0.000334,0.269741
334000,0.7779,0.306348,0.002724,0.000334,0.255733
335000,0.7779,0.306348,0.002724,0.000334,0.309492
336000,0.7779,0.306348,0.002724,0.000334,0.363592
337000,0.7779,0.306348,0.002724,0.000334,0.314584
338000,0.7779,0.306348,0.002724,0.000334,0.297620
339000,0.7779,0.306348,0.002724,0.000334,0.249248
340000,0.7779,0.306348,0.002724,0.000334,0.326215
341000,0.7779,0.306348,0.002724,0.000334,0.388987
342000,0.7779,0.306348,0.002724,0.000334,0.347173
343000,0.7779,0.306348,0.002724,0.000334,0.283004
344000,0.7779,0.306348,0.002724,0.000334,0.245061
345000,0.7779,0.306348,0.002724,0.000334,0.252015
346000,0.7779,0.306348,0.002724,0.000334,0.382534
347000,0.7779,0.306348,0.002724,0.000334,0.354595
348000,0.7779,0.306348,0.002724,0.000334,0.311105
349000,0.7779,0.306348,0.002724,0.000334,0.225665
350000,0.7779,0.306348,0.002724,0.000334,0.255383
351000,0.7779,0.306348,0.002724,0.000334,0.350076
352000,0.7779,0.306348,0.002724,0.000334,0.372569
353000,0.7779,0.306348,0.002724,0.000334,0.308092
354000,0.7779,0.306348,0.002724,0.000334,0.249154
355000,0.7779,0.306348,0.002724,0.000334,0.238946
356000,0.7779,0.306348,0.002724,0.000334,0.336720
357000,0.7779,0.306348,0.002724,0.000334,0.388575
358000,0.7779,0.306348,0.002724,0.000334,0.339959
359000,0.7779,0.306348,0.002724,0.000334,0.258158
360000,0.7779,0.306348,0.002724,0.000334,0.224803
361000,0.7779,0.306348,0.002724,0.000334,0.286021
362000,0.7779,0.306348,0.002724,0.000334,0.392450
363000,0.7779,0.306348,0.002724,0.000334,0.344062
364000,0.7779,0.306348,0.002724,0.000334,0.303671
365000,0.7779,0.306348,0.002724,0.000334,0.215173
366000,0.7779,0.306348,0.002724,0.000334,0.247142
367000,0.7779,0.306348,0.002724,0.000334,0.342277
368000,0.7779,0.306348,0.002724,0.000334,0.382280
369000,0.7779,0.306348,0.002724,0.000334,0.322218
370000,0.7779,0.306348,0.002724,0.000334,0.242989
371000,0.7779,0.306348,0.002724,0.000334,0.206040
372000,0.7779,0.306348,0.002724,0.000334,0.299824
373000,0.7779,0.306348,0.002724,0.000334,0.400693
374000,0.7779,0.306348,0.002724,0.000334,0.334136
375000,0.7779,0.306348,0.002724,0.000334,0.308550
376000,0.7779,0.306348,0.002724,0.000334,0.204233
377000,0.7779,0.306348,0.002724,0.000334,0.225684
378000,0.7779,0.306348,0.002724,0.000334,0.337294
379000,0.7779,0.306348,0.002724,0.000334,0.394744
380000,0.7779,0.306348,0.002724,0.000334,0.321722
381000,0.7779,0.306348,0.002724,0.000334,0.262129
382000,0.7779,0.306348,0.002724,0.000334,0.208154
383000,0.7779,0.306348,0.002724,0.000334,0.250823
384000,0.7779,0.306348,0.002724,0.000334,0.381974
385000,0.7779,0.306348,0.002724,0.000334,0.361886
386000,0.7779,0.306348,0.002724,0.000334,0.315967
387000,0.7779,0.306348,0.002724,0.000334,0.230507
388000,0.7779,0.306348,0.002724,0.000334,0.236006
389000,0.7779,0.306348,0.002724,0.000334,0.328583
390000,0.7779,0.306348,0.002724,0.000334,0.385510
391000,0.7779,0.306348,0.002724,0.000334,0.329042
392000,0.7779,0.306348,0.002724,0.000334,0.285305
393000,0.7779,0.306348,0.002724,0.000334,0.216991
394000,0.7779,0.306348,0.002724,0.000334,0.222579
395000,0.7779,0.306348,0.002724,0.000334,0.370980
396000,0.7779,0.306348,0.002724,0.000334,0.370664
397000,0.7779,0.306348,0.002724,0.000334,0.308412
398000,0.7779,0.306348,0.002724,0.000334,0.249467
399000,0.7779,0.306348,0.002724,0.000334,0.221000
400000,0.7779,0.306348,0.002724,0.000334,0.279939
401000,0.7779,0.306348,0.002724,0.000334,0.390022
402000,0.7779,0.306348,0.002724,0.000334,0.349707
403000,0.7779,0.306348,0.002724,0.000334,0.298391
404000,0.7779,0.306348,0.002724,0.000334,0.198528
405000,0.7779,0.306348,0.002724,0.000334,0.255112
406000,0.7779,0.306348,0.002724,0.000334,0.342087
407000,0.7779,0.306348,0.002724,0.000334,0.386546
408000,0.7779,0.306348,0.002724,0.000334,0.316323
409000,0.7779,0.306348,0.002724,0.000334,0.250058
410000,0.7779,0.306348,0.002724,0.000334,0.224200
411000,0.7779,0.306348,0.002724,0.000334,0.293350
412000,0.7779,0.306348,0.002724,0.000334,0.399378
413000,0.7779,0.306348,0.002724,0.000334,0.331148
414000,0.7779,0.306348,0.002724,0.000334,0.298206
415000,0.7779,0.306348,0.002724,0.000334,0.205805
416000,0.7779,0.306348,0.002724,0.000334,0.209953
417000,0.7779,0.306348,0.002724,0.000334,0.356870
418000,0.7779,0.306348,0.002724,0.000334,0.387760
419000,0.7779,0.306348,0.002724,0.000334,0.325905
420000,0.7779,0.306348,0.002724,0.000334,0.270609
421000,0.7779,0.306348,0.002724,0.000334,0.198873
422000,0.7779,0.306348,0.002724,0.000334,0.309210
423000,0.7779,0.306348,0.002724,0.000334,0.379756
424000,0.7779,0.306348,0.002724,0.000334,0.348903
425000,0.7779,0.306348,0.002724,0.000334,0.308947
426000,0.7779,0.306348,0.002724,0.000334,0.216862
427000,0.7779,0.306348,0.002724,0.000334,0.269589
428000,0.7779,0.306348,0.002724,0.000334,0.351858
429000,0.7779,0.306348,0.002724,0.000334,0.344740
430000,0.7779,0.306348,0.002724,0.000334,0.317289
431000,0.7779,0.306348,0.002724,0.000334,0.251555
432000,0.7779,0.306348,0.002724,0.000334,0.285582
433000,0.7779,0.306348,0.002724,0.000334,0.348979
434000,0.7779,0.306348,0.002724,0.000334,0.374148
435000,0.7779,0.306348,0.002724,0.000334,0.313711
436000,0.7779,0.306348,0.002724,0.000334,0.252649
437000,0.7779,0.306348,0.002724,0.000334,0.247027
438000,0.7779,0.306348,0.002724,0.000334,0.355535
439000,0.7779,0.306348,0.002724,0.000334,0.367790
440000,0.7779,0.306348,0.002724,0.000334,0.332745
441000,0.7779,0.306348,0.002724,0.000334,0.251536
442000,0.7779,0.306348,0.002724,0.000334,0.239620
443000,0.7779,0.306348,0.002724,0.000334,0.325889
444000,0.7779,0.306348,0.002724,0.000334,0.373328
445000,0.7779,0.306348,0.002724,0.000334,0.339337
446000,0.7779,0.306348,0.002724,0.000334,0.271261
447000,0.7779,0.306348,0.002724,0.000334,0.235281
448000,0.7779,0.306348,0.002724,0.000334,0.316528
449000,0.7779,0.306348,0.002724,0.000334,0.370066
450000,0.7779,0.306348,0.002724,0.000334,0.336510
451000,0.7779,0.306348,0.002724,0.000334,0.285577
452000,0.7779,0.306348,0.002724,0.000334,0.225152
453000,0.7779,0.306348,0.002724,0.000334,0.292517
454000,0.7779,0.306348,0.002724,0.000334,0.379446
455000,0.7779,0.306348,0.002724,0.000334,0.354770
456000,0.7779,0.306348,0.002724,0.000334,0.317285
457000,0.7779,0.306348,0.002724,0.000334,0.204880
458000,0.7779,0.306348,0.002724,0.000334,0.231443
459000,0.7779,0.306348,0.002724,0.000334,0.355140
460000,0.7779,0.306348,0.002724,0.000334,0.385828
461000,0.7779,0.306348,0.002724,0.000334,0.330757
462000,0.7779,0.306348,0.002724,0.000334,0.262316
463000,0.7779,0.306348,0.002724,0.000334,0.204938
464000,0.7779,0.306348,0.002724,0.000334,0.281430
465000,0.7779,0.306348,0.002724,0.000334,0.394095
466000,0.7779,0.306348,0.002724,0.000334,0.342378
467000,0.7779,0.306348,0.002724,0.000334,0.313354
468000,0.7779,0.306348,0.002724,0.000334,0.197988
469000,0.7779,0.306348,0.002724,0.000334,0.245001
470000,0.7779,0.306348,0.002724,0.000334,0.339589
471000,0.7779,0.306348,0.002724,0.000334,0.372596
472000,0.7779,0.306348,0.002724,0.000334,0.326098
473000,0.7779,0.306348,0.002724,0.000334,0.270487
474000,0.7779,0.306348,0.002724,0.000334,0.220413
475000,0.7779,0.306348,0.002724,0.000334,0.284652
476000,0.7779,0.306348,0.002724,0.000334,0.366374
477000,0.7779,0.306348,0.002724,0.000334,0.354981
478000,0.7779,0.306348,0.002724,0.000334,0.305326
479000,0.7779,0.306348,0.002724,0.000334,0.235350
480000,0.7779,0.306348,0.002724,0.000334,0.245755
481000,0.7779,0.306348,0.002724,0.000334,0.351650
482000,0.7779,0.306348,0.002724,0.000334,0.383803
483000,0.7779,0.306348,0.002724,0.000334,0.301474
484000,0.7779,0.306348,0.002724,0.000334,0.254146
485000,0.7779,0.306348,0.002724,0.000334,0.249069
486000,0.7779,0.306348,0.002724,0.000334,0.321278
487000,0.7779,0.306348,0.002724,0.000334,0.391313
488000,0.7779,0.306348,0.002724,0.000334,0.339088
489000,0.7779,0.306348,0.002724,0.000334,0.259105
490000,0.7779,0.306348,0.002724,0.000334,0.230535
491000,0.7779,0.306348,0.002724,0.000334,0.313806
492000,0.7779,0.306348,0.002724,0.000334,0.387360
493000,0.7779,0.306348,0.002724,0.000334,0.347702
494000,0.7779,0.306348,0.002724,0.000334,0.281040
495000,0.7779,0.306348,0.002724,0.000334,0.216429
496000,0.7779,0.306348,0.002724,0.000334,0.284964
497000,0.7779,0.306348,0.002724,0.000334,0.381912
498000,0.7779,0.306348,0.002724,0.000334,0.356733
499000,0.7779,0.306348,0.002724,0.000334,0.316493
500000,0.7779,0.306348,0.002724,0.000334,0.214913
501000,0.7779,0.306348,0.002724,0.000334,0.235297
502000,0.7779,0.306348,0.002724,0.000334,0.351498
503000,0.7779,0.306348,0.002724,0.000334,0.388476
504000,0.7779,0.306348,0.002724,0.000334,0.319208
505000,0.7779,0.306348,0.002724,0.000334,0.259930
506000,0.7779,0.306348,0.002724,0.000334,0.216155
507000,0.7779,0.306348,0.002724,0.000334,0.260671
508000,0.7779,0.306348,0.002724,0.000334,0.389207
509000,0.7779,0.306348,0.002724,0.000334,0.351015
510000,0.7779,0.306348,0.002724,0.000334,0.333302
511000,0.7779,0.306348,0.002724,0.000334,0.210618
512000,0.7779,0.306348,0.002724,0.000334,0.226016
513000,0.7779,0.306348,0.002724,0.000334,0.330412
514000,0.7779,0.306348,0.002724,0.000334,0.395426
515000,0.7779,0.306348,0.002724,0.000334,0.321362
516000,0.7779,0.306348,0.002724,0.000334,0.280645
517000,0.7779,0.306348,0.002724,0.000334,0.202462
518000,0.7779,0.306348,0.002724,0.000334,0.260444
519000,0.7779,0.306348,0.002724,0.000334,0.360401
520000,0.7779,0.306348,0.002724,0.000334,0.370076
521000,0.7779,0.306348,0.002724,0.000334,0.327089
522000,0.7779,0.306348,0.002724,0.000334,0.233010
523000,0.7779,0.306348,0.002724,0.000334,0.210688
524000,0.7779,0.306348,0.002724,0.000334,0.317173
525000,0.7779,0.306348,0.002724,0.000334,0.397546
526000,0.7779,0.306348,0.002724,0.000334,0.346649
527000,0.7779,0.306348,0.002724,0.000334,0.294050
528000,0.7779,0.306348,0.002724,0.000334,0.209147
529000,0.7779,0.306348,0.002724,0.000334,0.211871
530000,0.7779,0.306348,0.002724,0.000334,0.363393
531000,0.7779,0.306348,0.002724,0.000334,0.387197
532000,0.7779,0.306348,0.002724,0.000334,0.318360
533000,0.7779,0.306348,0.002724,0.000334,0.261389
534000,0.7779,0.306348,0.002724,0.000334,0.209747
535000,0.7779,0.306348,0.002724,0.000334,0.266494
536000,0.7779,0.306348,0.002724,0.000334,0.378013
537000,0.7779,0.306348,0.002724,0.000334,0.341435
538000,0.7779,0.306348,0.002724,0.000334,0.312648
539000,0.7779,0.306348,0.002724,0.000334,0.225139
540000,0.7779,0.306348,0.002724,0.000334,0.234696
541000,0.7779,0.306348,0.002724,0.000334,0.351487
542000,0.7779,0.306348,0.002724,0.000334,0.366318
543000,0.7779,0.306348,0.002724,0.000334,0.316974
544000,0.7779,0.306348,0.002724,0.000334,0.271935
545000,0.7779,0.306348,0.002724,0.000334,0.240172
546000,0.7779,0.306348,0.002724,0.000334,0.269782
547000,0.7779,0.306348,0.002724,0.000334,0.387298
548000,0.7779,0.306348,0.002724,0.000334,0.341660
549000,0.7779,0.306348,0.002724,0.000334,0.314777
550000,0.7779,0.306348,0.002724,0.000334,0.253593
551000,0.7779,0.306348,0.002724,0.000334,0.273827
552000,0.7779,0.306348,0.002724,0.000334,0.322680
553000,0.7779,0.306348,0.002724,0.000334,0.347679
554000,0.7779,0.306348,0.002724,0.000334,0.312344
555000,0.7779,0.306348,0.002724,0.000334,0.288341
556000,0.7779,0.306348,0.002724,0.000334,0.272976
557000,0.7779,0.306348,0.002724,0.000334,0.295959
558000,0.7779,0.306348,0.002724,0.000334,0.363765
559000,0.7779,0.306348,0.002724,0.000334,0.327830
560000,0.7779,0.306348,0.002724,0.000334,0.290070
561000,0.7779,0.306348,0.002724,0.000334,0.274928
562000,0.7779,0.306348,0.002724,0.000334,0.290547
563000,0.7779,0.306348,0.002724,0.000334,0.374518
564000,0.7779,0.306348,0.002724,0.000334,0.341698
565000,0.7779,0.306348,0.002724,0.000334,0.313891
566000,0.7779,0.306348,0.002724,0.000334,0.241710
567000,0.7779,0.306348,0.002724,0.000334,0.282777
568000,0.7779,0.306348,0.002724,0.000334,0.369701
569000,0.7779,0.306348,0.002724,0.000334,0.350256
570000,0.7779,0.306348,0.002724,0.000334,0.306887
571000,0.7779,0.306348,0.002724,0.000334,0.229518
572000,0.7779,0.306348,0.002724,0.000334,0.273849
573000,0.7779,0.306348,0.002724,0.000334,0.374311
574000,0.7779,0.306348,0.002724,0.000334,0.370386
575000,0.7779,0.306348,0.002724,0.000334,0.298204
576000,0.7779,0.306348,0.002724,0.000334,0.257132
577000,0.7779,0.306348,0.002724,0.000334,0.227227
578000,0.7779,0.306348,0.002724,0.000334,0.339153
579000,0.7779,0.306348,0.002724,0.000334,0.381769
580000,0.7779,0.306348,0.002724,0.000334,0.316047
581000,0.7779,0.306348,0.002724,0.000334,0.272004
582000,0.7779,0.306348,0.002724,0.000334,0.220485
583000,0.7779,0.306348,0.002724,0.000334,0.274009
584000,0.7779,0.306348,0.002724,0.000334,0.386054
585000,0.7779,0.306348,0.002724,0.000334,0.346742
586000,0.7779,0.306348,0.002724,0.000334,0.308494
587000,0.7779,0.306348,0.002724,0.000334,0.226039
588000,0.7779,0.306348,0.002724,0.000334,0.249390
589000,0.7779,0.306348,0.002724,0.000334,0.339180
590000,0.7779,0.306348,0.002724,0.000334,0.384023
591000,0.7779,0.306348,0.002724,0.000334,0.318089
592000,0.7779,0.306348,0.002724,0.000334,0.278006
593000,0.7779,0.306348,0.002724,0.000334,0.252744
594000,0.7779,0.306348,0.002724,0.000334,0.311032
595000,0.7779,0.306348,0.002724,0.000334,0.370478
596000,0.7779,0.306348,0.002724,0.000334,0.322986
597000,0.7779,0.306348,0.002724,0.000334,0.283226
598000,0.7779,0.306348,0.002724,0.000334,0.251782
599000,0.7779,0.306348,0.002724,0.000334,0.284092
600000,0.7779,0.306348,0.002724,0.000334,0.357589
601000,0.7779,0.306348,0.002724,0.000334,0.363057
602000,0.7779,0.306348,0.002724,0.000334,0.303959
603000,0.7779,0.306348,0.002724,0.000334,0.256302
604000,0.7779,0.306348,0.002724,0.000334,0.248754
605000,0.7779,0.306348,0.002724,0.000334,0.360260
606000,0.7779,0.306348,0.002724,0.000334,0.370927
607000,0.7779,0.306348,0.002724,0.000334,0.310116
608000,0.7779,0.306348,0.002724,0.000334,0.241510
609000,0.7779,0.306348,0.002724,0.000334,0.240563
610000,0.7779,0.306348,0.002724,0.000334,0.362601
611000,0.7779,0.306348,0.002724,0.000334,0.375590
612000,0.7779,0.306348,0.002724,0.000334,0.300142
613000,0.7779,0.306348,0.002724,0.000334,0.250091
614000,0.7779,0.306348,0.002724,0.000334,0.257566
615000,0.7779,0.306348,0.002724,0.000334,0.331750
616000,0.7779,0.306348,0.002724,0.000334,0.386280
617000,0.7779,0.306348,0.002724,0.000334,0.322454
618000,0.7779,0.306348,0.002724,0.000334,0.271888
619000,0.7779,0.306348,0.002724,0.000334,0.233762
620000,0.7779,0.306348,0.002724,0.000334,0.290392
621000,0.7779,0.306348,0.002724,0.000334,0.390317
622000,0.7779,0.306348,0.002724,0.000334,0.350855
623000,0.7779,0.306348,0.002724,0.000334,0.306115
624000,0.7779,0.306348,0.002724,0.000334,0.236338
625000,0.7779,0.306348,0.002724,0.000334,0.217081
626000,0.7779,0.306348,0.002724,0.000334,0.363395
627000,0.7779,0.306348,0.002724,0.000334,0.367154
628000,0.7779,0.306348,0.002724,0.000334,0.309938
629000,0.7779,0.306348,0.002724,0.000334,0.260276
630000,0.7779,0.306348,0.002724,0.000334,0.230908
631000,0.7779,0.306348,0.002724,0.000334,0.325341
632000,0.7779,0.306348,0.002724,0.000334,0.396182
633000,0.7779,0.306348,0.002724,0.000334,0.328479
634000,0.7779,0.306348,0.002724,0.000334,0.274929
635000,0.7779,0.306348,0.002724,0.000334,0.227373
636000,0.7779,0.306348,0.002724,0.000334,0.287406
637000,0.7779,0.306348,0.002724,0.000334,0.390959
638000,0.7779,0.306348,0.002724,0.000334,0.352413
639000,0.7779,0.306348,0.002724,0.000334,0.302095
640000,0.7779,0.306348,0.002724,0.000334,0.218891
641000,0.7779,0.306348,0.002724,0.000334,0.271508
642000,0.7779,0.306348,0.002724,0.000334,0.373036
643000,0.7779,0.306348,0.002724,0.000334,0.355473
644000,0.7779,0.306348,0.002724,0.000334,0.293030
645000,0.7779,0.306348,0.002724,0.000334,0.232995
646000,0.7779,0.306348,0.002724,0.000334,0.243462
647000,0.7779,0.306348,0.002724,0.000334,0.355327
648000,0.7779,0.306348,0.002724,0.000334,0.393232
649000,0.7779,0.306348,0.002724,0.000334,0.304873
650000,0.7779,0.306348,0.002724,0.000334,0.252794
651000,0.7779,0.306348,0.002724,0.000334,0.236471
652000,0.7779,0.306348,0.002724,0.000334,0.288579
653000,0.7779,0.306348,0.002724,0.000334,0.394561
654000,0.7779,0.306348,0.002724,0.000334,0.340901
655000,0.7779,0.306348,0.002724,0.000334,0.301058
656000,0.7779,0.306348,0.002724,0.000334,0.217309
657000,0.7779,0.306348,0.002724,0.000334,0.208695
658000,0.7779,0.306348,0.002724,0.000334,0.349086
659000,0.7779,0.306348,0.002724,0.000334,0.395203
660000,0.7779,0.306348,0.002724,0.000334,0.320481
661000,0.7779,0.306348,0.002724,0.000334,0.251145
662000,0.7779,0.306348,0.002724,0.000334,0.196270
663000,0.7779,0.306348,0.002724,0.000334,0.207791
664000,0.7779,0.306348,0.002724,0.000334,0.382822
665000,0.7779,0.306348,0.002724,0.000334,0.390080
666000,0.7779,0.306348,0.002724,0.000334,0.329921
667000,0.7779,0.306348,0.002724,0.000334,0.235002
668000,0.7779,0.306348,0.002724,0.000334,0.190991
669000,0.7779,0.306348,0.002724,0.000334,0.197621
670000,0.7779,0.306348,0.002724,0.000334,0.375859
671000,0.7779,0.306348,0.002724,0.000334,0.400231
672000,0.7779,0.306348,0.002724,0.000334,0.318296
673000,0.7779,0.306348,0.002724,0.000334,0.265456
674000,0.7779,0.306348,0.002724,0.000334,0.191553
675000,0.7779,0.306348,0.002724,0.000334,0.207809
676000,0.7779,0.306348,0.002724,0.000334,0.345778
677000,0.7779,0.306348,0.002724,0.000334,0.389867
678000,0.7779,0.306348,0.002724,0.000334,0.325145
679000,0.7779,0.306348,0.002724,0.000334,0.282496
680000,0.7779,0.306348,0.002724,0.000334,0.194459
681000,0.7779,0.306348,0.002724,0.000334,0.218691
682000,0.7779,0.306348,0.002724,0.000334,0.358586
683000,0.7779,0.306348,0.002724,0.000334,0.388912
684000,0.7779,0.306348,0.002724,0.000334,0.331646
685000,0.7779,0.306348,0.002724,0.000334,0.252333
686000,0.7779,0.306348,0.002724,0.000334,0.194150
687000,0.7779,0.306348,0.002724,0.000334,0.240985
688000,0.7779,0.306348,0.002724,0.000334,0.390829
689000,0.7779,0.306348,0.002724,0.000334,0.367706
690000,0.7779,0.306348,0.002724,0.000334,0.322884
691000,0.7779,0.306348,0.002724,0.000334,0.220051
692000,0.7779,0.306348,0.002724,0.000334,0.214808
693000,0.7779,0.306348,0.002724,0.000334,0.299570
694000,0.7779,0.306348,0.002724,0.000334,0.395484
695000,0.7779,0.306348,0.002724,0.000334,0.344202
696000,0.7779,0.306348,0.002724,0.000334,0.302894
697000,0.7779,0.306348,0.002724,0.000334,0.206754
698000,0.7779,0.306348,0.002724,0.000334,0.243178
699000,0.7779,0.306348,0.002724,0.000334,0.344560
700000,0.7779,0.306348,0.002724,0.000334,0.381668
701000,0.7779,0.306348,0.002724,0.000334,0.321341
702000,0.7779,0.306348,0.002724,0.000334,0.249235
703000,0.7779,0.306348,0.002724,0.000334,0.236250
704000,0.7779,0.306348,0.002724,0.000334,0.294291
705000,0.7779,0.306348,0.002724,0.000334,0.383567
706000,0.7779,0.306348,0.002724,0.000334,0.331420
707000,0.7779,0.306348,0.002724,0.000334,0.286193
708000,0.7779,0.306348,0.002724,0.000334,0.223026
709000,0.7779,0.306348,0.002724,0.000334,0.265471
710000,0.7779,0.306348,0.002724,0.000334,0.375780
711000,0.7779,0.306348,0.002724,0.000334,0.374047
712000,0.7779,0.306348,0.002724,0.000334,0.328296
713000,0.7779,0.306348,0.002724,0.000334,0.233747
714000,0.7779,0.306348,0.002724,0.000334,0.209508
715000,0.7779,0.306348,0.002724,0.000334,0.312685
716000,0.7779,0.306348,0.002724,0.000334,0.389845
717000,0.7779,0.306348,0.002724,0.000334,0.325448
718000,0.7779,0.306348,0.002724,0.000334,0.287473
719000,0.7779,0.306348,0.002724,0.000334,0.217489
720000,0.7779,0.306348,0.002724,0.000334,0.260567
721000,0.7779,0.306348,0.002724,0.000334,0.372632
722000,0.7779,0.306348,0.002724,0.000334,0.371704
723000,0.7779,0.306348,0.002724,0.000334,0.303061
724000,0.7779,0.306348,0.002724,0.000334,0.237815
725000,0.7779,0.306348,0.002724,0.000334,0.243898
726000,0.7779,0.306348,0.002724,0.000334,0.329078
727000,0.7779,0.306348,0.002724,0.000334,0.391274
728000,0.7779,0.306348,0.002724,0.000334,0.318619
729000,0.7779,0.306348,0.002724,0.000334,0.251771
730000,0.7779,0.306348,0.002724,0.000334,0.216389
731000,0.7779,0.306348,0.002724,0.000334,0.299261
732000,0.7779,0.306348,0.002724,0.000334,0.399879
733000,0.7779,0.306348,0.002724,0.000334,0.307689
734000,0.7779,0.306348,0.002724,0.000334,0.298079
735000,0.7779,0.306348,0.002724,0.000334,0.243905
736000,0.7779,0.306348,0.002724,0.000334,0.192868
737000,0.7779,0.306348,0.002724,0.000334,0.328428
738000,0.7779,0.306348,0.002724,0.000334,0.398119
739000,0.7779,0.306348,0.002724,0.000334,0.267537
740000,0.7779,0.306348,0.002724,0.000334,0.186944
741000,0.7779,0.306348,0.002724,0.000334,0.196787
742000,0.7779,0.306348,0.002724,0.000334,0.220693
743000,0.7779,0.306348,0.002724,0.000334,0.183809
744000,0.7779,0.306348,0.002724,0.000334,0.183809
745000,0.7779,0.306348,0.002724,0.000334,0.183809
746000,0.7779,0.306348,0.002724,0.000334,0.183809
747000,0.7779,0.306348,0.002724,0.000334,0.183809
748000,0.7779,0.306348,0.002724,0.000334,0.183809
749000,0.7779,0.306348,0.002724,0.000334,0.342038
750000,0.7779,0.306348,0.002724,0.000334,0.270025
751000,0.7779,0.306348,0.002724,0.000334,0.314577
752000,0.7779,0.306348,0.002724,0.000334,0.370032
753000,0.7779,0.306348,0.002724,0.000334,0.368229
754000,0.7779,0.306348,0.002724,0.000334,0.370031
755000,0.7779,0.306348,0.002724,0.000334,0.313966
756000,0.7779,0.306348,0.002724,0.000334,0.294541
757000,0.7779,0.306348,0.002724,0.000334,0.343283
758000,0.7779,0.306348,0.002724,0.000334,0.350683
759000,0.7779,0.306348,0.002724,0.000334,0.367716
760000,0.7779,0.306348,0.002724,0.000334,0.371176
761000,0.7779,0.306348,0.002724,0.000334,0.369905
762000,0.7779,0.306348,0.002724,0.000334,0.335699
763000,0.7779,0.306348,0.002724,0.000334,0.304285
764000,0.7779,0.306348,0.002724,0.000334,0.329081
765000,0.7779,0.306348,0.002724,0.000334,0.362738
766000,0.7779,0.306348,0.002724,0.000334,0.366125
767000,0.7779,0.306348,0.002724,0.000334,0.368173
768000,0.7779,0.306348,0.002724,0.000334,0.364139
769000,0.7779,0.306348,0.002724,0.000334,0.335008
770000,0.7779,0.306348,0.002724,0.000334,0.335309
771000,0.7779,0.306348,0.002724,0.000334,0.358578
772000,0.7779,0.306348,0.002724,0.000334,0.363299
773000,0.7779,0.306348,0.002724,0.000334,0.365775
774000,0.7779,0.306348,0.002724,0.000334,0.367295
775000,0.7779,0.306348,0.002724,0.000334,0.340043
776000,0.7779,0.306348,0.002724,0.000334,0.301853
777000,0.7779,0.306348,0.002724,0.000334,0.346189
778000,0.7779,0.306348,0.002724,0.000334,0.344348
779000,0.7779,0.306348,0.002724,0.000334,0.340834
780000,0.7779,0.306348,0.002724,0.000334,0.330814
781000,0.7779,0.306348,0.002724,0.000334,0.299124
782000,0.7779,0.306348,0.002724,0.000334,0.338535
783000,0.7779,0.306348,0.002724,0.000334,0.324336
784000,0.7779,0.306348,0.002724,0.000334,0.338939
785000,0.7779,0.306348,0.002724,0.000334,0.325073
786000,0.7779,0.306348,0.002724,0.000334,0.309235
787000,0.7779,0.306348,0.002724,0.000334,0.331794
788000,0.7779,0.306348,0.002724,0.000334,0.316599
789000,0.7779,0.306348,0.002724,0.000334,0.340005
790000,0.7779,0.306348,0.002724,0.000334,0.317347
791000,0.7779,0.306348,0.002724,0.000334,0.324337
792000,0.7779,0.306348,0.002724,0.000334,0.336124
793000,0.7779,0.306348,0.002724,0.000334,0.332995
794000,0.7779,0.306348,0.002724,0.000334,0.333951
795000,0.7779,0.306348,0.002724,0.000334,0.310626
796000,0.7779,0.306348,0.002724,0.000334,0.327006
797000,0.7779,0.306348,0.002724,0.000334,0.334814
798000,0.7779,0.306348,0.002724,0.000334,0.328083
799000,0.7779,0.306348,0.002724,0.000334,0.330183
800000,0.7779,0.306348,0.002724,0.000334,0.311748
801000,0.7779,0.306348,0.002724,0.000334,0.336817
802000,0.7779,0.306348,0.002724,0.000334,0.318542
803000,0.7779,0.306348,0.002724,0.000334,0.325781
804000,0.7779,0.306348,0.002724,0.000334,0.315041
805000,0.7779,0.306348,0.002724,0.000334,0.321334
806000,0.7779,0.306348,0.002724,0.000334,0.328100
807000,0.7779,0.306348,0.002724,0.000334,0.336680
808000,0.7779,0.306348,0.002724,0.000334,0.337593
809000,0.7779,0.306348,0.002724,0.000334,0.319663
810000,0.7779,0.306348,0.002724,0.000334,0.322195
811000,0.7779,0.306348,0.002724,0.000334,0.323014
812000,0.7779,0.306348,0.002724,0.000334,0.331593
813000,0.7779,0.306348,0.002724,0.000334,0.330866
814000,0.7779,0.306348,0.002724,0.000334,0.314806
815000,0.7779,0.306348,0.002724,0.000334,0.319759
816000,0.7779,0.306348,0.002724,0.000334,0.324943
817000,0.7779,0.306348,0.002724,0.000334,0.331835
818000,0.7779,0.306348,0.002724,0.000334,0.325386
819000,0.7779,0.306348,0.002724,0.000334,0.313854
820000,0.7779,0.306348,0.002724,0.000334,0.307104
821000,0.7779,0.306348,0.002724,0.000334,0.326969
822000,0.7779,0.306348,0.002724,0.000334,0.333073
823000,0.7779,0.306348,0.002724,0.000334,0.329799
824000,0.7779,0.306348,0.002724,0.000334,0.311013
825000,0.7779,0.306348,0.002724,0.000334,0.325450
826000,0.7779,0.306348,0.002724,0.000334,0.324770
827000,0.7779,0.306348,0.002724,0.000334,0.332531
828000,0.7779,0.306348,0.002724,0.000334,0.330763
829000,0.7779,0.306348,0.002724,0.000334,0.309560
830000,0.7779,0.306348,0.002724,0.000334,0.334243
831000,0.7779,0.306348,0.002724,0.000334,0.329122
832000,0.7779,0.306348,0.002724,0.000334,0.316225
833000,0.7779,0.306348,0.002724,0.000334,0.313931
834000,0.7779,0.306348,0.002724,0.000334,0.319258
835000,0.7779,0.306348,0.002724,0.000334,0.328011
836000,0.7779,0.306348,0.002724,0.000334,0.324005
837000,0.7779,0.306348,0.002724,0.000334,0.323236
838000,0.7779,0.306348,0.002724,0.000334,0.318074
839000,0.7779,0.306348,0.002724,0.000334,0.328597
840000,0.7779,0.306348,0.002724,0.000334,0.328857
841000,0.7779,0.306348,0.002724,0.000334,0.321305
842000,0.7779,0.306348,0.002724,0.000334,0.332783
843000,0.7779,0.306348,0.002724,0.000334,0.325075
844000,0.7779,0.306348,0.002724,0.000334,0.332412
845000,0.7779,0.306348,0.002724,0.000334,0.312892
846000,0.7779,0.306348,0.002724,0.000334,0.336976
847000,0.7779,0.306348,0.002724,0.000334,0.316265
848000,0.7779,0.306348,0.002724,0.000334,0.339510
849000,0.7779,0.306348,0.002724,0.000334,0.320200
850000,0.7779,0.306348,0.002724,0.000334,0.331647
851000,0.7779,0.306348,0.002724,0.000334,0.333660
852000,0.7779,0.306348,0.002724,0.000334,0.316620
853000,0.7779,0.306348,0.002724,0.000334,0.334143
854000,0.7779,0.306348,0.002724,0.000334,0.317828
855000,0.7779,0.306348,0.002724,0.000334,0.330143
856000,0.7779,0.306348,0.002724,0.000334,0.321964
857000,0.7779,0.306348,0.002724,0.000334,0.338883
858000,0.7779,0.306348,0.002724,0.000334,0.328792
859000,0.7779,0.306348,0.002724,0.000334,0.328622
860000,0.7779,0.306348,0.002724,0.000334,0.328924
861000,0.7779,0.306348,0.002724,0.000334,0.325008
862000,0.7779,0.306348,0.002724,0.000334,0.319609
863000,0.7779,0.306348,0.002724,0.000334,0.328906
864000,0.7779,0.306348,0.002724,0.000334,0.320774
865000,0.7779,0.306348,0.002724,0.000334,0.335048
866000,0.7779,0.306348,0.002724,0.000334,0.317223
867000,0.7779,0.306348,0.002724,0.000334,0.326322
868000,0.7779,0.306348,0.002724,0.000334,0.324312
869000,0.7779,0.306348,0.002724,0.000334,0.324780
870000,0.7779,0.306348,0.002724,0.000334,0.326191
871000,0.7779,0.306348,0.002724,0.000334,0.316895
872000,0.7779,0.306348,0.002724,0.000334,0.336216
873000,0.7779,0.306348,0.002724,0.000334,0.322320
874000,0.7779,0.306348,0.002724,0.000334,0.333381
875000,0.7779,0.306348,0.002724,0.000334,0.337302
876000,0.7779,0.306348,0.002724,0.000334,0.319125
877000,0.7779,0.306348,0.002724,0.000334,0.324390
878000,0.7779,0.306348,0.002724,0.000334,0.330001
879000,0.7779,0.306348,0.002724,0.000334,0.328663
880000,0.7779,0.306348,0.002724,0.000334,0.331216
881000,0.7779,0.306348,0.002724,0.000334,0.319470
882000,0.7779,0.306348,0.002724,0.000334,0.308276
883000,0.7779,0.306348,0.002724,0.000334,0.317217
884000,0.7779,0.306348,0.002724,0.000334,0.326787
885000,0.7779,0.306348,0.002724,0.000334,0.331385
886000,0.7779,0.306348,0.002724,0.000334,0.325731
887000,0.7779,0.306348,0.002724,0.000334,0.326456
888000,0.7779,0.306348,0.002724,0.000334,0.334893
889000,0.7779,0.306348,0.002724,0.000334,0.327492
890000,0.7779,0.306348,0.002724,0.000334,0.329937
891000,0.7779,0.306348,0.002724,0.000334,0.327819
892000,0.7779,0.306348,0.002724,0.000334,0.328020
893000,0.7779,0.306348,0.002724,0.000334,0.328594
894000,0.7779,0.306348,0.002724,0.000334,0.324724
895000,0.7779,0.306348,0.002724,0.000334,0.317776
896000,0.7779,0.306348,0.002724,0.000334,0.320153
897000,0.7779,0.306348,0.002724,0.000334,0.328483
898000,0.7779,0.306348,0.002724,0.000334,0.336061
899000,0.7779,0.306348,0.002724,0.000334,0.320920
900000,0.7779,0.306348,0.002724,0.000334,0.325942
901000,0.7779,0.306348,0.002724,0.000334,0.314613
902000,0.7779,0.306348,0.002724,0.000334,0.335992
903000,0.7779,0.306348,0.002724,0.000334,0.316994
904000,0.7779,0.306348,0.002724,0.000334,0.332566
905000,0.7779,0.306348,0.002724,0.000334,0.312249
906000,0.7779,0.306348,0.002724,0.000334,0.328757
907000,0.7779,0.306348,0.002724,0.000334,0.335107
908000,0.7779,0.306348,0.002724,0.000334,0.314274
909000,0.7779,0.306348,0.002724,0.000334,0.326287
910000,0.7779,0.306348,0.002724,0.000334,0.314979
911000,0.7779,0.306348,0.002724,0.000334,0.330789
912000,0.7779,0.306348,0.002724,0.000334,0.338180
913000,0.7779,0.306348,0.002724,0.000334,0.320193
914000,0.7779,0.306348,0.002724,0.000334,0.318513
915000,0.7779,0.306348,0.002724,0.000334,0.316501
916000,0.7779,0.306348,0.002724,0.000334,0.330109
917000,0.7779,0.306348,0.002724,0.000334,0.322171
918000,0.7779,0.306348,0.002724,0.000334,0.331667
919000,0.7779,0.306348,0.002724,0.000334,0.323205
920000,0.7779,0.306348,0.002724,0.000334,0.316597
921000,0.7779,0.306348,0.002724,0.000334,0.319312
922000,0.7779,0.306348,0.002724,0.000334,0.337447
923000,0.7779,0.306348,0.002724,0.000334,0.334680
924000,0.7779,0.306348,0.002724,0.000334,0.323347
925000,0.7779,0.306348,0.002724,0.000334,0.317475
926000,0.7779,0.306348,0.002724,0.000334,0.319453
927000,0.7779,0.306348,0.002724,0.000334,0.335818
928000,0.7779,0.306348,0.002724,0.000334,0.315398
929000,0.7779,0.306348,0.002724,0.000334,0.333061
930000,0.7779,0.306348,0.002724,0.000334,0.325340
931000,0.7779,0.306348,0.002724,0.000334,0.324602
932000,0.7779,0.306348,0.002724,0.000334,0.326006
933000,0.7779,0.306348,0.002724,0.000334,0.325863
934000,0.7779,0.306348,0.002724,0.000334,0.329054
935000,0.7779,0.306348,0.002724,0.000334,0.322066
936000,0.7779,0.306348,0.002724,0.000334,0.329907
937000,0.7779,0.306348,0.002724,0.000334,0.325378
938000,0.7779,0.306348,0.002724,0.000334,0.329094
939000,0.7779,0.306348,0.002724,0.000334,0.327671
940000,0.7779,0.306348,0.002724,0.000334,0.326497
941000,0.7779,0.306348,0.002724,0.000334,0.331959
942000,0.7779,0.306348,0.002724,0.000334,0.330370
943000,0.7779,0.306348,0.002724,0.000334,0.320269
944000,0.7779,0.306348,0.002724,0.000334,0.338099
945000,0.7779,0.306348,0.002724,0.000334,0.326778
946000,0.7779,0.306348,0.002724,0.000334,0.327554
947000,0.7779,0.306348,0.002724,0.000334,0.308557
948000,0.7779,0.306348,0.002724,0.000334,0.333918
949000,0.7779,0.306348,0.002724,0.000334,0.328892
950000,0.7779,0.306348,0.002724,0.000334,0.331118
951000,0.7779,0.306348,0.002724,0.000334,0.329757
952000,0.7779,0.306348,0.002724,0.000334,0.324160
953000,0.7779,0.306348,0.002724,0.000334,0.330252
954000,0.7779,0.306348,0.002724,0.000334,0.322906
955000,0.7779,0.306348,0.002724,0.000334,0.317102
956000,0.7779,0.306348,0.002724,0.000334,0.326119
957000,0.7779,0.306348,0.002724,0.000334,0.328155
958000,0.7779,0.306348,0.002724,0.000334,0.339381
959000,0.7779,0.306348,0.002724,0.000334,0.332660
960000,0.7779,0.306348,0.002724,0.000334,0.324852
961000,0.7779,0.306348,0.002724,0.000334,0.319564
962000,0.7779,0.306348,0.002724,0.000334,0.327640
963000,0.7779,0.306348,0.002724,0.000334,0.330667
964000,0.7779,0.306348,0.002724,0.000334,0.323104
965000,0.7779,0.306348,0.002724,0.000334,0.325621
966000,0.7779,0.306348,0.002724,0.000334,0.320929
967000,0.7779,0.306348,0.002724,0.000334,0.323973
968000,0.7779,0.306348,0.002724,0.000334,0.321481
969000,0.7779,0.306348,0.002724,0.000334,0.334372
970000,0.7779,0.306348,0.002724,0.000334,0.329993
971000,0.7779,0.306348,0.002724,0.000334,0.326551
972000,0.7779,0.306348,0.002724,0.000334,0.325740
973000,0.7779,0.306348,0.002724,0.000334,0.325787
974000,0.7779,0.306348,0.002724,0.000334,0.331543
975000,0.7779,0.306348,0.002724,0.000334,0.329382
976000,0.7779,0.306348,0.002724,0.000334,0.320498
977000,0.7779,0.306348,0.002724,0.000334,0.325493
978000,0.7779,0.306348,0.002724,0.000334,0.331617
979000,0.7779,0.306348,0.002724,0.000334,0.329232
980000,0.7779,0.306348,0.002724,0.000334,0.325185
981000,0.7779,0.306348,0.002724,0.000334,0.314905
982000,0.7779,0.306348,0.002724,0.000334,0.330298
983000,0.7779,0.306348,0.002724,0.000334,0.313701
984000,0.7779,0.306348,0.002724,0.000334,0.328371
985000,0.7779,0.306348,0.002724,0.000334,0.326918
986000,0.7779,0.306348,0.002724,0.000334,0.324674
987000,0.7779,0.306348,0.002724,0.000334,0.317606
988000,0.7779,0.306348,0.002724,0.000334,0.332258
989000,0.7779,0.306348,0.002724,0.000334,0.332777
990000,0.7779,0.306348,0.002724,0.000334,0.318748
991000,0.7779,0.306348,0.002724,0.000334,0.320977
992000,0.7779,0.306348,0.002724,0.000334,0.320074
993000,0.7779,0.306348,0.002724,0.000334,0.332180
994000,0.7779,0.306348,0.002724,0.000334,0.329951
995000,0.7779,0.306348,0.002724,0.000334,0.328559
996000,0.7779,0.306348,0.002724,0.000334,0.309482
997000,0.7779,0.306348,0.002724,0.000334,0.326534
998000,0.7779,0.306348,0.002724,0.000334,0.328284
999000,0.7779,0.306348,0.002724,0.000334,0.317094
