Cycle,Area(mm^2),PeakDynamic(W),SubthresholdLeakage(W),GateLeakage(W),RunTimeDynamic(W)
56000000,0.7779,0.306348,0.002724,0.000334,0.183856
56001000,0.7779,0.306348,0.002724,0.000334,0.183856
56002000,0.7779,0.306348,0.002724,0.000334,0.183856
56003000,0.7779,0.306348,0.002724,0.000334,0.183856
56004000,0.7779,0.306348,0.002724,0.000334,0.183856
56005000,0.7779,0.306348,0.002724,0.000334,0.183856
56006000,0.7779,0.306348,0.002724,0.000334,0.183856
56007000,0.7779,0.306348,0.002724,0.000334,0.183856
56008000,0.7779,0.306348,0.002724,0.000334,0.183856
56009000,0.7779,0.306348,0.002724,0.000334,0.183856
56010000,0.7779,0.306348,0.002724,0.000334,0.183856
56011000,0.7779,0.306348,0.002724,0.000334,0.183856
56012000,0.7779,0.306348,0.002724,0.000334,0.183856
56013000,0.7779,0.306348,0.002724,0.000334,0.183879
56014000,0.7779,0.306348,0.002724,0.000334,0.183832
56015000,0.7779,0.306348,0.002724,0.000334,0.183903
56016000,0.7779,0.306348,0.002724,0.000334,0.183832
56017000,0.7779,0.306348,0.002724,0.000334,0.183879
56018000,0.7779,0.306348,0.002724,0.000334,0.183832
56019000,0.7779,0.306348,0.002724,0.000334,0.183879
56020000,0.7779,0.306348,0.002724,0.000334,0.183856
56021000,0.7779,0.306348,0.002724,0.000334,0.183856
56022000,0.7779,0.306348,0.002724,0.000334,0.183856
56023000,0.7779,0.306348,0.002724,0.000334,0.183856
56024000,0.7779,0.306348,0.002724,0.000334,0.183856
56025000,0.7779,0.306348,0.002724,0.000334,0.183856
56026000,0.7779,0.306348,0.002724,0.000334,0.183856
56027000,0.7779,0.306348,0.002724,0.000334,0.183879
56028000,0.7779,0.306348,0.002724,0.000334,0.183832
56029000,0.7779,0.306348,0.002724,0.000334,0.183879
56030000,0.7779,0.306348,0.002724,0.000334,0.183856
56031000,0.7779,0.306348,0.002724,0.000334,0.183879
56032000,0.7779,0.306348,0.002724,0.000334,0.183879
56033000,0.7779,0.306348,0.002724,0.000334,0.183832
56034000,0.7779,0.306348,0.002724,0.000334,0.183879
56035000,0.7779,0.306348,0.002724,0.000334,0.183832
56036000,0.7779,0.306348,0.002724,0.000334,0.183879
56037000,0.7779,0.306348,0.002724,0.000334,0.183832
56038000,0.7779,0.306348,0.002724,0.000334,0.183856
56039000,0.7779,0.306348,0.002724,0.000334,0.183856
56040000,0.7779,0.306348,0.002724,0.000334,0.183856
56041000,0.7779,0.306348,0.002724,0.000334,0.183856
56042000,0.7779,0.306348,0.002724,0.000334,0.183856
56043000,0.7779,0.306348,0.002724,0.000334,0.183856
56044000,0.7779,0.306348,0.002724,0.000334,0.183856
56045000,0.7779,0.306348,0.002724,0.000334,0.183856
56046000,0.7779,0.306348,0.002724,0.000334,0.183856
56047000,0.7779,0.306348,0.002724,0.000334,0.183856
56048000,0.7779,0.306348,0.002724,0.000334,0.183856
56049000,0.7779,0.306348,0.002724,0.000334,0.183856
56050000,0.7779,0.306348,0.002724,0.000334,0.183856
56051000,0.7779,0.306348,0.002724,0.000334,0.183856
56052000,0.7779,0.306348,0.002724,0.000334,0.183856
56053000,0.7779,0.306348,0.002724,0.000334,0.183856
56054000,0.7779,0.306348,0.002724,0.000334,0.183856
56055000,0.7779,0.306348,0.002724,0.000334,0.183879
56056000,0.7779,0.306348,0.002724,0.000334,0.183879
56057000,0.7779,0.306348,0.002724,0.000334,0.183832
56058000,0.7779,0.306348,0.002724,0.000334,0.183879
56059000,0.7779,0.306348,0.002724,0.000334,0.183856
56060000,0.7779,0.306348,0.002724,0.000334,0.183856
56061000,0.7779,0.306348,0.002724,0.000334,0.183832
56062000,0.7779,0.306348,0.002724,0.000334,0.183879
56063000,0.7779,0.306348,0.002724,0.000334,0.183832
56064000,0.7779,0.306348,0.002724,0.000334,0.183879
56065000,0.7779,0.306348,0.002724,0.000334,0.183856
56066000,0.7779,0.306348,0.002724,0.000334,0.183856
56067000,0.7779,0.306348,0.002724,0.000334,0.183856
56068000,0.7779,0.306348,0.002724,0.000334,0.183856
56069000,0.7779,0.306348,0.002724,0.000334,0.183856
56070000,0.7779,0.306348,0.002724,0.000334,0.183856
56071000,0.7779,0.306348,0.002724,0.000334,0.183856
56072000,0.7779,0.306348,0.002724,0.000334,0.183856
56073000,0.7779,0.306348,0.002724,0.000334,0.183856
56074000,0.7779,0.306348,0.002724,0.000334,0.183856
56075000,0.7779,0.306348,0.002724,0.000334,0.183856
56076000,0.7779,0.306348,0.002724,0.000334,0.183856
56077000,0.7779,0.306348,0.002724,0.000334,0.183856
56078000,0.7779,0.306348,0.002724,0.000334,0.183856
56079000,0.7779,0.306348,0.002724,0.000334,0.183856
56080000,0.7779,0.306348,0.002724,0.000334,0.183856
56081000,0.7779,0.306348,0.002724,0.000334,0.183856
56082000,0.7779,0.306348,0.002724,0.000334,0.183856
56083000,0.7779,0.306348,0.002724,0.000334,0.183856
56084000,0.7779,0.306348,0.002724,0.000334,0.183856
56085000,0.7779,0.306348,0.002724,0.000334,0.183856
56086000,0.7779,0.306348,0.002724,0.000334,0.183856
56087000,0.7779,0.306348,0.002724,0.000334,0.183856
56088000,0.7779,0.306348,0.002724,0.000334,0.183856
56089000,0.7779,0.306348,0.002724,0.000334,0.183856
56090000,0.7779,0.306348,0.002724,0.000334,0.183856
56091000,0.7779,0.306348,0.002724,0.000334,0.183856
56092000,0.7779,0.306348,0.002724,0.000334,0.183856
56093000,0.7779,0.306348,0.002724,0.000334,0.183856
56094000,0.7779,0.306348,0.002724,0.000334,0.183856
56095000,0.7779,0.306348,0.002724,0.000334,0.183856
56096000,0.7779,0.306348,0.002724,0.000334,0.183856
56097000,0.7779,0.306348,0.002724,0.000334,0.183856
56098000,0.7779,0.306348,0.002724,0.000334,0.183879
56099000,0.7779,0.306348,0.002724,0.000334,0.183832
56100000,0.7779,0.306348,0.002724,0.000334,0.183879
56101000,0.7779,0.306348,0.002724,0.000334,0.183856
56102000,0.7779,0.306348,0.002724,0.000334,0.183879
56103000,0.7779,0.306348,0.002724,0.000334,0.183879
56104000,0.7779,0.306348,0.002724,0.000334,0.183832
56105000,0.7779,0.306348,0.002724,0.000334,0.183879
56106000,0.7779,0.306348,0.002724,0.000334,0.183832
56107000,0.7779,0.306348,0.002724,0.000334,0.183879
56108000,0.7779,0.306348,0.002724,0.000334,0.183832
56109000,0.7779,0.306348,0.002724,0.000334,0.183856
56110000,0.7779,0.306348,0.002724,0.000334,0.183856
56111000,0.7779,0.306348,0.002724,0.000334,0.183856
56112000,0.7779,0.306348,0.002724,0.000334,0.183856
56113000,0.7779,0.306348,0.002724,0.000334,0.183856
56114000,0.7779,0.306348,0.002724,0.000334,0.183856
56115000,0.7779,0.306348,0.002724,0.000334,0.183856
56116000,0.7779,0.306348,0.002724,0.000334,0.183856
56117000,0.7779,0.306348,0.002724,0.000334,0.183856
56118000,0.7779,0.306348,0.002724,0.000334,0.183856
56119000,0.7779,0.306348,0.002724,0.000334,0.183856
56120000,0.7779,0.306348,0.002724,0.000334,0.183856
56121000,0.7779,0.306348,0.002724,0.000334,0.183856
56122000,0.7779,0.306348,0.002724,0.000334,0.183879
56123000,0.7779,0.306348,0.002724,0.000334,0.183856
56124000,0.7779,0.306348,0.002724,0.000334,0.183856
56125000,0.7779,0.306348,0.002724,0.000334,0.183856
56126000,0.7779,0.306348,0.002724,0.000334,0.183856
56127000,0.7779,0.306348,0.002724,0.000334,0.183856
56128000,0.7779,0.306348,0.002724,0.000334,0.183856
56129000,0.7779,0.306348,0.002724,0.000334,0.183856
56130000,0.7779,0.306348,0.002724,0.000334,0.183856
56131000,0.7779,0.306348,0.002724,0.000334,0.183856
56132000,0.7779,0.306348,0.002724,0.000334,0.183856
56133000,0.7779,0.306348,0.002724,0.000334,0.183879
56134000,0.7779,0.306348,0.002724,0.000334,0.183856
56135000,0.7779,0.306348,0.002724,0.000334,0.183832
56136000,0.7779,0.306348,0.002724,0.000334,0.183879
56137000,0.7779,0.306348,0.002724,0.000334,0.183879
56138000,0.7779,0.306348,0.002724,0.000334,0.183832
56139000,0.7779,0.306348,0.002724,0.000334,0.183879
56140000,0.7779,0.306348,0.002724,0.000334,0.183856
56141000,0.7779,0.306348,0.002724,0.000334,0.183879
56142000,0.7779,0.306348,0.002724,0.000334,0.183879
56143000,0.7779,0.306348,0.002724,0.000334,0.183832
56144000,0.7779,0.306348,0.002724,0.000334,0.183879
56145000,0.7779,0.306348,0.002724,0.000334,0.183856
56146000,0.7779,0.306348,0.002724,0.000334,0.183879
56147000,0.7779,0.306348,0.002724,0.000334,0.183856
56148000,0.7779,0.306348,0.002724,0.000334,0.183856
56149000,0.7779,0.306348,0.002724,0.000334,0.183856
56150000,0.7779,0.306348,0.002724,0.000334,0.183856
56151000,0.7779,0.306348,0.002724,0.000334,0.183856
56152000,0.7779,0.306348,0.002724,0.000334,0.183856
56153000,0.7779,0.306348,0.002724,0.000334,0.183832
56154000,0.7779,0.306348,0.002724,0.000334,0.183879
56155000,0.7779,0.306348,0.002724,0.000334,0.183832
56156000,0.7779,0.306348,0.002724,0.000334,0.183879
56157000,0.7779,0.306348,0.002724,0.000334,0.183832
56158000,0.7779,0.306348,0.002724,0.000334,0.183879
56159000,0.7779,0.306348,0.002724,0.000334,0.183832
56160000,0.7779,0.306348,0.002724,0.000334,0.183856
56161000,0.7779,0.306348,0.002724,0.000334,0.183856
56162000,0.7779,0.306348,0.002724,0.000334,0.183879
56163000,0.7779,0.306348,0.002724,0.000334,0.183832
56164000,0.7779,0.306348,0.002724,0.000334,0.183856
56165000,0.7779,0.306348,0.002724,0.000334,0.183856
56166000,0.7779,0.306348,0.002724,0.000334,0.183856
56167000,0.7779,0.306348,0.002724,0.000334,0.183856
56168000,0.7779,0.306348,0.002724,0.000334,0.183856
56169000,0.7779,0.306348,0.002724,0.000334,0.183856
56170000,0.7779,0.306348,0.002724,0.000334,0.183856
56171000,0.7779,0.306348,0.002724,0.000334,0.183856
56172000,0.7779,0.306348,0.002724,0.000334,0.183856
56173000,0.7779,0.306348,0.002724,0.000334,0.183856
56174000,0.7779,0.306348,0.002724,0.000334,0.183879
56175000,0.7779,0.306348,0.002724,0.000334,0.183832
56176000,0.7779,0.306348,0.002724,0.000334,0.183879
56177000,0.7779,0.306348,0.002724,0.000334,0.183832
56178000,0.7779,0.306348,0.002724,0.000334,0.183879
56179000,0.7779,0.306348,0.002724,0.000334,0.183832
56180000,0.7779,0.306348,0.002724,0.000334,0.183856
56181000,0.7779,0.306348,0.002724,0.000334,0.183856
56182000,0.7779,0.306348,0.002724,0.000334,0.183856
56183000,0.7779,0.306348,0.002724,0.000334,0.183856
56184000,0.7779,0.306348,0.002724,0.000334,0.183856
56185000,0.7779,0.306348,0.002724,0.000334,0.183856
56186000,0.7779,0.306348,0.002724,0.000334,0.183856
56187000,0.7779,0.306348,0.002724,0.000334,0.183856
56188000,0.7779,0.306348,0.002724,0.000334,0.183856
56189000,0.7779,0.306348,0.002724,0.000334,0.183856
56190000,0.7779,0.306348,0.002724,0.000334,0.183856
56191000,0.7779,0.306348,0.002724,0.000334,0.183856
56192000,0.7779,0.306348,0.002724,0.000334,0.183856
56193000,0.7779,0.306348,0.002724,0.000334,0.183856
56194000,0.7779,0.306348,0.002724,0.000334,0.183856
56195000,0.7779,0.306348,0.002724,0.000334,0.183856
56196000,0.7779,0.306348,0.002724,0.000334,0.183856
56197000,0.7779,0.306348,0.002724,0.000334,0.183879
56198000,0.7779,0.306348,0.002724,0.000334,0.183832
56199000,0.7779,0.306348,0.002724,0.000334,0.183879
56200000,0.7779,0.306348,0.002724,0.000334,0.183832
56201000,0.7779,0.306348,0.002724,0.000334,0.183879
56202000,0.7779,0.306348,0.002724,0.000334,0.183856
56203000,0.7779,0.306348,0.002724,0.000334,0.183856
56204000,0.7779,0.306348,0.002724,0.000334,0.183856
56205000,0.7779,0.306348,0.002724,0.000334,0.183856
56206000,0.7779,0.306348,0.002724,0.000334,0.183856
56207000,0.7779,0.306348,0.002724,0.000334,0.183856
56208000,0.7779,0.306348,0.002724,0.000334,0.183856
56209000,0.7779,0.306348,0.002724,0.000334,0.183856
56210000,0.7779,0.306348,0.002724,0.000334,0.183856
56211000,0.7779,0.306348,0.002724,0.000334,0.183856
56212000,0.7779,0.306348,0.002724,0.000334,0.183856
56213000,0.7779,0.306348,0.002724,0.000334,0.183856
56214000,0.7779,0.306348,0.002724,0.000334,0.183856
56215000,0.7779,0.306348,0.002724,0.000334,0.183856
56216000,0.7779,0.306348,0.002724,0.000334,0.183856
56217000,0.7779,0.306348,0.002724,0.000334,0.183856
56218000,0.7779,0.306348,0.002724,0.000334,0.183856
56219000,0.7779,0.306348,0.002724,0.000334,0.183856
56220000,0.7779,0.306348,0.002724,0.000334,0.183856
56221000,0.7779,0.306348,0.002724,0.000334,0.183879
56222000,0.7779,0.306348,0.002724,0.000334,0.183832
56223000,0.7779,0.306348,0.002724,0.000334,0.183879
56224000,0.7779,0.306348,0.002724,0.000334,0.183832
56225000,0.7779,0.306348,0.002724,0.000334,0.183879
56226000,0.7779,0.306348,0.002724,0.000334,0.183832
56227000,0.7779,0.306348,0.002724,0.000334,0.183879
56228000,0.7779,0.306348,0.002724,0.000334,0.183832
56229000,0.7779,0.306348,0.002724,0.000334,0.183879
56230000,0.7779,0.306348,0.002724,0.000334,0.183832
56231000,0.7779,0.306348,0.002724,0.000334,0.183879
56232000,0.7779,0.306348,0.002724,0.000334,0.183856
56233000,0.7779,0.306348,0.002724,0.000334,0.183879
56234000,0.7779,0.306348,0.002724,0.000334,0.183832
56235000,0.7779,0.306348,0.002724,0.000334,0.183879
56236000,0.7779,0.306348,0.002724,0.000334,0.183832
56237000,0.7779,0.306348,0.002724,0.000334,0.183879
56238000,0.7779,0.306348,0.002724,0.000334,0.183832
56239000,0.7779,0.306348,0.002724,0.000334,0.183856
56240000,0.7779,0.306348,0.002724,0.000334,0.183856
56241000,0.7779,0.306348,0.002724,0.000334,0.183856
56242000,0.7779,0.306348,0.002724,0.000334,0.183856
56243000,0.7779,0.306348,0.002724,0.000334,0.183856
56244000,0.7779,0.306348,0.002724,0.000334,0.183879
56245000,0.7779,0.306348,0.002724,0.000334,0.183856
56246000,0.7779,0.306348,0.002724,0.000334,0.183856
56247000,0.7779,0.306348,0.002724,0.000334,0.183856
56248000,0.7779,0.306348,0.002724,0.000334,0.183856
56249000,0.7779,0.306348,0.002724,0.000334,0.183879
56250000,0.7779,0.306348,0.002724,0.000334,0.183832
56251000,0.7779,0.306348,0.002724,0.000334,0.183879
56252000,0.7779,0.306348,0.002724,0.000334,0.183832
56253000,0.7779,0.306348,0.002724,0.000334,0.183879
56254000,0.7779,0.306348,0.002724,0.000334,0.183832
56255000,0.7779,0.306348,0.002724,0.000334,0.183879
56256000,0.7779,0.306348,0.002724,0.000334,0.183832
56257000,0.7779,0.306348,0.002724,0.000334,0.183879
56258000,0.7779,0.306348,0.002724,0.000334,0.183832
56259000,0.7779,0.306348,0.002724,0.000334,0.183903
56260000,0.7779,0.306348,0.002724,0.000334,0.183832
56261000,0.7779,0.306348,0.002724,0.000334,0.183879
56262000,0.7779,0.306348,0.002724,0.000334,0.183832
56263000,0.7779,0.306348,0.002724,0.000334,0.183879
56264000,0.7779,0.306348,0.002724,0.000334,0.183856
56265000,0.7779,0.306348,0.002724,0.000334,0.183879
56266000,0.7779,0.306348,0.002724,0.000334,0.183879
56267000,0.7779,0.306348,0.002724,0.000334,0.183832
56268000,0.7779,0.306348,0.002724,0.000334,0.183879
56269000,0.7779,0.306348,0.002724,0.000334,0.183856
56270000,0.7779,0.306348,0.002724,0.000334,0.183856
56271000,0.7779,0.306348,0.002724,0.000334,0.183856
56272000,0.7779,0.306348,0.002724,0.000334,0.183856
56273000,0.7779,0.306348,0.002724,0.000334,0.183856
56274000,0.7779,0.306348,0.002724,0.000334,0.183856
56275000,0.7779,0.306348,0.002724,0.000334,0.183856
56276000,0.7779,0.306348,0.002724,0.000334,0.183856
56277000,0.7779,0.306348,0.002724,0.000334,0.183856
56278000,0.7779,0.306348,0.002724,0.000334,0.183856
56279000,0.7779,0.306348,0.002724,0.000334,0.183856
56280000,0.7779,0.306348,0.002724,0.000334,0.183856
56281000,0.7779,0.306348,0.002724,0.000334,0.183832
56282000,0.7779,0.306348,0.002724,0.000334,0.183879
56283000,0.7779,0.306348,0.002724,0.000334,0.183832
56284000,0.7779,0.306348,0.002724,0.000334,0.183879
56285000,0.7779,0.306348,0.002724,0.000334,0.183856
56286000,0.7779,0.306348,0.002724,0.000334,0.183879
56287000,0.7779,0.306348,0.002724,0.000334,0.183856
56288000,0.7779,0.306348,0.002724,0.000334,0.183856
56289000,0.7779,0.306348,0.002724,0.000334,0.183856
56290000,0.7779,0.306348,0.002724,0.000334,0.183879
56291000,0.7779,0.306348,0.002724,0.000334,0.183879
56292000,0.7779,0.306348,0.002724,0.000334,0.183832
56293000,0.7779,0.306348,0.002724,0.000334,0.183879
56294000,0.7779,0.306348,0.002724,0.000334,0.183832
56295000,0.7779,0.306348,0.002724,0.000334,0.183879
56296000,0.7779,0.306348,0.002724,0.000334,0.183832
56297000,0.7779,0.306348,0.002724,0.000334,0.183879
56298000,0.7779,0.306348,0.002724,0.000334,0.183832
56299000,0.7779,0.306348,0.002724,0.000334,0.183879
56300000,0.7779,0.306348,0.002724,0.000334,0.183832
56301000,0.7779,0.306348,0.002724,0.000334,0.183879
56302000,0.7779,0.306348,0.002724,0.000334,0.183856
56303000,0.7779,0.306348,0.002724,0.000334,0.183856
56304000,0.7779,0.306348,0.002724,0.000334,0.183856
56305000,0.7779,0.306348,0.002724,0.000334,0.183856
56306000,0.7779,0.306348,0.002724,0.000334,0.183856
56307000,0.7779,0.306348,0.002724,0.000334,0.183832
56308000,0.7779,0.306348,0.002724,0.000334,0.183879
56309000,0.7779,0.306348,0.002724,0.000334,0.183832
56310000,0.7779,0.306348,0.002724,0.000334,0.183856
56311000,0.7779,0.306348,0.002724,0.000334,0.183856
56312000,0.7779,0.306348,0.002724,0.000334,0.183856
56313000,0.7779,0.306348,0.002724,0.000334,0.183856
56314000,0.7779,0.306348,0.002724,0.000334,0.183856
56315000,0.7779,0.306348,0.002724,0.000334,0.183856
56316000,0.7779,0.306348,0.002724,0.000334,0.183879
56317000,0.7779,0.306348,0.002724,0.000334,0.183832
56318000,0.7779,0.306348,0.002724,0.000334,0.183856
56319000,0.7779,0.306348,0.002724,0.000334,0.183856
56320000,0.7779,0.306348,0.002724,0.000334,0.183879
56321000,0.7779,0.306348,0.002724,0.000334,0.183832
56322000,0.7779,0.306348,0.002724,0.000334,0.183879
56323000,0.7779,0.306348,0.002724,0.000334,0.183832
56324000,0.7779,0.306348,0.002724,0.000334,0.183879
56325000,0.7779,0.306348,0.002724,0.000334,0.183832
56326000,0.7779,0.306348,0.002724,0.000334,0.183879
56327000,0.7779,0.306348,0.002724,0.000334,0.183832
56328000,0.7779,0.306348,0.002724,0.000334,0.183879
56329000,0.7779,0.306348,0.002724,0.000334,0.183832
56330000,0.7779,0.306348,0.002724,0.000334,0.183879
56331000,0.7779,0.306348,0.002724,0.000334,0.183832
56332000,0.7779,0.306348,0.002724,0.000334,0.183879
56333000,0.7779,0.306348,0.002724,0.000334,0.183832
56334000,0.7779,0.306348,0.002724,0.000334,0.183879
56335000,0.7779,0.306348,0.002724,0.000334,0.183832
56336000,0.7779,0.306348,0.002724,0.000334,0.183856
56337000,0.7779,0.306348,0.002724,0.000334,0.183856
56338000,0.7779,0.306348,0.002724,0.000334,0.183856
56339000,0.7779,0.306348,0.002724,0.000334,0.183856
56340000,0.7779,0.306348,0.002724,0.000334,0.183856
56341000,0.7779,0.306348,0.002724,0.000334,0.183856
56342000,0.7779,0.306348,0.002724,0.000334,0.183856
56343000,0.7779,0.306348,0.002724,0.000334,0.183856
56344000,0.7779,0.306348,0.002724,0.000334,0.183856
56345000,0.7779,0.306348,0.002724,0.000334,0.183856
56346000,0.7779,0.306348,0.002724,0.000334,0.183856
56347000,0.7779,0.306348,0.002724,0.000334,0.183879
56348000,0.7779,0.306348,0.002724,0.000334,0.183832
56349000,0.7779,0.306348,0.002724,0.000334,0.183879
56350000,0.7779,0.306348,0.002724,0.000334,0.183832
56351000,0.7779,0.306348,0.002724,0.000334,0.183879
56352000,0.7779,0.306348,0.002724,0.000334,0.183832
56353000,0.7779,0.306348,0.002724,0.000334,0.183879
56354000,0.7779,0.306348,0.002724,0.000334,0.183856
56355000,0.7779,0.306348,0.002724,0.000334,0.183879
56356000,0.7779,0.306348,0.002724,0.000334,0.183856
56357000,0.7779,0.306348,0.002724,0.000334,0.183856
56358000,0.7779,0.306348,0.002724,0.000334,0.183856
56359000,0.7779,0.306348,0.002724,0.000334,0.183856
56360000,0.7779,0.306348,0.002724,0.000334,0.183856
56361000,0.7779,0.306348,0.002724,0.000334,0.183856
56362000,0.7779,0.306348,0.002724,0.000334,0.183856
56363000,0.7779,0.306348,0.002724,0.000334,0.183856
56364000,0.7779,0.306348,0.002724,0.000334,0.183856
56365000,0.7779,0.306348,0.002724,0.000334,0.183856
56366000,0.7779,0.306348,0.002724,0.000334,0.183832
56367000,0.7779,0.306348,0.002724,0.000334,0.183879
56368000,0.7779,0.306348,0.002724,0.000334,0.183832
56369000,0.7779,0.306348,0.002724,0.000334,0.183879
56370000,0.7779,0.306348,0.002724,0.000334,0.183856
56371000,0.7779,0.306348,0.002724,0.000334,0.183879
56372000,0.7779,0.306348,0.002724,0.000334,0.183879
56373000,0.7779,0.306348,0.002724,0.000334,0.183832
56374000,0.7779,0.306348,0.002724,0.000334,0.183879
56375000,0.7779,0.306348,0.002724,0.000334,0.183856
56376000,0.7779,0.306348,0.002724,0.000334,0.183879
56377000,0.7779,0.306348,0.002724,0.000334,0.183856
56378000,0.7779,0.306348,0.002724,0.000334,0.183856
56379000,0.7779,0.306348,0.002724,0.000334,0.183856
56380000,0.7779,0.306348,0.002724,0.000334,0.183856
56381000,0.7779,0.306348,0.002724,0.000334,0.183856
56382000,0.7779,0.306348,0.002724,0.000334,0.183856
56383000,0.7779,0.306348,0.002724,0.000334,0.183856
56384000,0.7779,0.306348,0.002724,0.000334,0.183856
56385000,0.7779,0.306348,0.002724,0.000334,0.183832
56386000,0.7779,0.306348,0.002724,0.000334,0.183879
56387000,0.7779,0.306348,0.002724,0.000334,0.183832
56388000,0.7779,0.306348,0.002724,0.000334,0.183879
56389000,0.7779,0.306348,0.002724,0.000334,0.183832
56390000,0.7779,0.306348,0.002724,0.000334,0.183879
56391000,0.7779,0.306348,0.002724,0.000334,0.183832
56392000,0.7779,0.306348,0.002724,0.000334,0.183903
56393000,0.7779,0.306348,0.002724,0.000334,0.183832
56394000,0.7779,0.306348,0.002724,0.000334,0.183879
56395000,0.7779,0.306348,0.002724,0.000334,0.183832
56396000,0.7779,0.306348,0.002724,0.000334,0.183879
56397000,0.7779,0.306348,0.002724,0.000334,0.183832
56398000,0.7779,0.306348,0.002724,0.000334,0.183879
56399000,0.7779,0.306348,0.002724,0.000334,0.183832
56400000,0.7779,0.306348,0.002724,0.000334,0.183879
56401000,0.7779,0.306348,0.002724,0.000334,0.183832
56402000,0.7779,0.306348,0.002724,0.000334,0.183879
56403000,0.7779,0.306348,0.002724,0.000334,0.183832
56404000,0.7779,0.306348,0.002724,0.000334,0.183879
56405000,0.7779,0.306348,0.002724,0.000334,0.183832
56406000,0.7779,0.306348,0.002724,0.000334,0.183879
56407000,0.7779,0.306348,0.002724,0.000334,0.183832
56408000,0.7779,0.306348,0.002724,0.000334,0.183879
56409000,0.7779,0.306348,0.002724,0.000334,0.183832
56410000,0.7779,0.306348,0.002724,0.000334,0.183879
56411000,0.7779,0.306348,0.002724,0.000334,0.183832
56412000,0.7779,0.306348,0.002724,0.000334,0.183879
56413000,0.7779,0.306348,0.002724,0.000334,0.183832
56414000,0.7779,0.306348,0.002724,0.000334,0.183856
56415000,0.7779,0.306348,0.002724,0.000334,0.183879
56416000,0.7779,0.306348,0.002724,0.000334,0.183856
56417000,0.7779,0.306348,0.002724,0.000334,0.183856
56418000,0.7779,0.306348,0.002724,0.000334,0.183856
56419000,0.7779,0.306348,0.002724,0.000334,0.183856
56420000,0.7779,0.306348,0.002724,0.000334,0.183856
56421000,0.7779,0.306348,0.002724,0.000334,0.183856
56422000,0.7779,0.306348,0.002724,0.000334,0.183856
56423000,0.7779,0.306348,0.002724,0.000334,0.183856
56424000,0.7779,0.306348,0.002724,0.000334,0.183856
56425000,0.7779,0.306348,0.002724,0.000334,0.183856
56426000,0.7779,0.306348,0.002724,0.000334,0.183856
56427000,0.7779,0.306348,0.002724,0.000334,0.183856
56428000,0.7779,0.306348,0.002724,0.000334,0.183856
56429000,0.7779,0.306348,0.002724,0.000334,0.183856
56430000,0.7779,0.306348,0.002724,0.000334,0.183856
56431000,0.7779,0.306348,0.002724,0.000334,0.183856
56432000,0.7779,0.306348,0.002724,0.000334,0.183856
56433000,0.7779,0.306348,0.002724,0.000334,0.183879
56434000,0.7779,0.306348,0.002724,0.000334,0.183856
56435000,0.7779,0.306348,0.002724,0.000334,0.183856
56436000,0.7779,0.306348,0.002724,0.000334,0.183856
56437000,0.7779,0.306348,0.002724,0.000334,0.183856
56438000,0.7779,0.306348,0.002724,0.000334,0.183856
56439000,0.7779,0.306348,0.002724,0.000334,0.183856
56440000,0.7779,0.306348,0.002724,0.000334,0.183856
56441000,0.7779,0.306348,0.002724,0.000334,0.183856
56442000,0.7779,0.306348,0.002724,0.000334,0.183856
56443000,0.7779,0.306348,0.002724,0.000334,0.183856
56444000,0.7779,0.306348,0.002724,0.000334,0.183832
56445000,0.7779,0.306348,0.002724,0.000334,0.183879
56446000,0.7779,0.306348,0.002724,0.000334,0.183832
56447000,0.7779,0.306348,0.002724,0.000334,0.183879
56448000,0.7779,0.306348,0.002724,0.000334,0.183832
56449000,0.7779,0.306348,0.002724,0.000334,0.183879
56450000,0.7779,0.306348,0.002724,0.000334,0.183832
56451000,0.7779,0.306348,0.002724,0.000334,0.183879
56452000,0.7779,0.306348,0.002724,0.000334,0.183832
56453000,0.7779,0.306348,0.002724,0.000334,0.183879
56454000,0.7779,0.306348,0.002724,0.000334,0.183832
56455000,0.7779,0.306348,0.002724,0.000334,0.183879
56456000,0.7779,0.306348,0.002724,0.000334,0.183856
56457000,0.7779,0.306348,0.002724,0.000334,0.183856
56458000,0.7779,0.306348,0.002724,0.000334,0.183856
56459000,0.7779,0.306348,0.002724,0.000334,0.183856
56460000,0.7779,0.306348,0.002724,0.000334,0.183856
56461000,0.7779,0.306348,0.002724,0.000334,0.183856
56462000,0.7779,0.306348,0.002724,0.000334,0.183856
56463000,0.7779,0.306348,0.002724,0.000334,0.183856
56464000,0.7779,0.306348,0.002724,0.000334,0.183856
56465000,0.7779,0.306348,0.002724,0.000334,0.183856
56466000,0.7779,0.306348,0.002724,0.000334,0.183856
56467000,0.7779,0.306348,0.002724,0.000334,0.183856
56468000,0.7779,0.306348,0.002724,0.000334,0.183856
56469000,0.7779,0.306348,0.002724,0.000334,0.183856
56470000,0.7779,0.306348,0.002724,0.000334,0.183856
56471000,0.7779,0.306348,0.002724,0.000334,0.183856
56472000,0.7779,0.306348,0.002724,0.000334,0.183856
56473000,0.7779,0.306348,0.002724,0.000334,0.183856
56474000,0.7779,0.306348,0.002724,0.000334,0.183856
56475000,0.7779,0.306348,0.002724,0.000334,0.183856
56476000,0.7779,0.306348,0.002724,0.000334,0.183856
56477000,0.7779,0.306348,0.002724,0.000334,0.183856
56478000,0.7779,0.306348,0.002724,0.000334,0.183856
56479000,0.7779,0.306348,0.002724,0.000334,0.183856
56480000,0.7779,0.306348,0.002724,0.000334,0.183856
56481000,0.7779,0.306348,0.002724,0.000334,0.183856
56482000,0.7779,0.306348,0.002724,0.000334,0.183856
56483000,0.7779,0.306348,0.002724,0.000334,0.183879
56484000,0.7779,0.306348,0.002724,0.000334,0.183832
56485000,0.7779,0.306348,0.002724,0.000334,0.183879
56486000,0.7779,0.306348,0.002724,0.000334,0.183856
56487000,0.7779,0.306348,0.002724,0.000334,0.183856
56488000,0.7779,0.306348,0.002724,0.000334,0.183856
56489000,0.7779,0.306348,0.002724,0.000334,0.183856
56490000,0.7779,0.306348,0.002724,0.000334,0.183856
56491000,0.7779,0.306348,0.002724,0.000334,0.183856
56492000,0.7779,0.306348,0.002724,0.000334,0.183856
56493000,0.7779,0.306348,0.002724,0.000334,0.183856
56494000,0.7779,0.306348,0.002724,0.000334,0.183856
56495000,0.7779,0.306348,0.002724,0.000334,0.183856
56496000,0.7779,0.306348,0.002724,0.000334,0.183856
56497000,0.7779,0.306348,0.002724,0.000334,0.183856
56498000,0.7779,0.306348,0.002724,0.000334,0.183856
56499000,0.7779,0.306348,0.002724,0.000334,0.183856
56500000,0.7779,0.306348,0.002724,0.000334,0.183856
56501000,0.7779,0.306348,0.002724,0.000334,0.183856
56502000,0.7779,0.306348,0.002724,0.000334,0.183856
56503000,0.7779,0.306348,0.002724,0.000334,0.183856
56504000,0.7779,0.306348,0.002724,0.000334,0.183856
56505000,0.7779,0.306348,0.002724,0.000334,0.183856
56506000,0.7779,0.306348,0.002724,0.000334,0.183856
56507000,0.7779,0.306348,0.002724,0.000334,0.183856
56508000,0.7779,0.306348,0.002724,0.000334,0.183856
56509000,0.7779,0.306348,0.002724,0.000334,0.183856
56510000,0.7779,0.306348,0.002724,0.000334,0.183879
56511000,0.7779,0.306348,0.002724,0.000334,0.183879
56512000,0.7779,0.306348,0.002724,0.000334,0.183832
56513000,0.7779,0.306348,0.002724,0.000334,0.183879
56514000,0.7779,0.306348,0.002724,0.000334,0.183856
56515000,0.7779,0.306348,0.002724,0.000334,0.183856
56516000,0.7779,0.306348,0.002724,0.000334,0.183856
56517000,0.7779,0.306348,0.002724,0.000334,0.183856
56518000,0.7779,0.306348,0.002724,0.000334,0.183856
56519000,0.7779,0.306348,0.002724,0.000334,0.183856
56520000,0.7779,0.306348,0.002724,0.000334,0.183856
56521000,0.7779,0.306348,0.002724,0.000334,0.183856
56522000,0.7779,0.306348,0.002724,0.000334,0.183856
56523000,0.7779,0.306348,0.002724,0.000334,0.183856
56524000,0.7779,0.306348,0.002724,0.000334,0.183856
56525000,0.7779,0.306348,0.002724,0.000334,0.183856
56526000,0.7779,0.306348,0.002724,0.000334,0.183856
56527000,0.7779,0.306348,0.002724,0.000334,0.183856
56528000,0.7779,0.306348,0.002724,0.000334,0.183856
56529000,0.7779,0.306348,0.002724,0.000334,0.183856
56530000,0.7779,0.306348,0.002724,0.000334,0.183856
56531000,0.7779,0.306348,0.002724,0.000334,0.183879
56532000,0.7779,0.306348,0.002724,0.000334,0.183832
56533000,0.7779,0.306348,0.002724,0.000334,0.183879
56534000,0.7779,0.306348,0.002724,0.000334,0.183856
56535000,0.7779,0.306348,0.002724,0.000334,0.183879
56536000,0.7779,0.306348,0.002724,0.000334,0.183879
56537000,0.7779,0.306348,0.002724,0.000334,0.183832
56538000,0.7779,0.306348,0.002724,0.000334,0.183879
56539000,0.7779,0.306348,0.002724,0.000334,0.183856
56540000,0.7779,0.306348,0.002724,0.000334,0.183856
56541000,0.7779,0.306348,0.002724,0.000334,0.183856
56542000,0.7779,0.306348,0.002724,0.000334,0.183879
56543000,0.7779,0.306348,0.002724,0.000334,0.183879
56544000,0.7779,0.306348,0.002724,0.000334,0.183832
56545000,0.7779,0.306348,0.002724,0.000334,0.183879
56546000,0.7779,0.306348,0.002724,0.000334,0.183856
56547000,0.7779,0.306348,0.002724,0.000334,0.183879
56548000,0.7779,0.306348,0.002724,0.000334,0.183879
56549000,0.7779,0.306348,0.002724,0.000334,0.183832
56550000,0.7779,0.306348,0.002724,0.000334,0.183879
56551000,0.7779,0.306348,0.002724,0.000334,0.183856
56552000,0.7779,0.306348,0.002724,0.000334,0.183856
56553000,0.7779,0.306348,0.002724,0.000334,0.183856
56554000,0.7779,0.306348,0.002724,0.000334,0.183856
56555000,0.7779,0.306348,0.002724,0.000334,0.183856
56556000,0.7779,0.306348,0.002724,0.000334,0.183879
56557000,0.7779,0.306348,0.002724,0.000334,0.183832
56558000,0.7779,0.306348,0.002724,0.000334,0.183879
56559000,0.7779,0.306348,0.002724,0.000334,0.183856
56560000,0.7779,0.306348,0.002724,0.000334,0.183856
56561000,0.7779,0.306348,0.002724,0.000334,0.183856
56562000,0.7779,0.306348,0.002724,0.000334,0.183879
56563000,0.7779,0.306348,0.002724,0.000334,0.183832
56564000,0.7779,0.306348,0.002724,0.000334,0.183879
56565000,0.7779,0.306348,0.002724,0.000334,0.183832
56566000,0.7779,0.306348,0.002724,0.000334,0.183879
56567000,0.7779,0.306348,0.002724,0.000334,0.183856
56568000,0.7779,0.306348,0.002724,0.000334,0.183856
56569000,0.7779,0.306348,0.002724,0.000334,0.183856
56570000,0.7779,0.306348,0.002724,0.000334,0.183856
56571000,0.7779,0.306348,0.002724,0.000334,0.183856
56572000,0.7779,0.306348,0.002724,0.000334,0.183856
56573000,0.7779,0.306348,0.002724,0.000334,0.183856
56574000,0.7779,0.306348,0.002724,0.000334,0.183856
56575000,0.7779,0.306348,0.002724,0.000334,0.183856
56576000,0.7779,0.306348,0.002724,0.000334,0.183856
56577000,0.7779,0.306348,0.002724,0.000334,0.183856
56578000,0.7779,0.306348,0.002724,0.000334,0.183856
56579000,0.7779,0.306348,0.002724,0.000334,0.183856
56580000,0.7779,0.306348,0.002724,0.000334,0.183856
56581000,0.7779,0.306348,0.002724,0.000334,0.183856
56582000,0.7779,0.306348,0.002724,0.000334,0.183856
56583000,0.7779,0.306348,0.002724,0.000334,0.183856
56584000,0.7779,0.306348,0.002724,0.000334,0.183879
56585000,0.7779,0.306348,0.002724,0.000334,0.183832
56586000,0.7779,0.306348,0.002724,0.000334,0.183879
56587000,0.7779,0.306348,0.002724,0.000334,0.183856
56588000,0.7779,0.306348,0.002724,0.000334,0.183856
56589000,0.7779,0.306348,0.002724,0.000334,0.183856
56590000,0.7779,0.306348,0.002724,0.000334,0.183856
56591000,0.7779,0.306348,0.002724,0.000334,0.183856
56592000,0.7779,0.306348,0.002724,0.000334,0.183856
56593000,0.7779,0.306348,0.002724,0.000334,0.183856
56594000,0.7779,0.306348,0.002724,0.000334,0.183856
56595000,0.7779,0.306348,0.002724,0.000334,0.183856
56596000,0.7779,0.306348,0.002724,0.000334,0.183856
56597000,0.7779,0.306348,0.002724,0.000334,0.183856
56598000,0.7779,0.306348,0.002724,0.000334,0.183856
56599000,0.7779,0.306348,0.002724,0.000334,0.183856
56600000,0.7779,0.306348,0.002724,0.000334,0.183856
56601000,0.7779,0.306348,0.002724,0.000334,0.183856
56602000,0.7779,0.306348,0.002724,0.000334,0.183856
56603000,0.7779,0.306348,0.002724,0.000334,0.183856
56604000,0.7779,0.306348,0.002724,0.000334,0.183856
56605000,0.7779,0.306348,0.002724,0.000334,0.183856
56606000,0.7779,0.306348,0.002724,0.000334,0.183856
56607000,0.7779,0.306348,0.002724,0.000334,0.183856
56608000,0.7779,0.306348,0.002724,0.000334,0.183856
56609000,0.7779,0.306348,0.002724,0.000334,0.183856
56610000,0.7779,0.306348,0.002724,0.000334,0.183856
56611000,0.7779,0.306348,0.002724,0.000334,0.183856
56612000,0.7779,0.306348,0.002724,0.000334,0.183856
56613000,0.7779,0.306348,0.002724,0.000334,0.183856
56614000,0.7779,0.306348,0.002724,0.000334,0.183856
56615000,0.7779,0.306348,0.002724,0.000334,0.183856
56616000,0.7779,0.306348,0.002724,0.000334,0.183856
56617000,0.7779,0.306348,0.002724,0.000334,0.183856
56618000,0.7779,0.306348,0.002724,0.000334,0.183856
56619000,0.7779,0.306348,0.002724,0.000334,0.183856
56620000,0.7779,0.306348,0.002724,0.000334,0.183856
56621000,0.7779,0.306348,0.002724,0.000334,0.183856
56622000,0.7779,0.306348,0.002724,0.000334,0.183832
56623000,0.7779,0.306348,0.002724,0.000334,0.183856
56624000,0.7779,0.306348,0.002724,0.000334,0.183856
56625000,0.7779,0.306348,0.002724,0.000334,0.183856
56626000,0.7779,0.306348,0.002724,0.000334,0.183856
56627000,0.7779,0.306348,0.002724,0.000334,0.183879
56628000,0.7779,0.306348,0.002724,0.000334,0.183832
56629000,0.7779,0.306348,0.002724,0.000334,0.183879
56630000,0.7779,0.306348,0.002724,0.000334,0.183832
56631000,0.7779,0.306348,0.002724,0.000334,0.183879
56632000,0.7779,0.306348,0.002724,0.000334,0.183856
56633000,0.7779,0.306348,0.002724,0.000334,0.183879
56634000,0.7779,0.306348,0.002724,0.000334,0.183856
56635000,0.7779,0.306348,0.002724,0.000334,0.183856
56636000,0.7779,0.306348,0.002724,0.000334,0.183832
56637000,0.7779,0.306348,0.002724,0.000334,0.183879
56638000,0.7779,0.306348,0.002724,0.000334,0.183856
56639000,0.7779,0.306348,0.002724,0.000334,0.183856
56640000,0.7779,0.306348,0.002724,0.000334,0.183856
56641000,0.7779,0.306348,0.002724,0.000334,0.183856
56642000,0.7779,0.306348,0.002724,0.000334,0.183856
56643000,0.7779,0.306348,0.002724,0.000334,0.183879
56644000,0.7779,0.306348,0.002724,0.000334,0.183856
56645000,0.7779,0.306348,0.002724,0.000334,0.183856
56646000,0.7779,0.306348,0.002724,0.000334,0.183856
56647000,0.7779,0.306348,0.002724,0.000334,0.183856
56648000,0.7779,0.306348,0.002724,0.000334,0.183856
56649000,0.7779,0.306348,0.002724,0.000334,0.183856
56650000,0.7779,0.306348,0.002724,0.000334,0.183856
56651000,0.7779,0.306348,0.002724,0.000334,0.183856
56652000,0.7779,0.306348,0.002724,0.000334,0.183856
56653000,0.7779,0.306348,0.002724,0.000334,0.183856
56654000,0.7779,0.306348,0.002724,0.000334,0.183856
56655000,0.7779,0.306348,0.002724,0.000334,0.183856
56656000,0.7779,0.306348,0.002724,0.000334,0.183856
56657000,0.7779,0.306348,0.002724,0.000334,0.183879
56658000,0.7779,0.306348,0.002724,0.000334,0.183856
56659000,0.7779,0.306348,0.002724,0.000334,0.183832
56660000,0.7779,0.306348,0.002724,0.000334,0.183879
56661000,0.7779,0.306348,0.002724,0.000334,0.183832
56662000,0.7779,0.306348,0.002724,0.000334,0.183856
56663000,0.7779,0.306348,0.002724,0.000334,0.183856
56664000,0.7779,0.306348,0.002724,0.000334,0.183856
56665000,0.7779,0.306348,0.002724,0.000334,0.183856
56666000,0.7779,0.306348,0.002724,0.000334,0.183856
56667000,0.7779,0.306348,0.002724,0.000334,0.183856
56668000,0.7779,0.306348,0.002724,0.000334,0.183856
56669000,0.7779,0.306348,0.002724,0.000334,0.183856
56670000,0.7779,0.306348,0.002724,0.000334,0.183856
56671000,0.7779,0.306348,0.002724,0.000334,0.183879
56672000,0.7779,0.306348,0.002724,0.000334,0.183879
56673000,0.7779,0.306348,0.002724,0.000334,0.183832
56674000,0.7779,0.306348,0.002724,0.000334,0.183879
56675000,0.7779,0.306348,0.002724,0.000334,0.183856
56676000,0.7779,0.306348,0.002724,0.000334,0.183856
56677000,0.7779,0.306348,0.002724,0.000334,0.183856
56678000,0.7779,0.306348,0.002724,0.000334,0.183856
56679000,0.7779,0.306348,0.002724,0.000334,0.183856
56680000,0.7779,0.306348,0.002724,0.000334,0.183856
56681000,0.7779,0.306348,0.002724,0.000334,0.183856
56682000,0.7779,0.306348,0.002724,0.000334,0.183856
56683000,0.7779,0.306348,0.002724,0.000334,0.183856
56684000,0.7779,0.306348,0.002724,0.000334,0.183856
56685000,0.7779,0.306348,0.002724,0.000334,0.183856
56686000,0.7779,0.306348,0.002724,0.000334,0.183879
56687000,0.7779,0.306348,0.002724,0.000334,0.183832
56688000,0.7779,0.306348,0.002724,0.000334,0.183879
56689000,0.7779,0.306348,0.002724,0.000334,0.183832
56690000,0.7779,0.306348,0.002724,0.000334,0.183879
56691000,0.7779,0.306348,0.002724,0.000334,0.183832
56692000,0.7779,0.306348,0.002724,0.000334,0.183879
56693000,0.7779,0.306348,0.002724,0.000334,0.183832
56694000,0.7779,0.306348,0.002724,0.000334,0.183879
56695000,0.7779,0.306348,0.002724,0.000334,0.183832
56696000,0.7779,0.306348,0.002724,0.000334,0.183879
56697000,0.7779,0.306348,0.002724,0.000334,0.183832
56698000,0.7779,0.306348,0.002724,0.000334,0.183879
56699000,0.7779,0.306348,0.002724,0.000334,0.183832
56700000,0.7779,0.306348,0.002724,0.000334,0.183879
56701000,0.7779,0.306348,0.002724,0.000334,0.183832
56702000,0.7779,0.306348,0.002724,0.000334,0.183856
56703000,0.7779,0.306348,0.002724,0.000334,0.183856
56704000,0.7779,0.306348,0.002724,0.000334,0.183856
56705000,0.7779,0.306348,0.002724,0.000334,0.183856
56706000,0.7779,0.306348,0.002724,0.000334,0.183856
56707000,0.7779,0.306348,0.002724,0.000334,0.183856
56708000,0.7779,0.306348,0.002724,0.000334,0.183856
56709000,0.7779,0.306348,0.002724,0.000334,0.183856
56710000,0.7779,0.306348,0.002724,0.000334,0.183856
56711000,0.7779,0.306348,0.002724,0.000334,0.183856
56712000,0.7779,0.306348,0.002724,0.000334,0.183856
56713000,0.7779,0.306348,0.002724,0.000334,0.183879
56714000,0.7779,0.306348,0.002724,0.000334,0.183856
56715000,0.7779,0.306348,0.002724,0.000334,0.183856
56716000,0.7779,0.306348,0.002724,0.000334,0.183856
56717000,0.7779,0.306348,0.002724,0.000334,0.183856
56718000,0.7779,0.306348,0.002724,0.000334,0.183856
56719000,0.7779,0.306348,0.002724,0.000334,0.183856
56720000,0.7779,0.306348,0.002724,0.000334,0.183856
56721000,0.7779,0.306348,0.002724,0.000334,0.183856
56722000,0.7779,0.306348,0.002724,0.000334,0.183856
56723000,0.7779,0.306348,0.002724,0.000334,0.183856
56724000,0.7779,0.306348,0.002724,0.000334,0.183856
56725000,0.7779,0.306348,0.002724,0.000334,0.183856
56726000,0.7779,0.306348,0.002724,0.000334,0.183856
56727000,0.7779,0.306348,0.002724,0.000334,0.183856
56728000,0.7779,0.306348,0.002724,0.000334,0.183832
56729000,0.7779,0.306348,0.002724,0.000334,0.183879
56730000,0.7779,0.306348,0.002724,0.000334,0.183856
56731000,0.7779,0.306348,0.002724,0.000334,0.183879
56732000,0.7779,0.306348,0.002724,0.000334,0.183879
56733000,0.7779,0.306348,0.002724,0.000334,0.183832
56734000,0.7779,0.306348,0.002724,0.000334,0.183879
56735000,0.7779,0.306348,0.002724,0.000334,0.183856
56736000,0.7779,0.306348,0.002724,0.000334,0.183879
56737000,0.7779,0.306348,0.002724,0.000334,0.183879
56738000,0.7779,0.306348,0.002724,0.000334,0.183832
56739000,0.7779,0.306348,0.002724,0.000334,0.183856
56740000,0.7779,0.306348,0.002724,0.000334,0.183856
56741000,0.7779,0.306348,0.002724,0.000334,0.183856
56742000,0.7779,0.306348,0.002724,0.000334,0.183856
56743000,0.7779,0.306348,0.002724,0.000334,0.183856
56744000,0.7779,0.306348,0.002724,0.000334,0.183879
56745000,0.7779,0.306348,0.002724,0.000334,0.183879
56746000,0.7779,0.306348,0.002724,0.000334,0.183832
56747000,0.7779,0.306348,0.002724,0.000334,0.183879
56748000,0.7779,0.306348,0.002724,0.000334,0.183856
56749000,0.7779,0.306348,0.002724,0.000334,0.183879
56750000,0.7779,0.306348,0.002724,0.000334,0.183856
56751000,0.7779,0.306348,0.002724,0.000334,0.183856
56752000,0.7779,0.306348,0.002724,0.000334,0.183856
56753000,0.7779,0.306348,0.002724,0.000334,0.183856
56754000,0.7779,0.306348,0.002724,0.000334,0.183832
56755000,0.7779,0.306348,0.002724,0.000334,0.183879
56756000,0.7779,0.306348,0.002724,0.000334,0.183856
56757000,0.7779,0.306348,0.002724,0.000334,0.183879
56758000,0.7779,0.306348,0.002724,0.000334,0.183856
56759000,0.7779,0.306348,0.002724,0.000334,0.183856
56760000,0.7779,0.306348,0.002724,0.000334,0.183856
56761000,0.7779,0.306348,0.002724,0.000334,0.183856
56762000,0.7779,0.306348,0.002724,0.000334,0.183856
56763000,0.7779,0.306348,0.002724,0.000334,0.183856
56764000,0.7779,0.306348,0.002724,0.000334,0.183856
56765000,0.7779,0.306348,0.002724,0.000334,0.183856
56766000,0.7779,0.306348,0.002724,0.000334,0.183856
56767000,0.7779,0.306348,0.002724,0.000334,0.183879
56768000,0.7779,0.306348,0.002724,0.000334,0.183856
56769000,0.7779,0.306348,0.002724,0.000334,0.183856
56770000,0.7779,0.306348,0.002724,0.000334,0.183832
56771000,0.7779,0.306348,0.002724,0.000334,0.183879
56772000,0.7779,0.306348,0.002724,0.000334,0.183832
56773000,0.7779,0.306348,0.002724,0.000334,0.183879
56774000,0.7779,0.306348,0.002724,0.000334,0.183832
56775000,0.7779,0.306348,0.002724,0.000334,0.183879
56776000,0.7779,0.306348,0.002724,0.000334,0.183832
56777000,0.7779,0.306348,0.002724,0.000334,0.183879
56778000,0.7779,0.306348,0.002724,0.000334,0.183856
56779000,0.7779,0.306348,0.002724,0.000334,0.183856
56780000,0.7779,0.306348,0.002724,0.000334,0.183856
56781000,0.7779,0.306348,0.002724,0.000334,0.183856
56782000,0.7779,0.306348,0.002724,0.000334,0.183856
56783000,0.7779,0.306348,0.002724,0.000334,0.183856
56784000,0.7779,0.306348,0.002724,0.000334,0.183856
56785000,0.7779,0.306348,0.002724,0.000334,0.183856
56786000,0.7779,0.306348,0.002724,0.000334,0.183856
56787000,0.7779,0.306348,0.002724,0.000334,0.183856
56788000,0.7779,0.306348,0.002724,0.000334,0.183856
56789000,0.7779,0.306348,0.002724,0.000334,0.183856
56790000,0.7779,0.306348,0.002724,0.000334,0.183856
56791000,0.7779,0.306348,0.002724,0.000334,0.183879
56792000,0.7779,0.306348,0.002724,0.000334,0.183832
56793000,0.7779,0.306348,0.002724,0.000334,0.183879
56794000,0.7779,0.306348,0.002724,0.000334,0.183832
56795000,0.7779,0.306348,0.002724,0.000334,0.183879
56796000,0.7779,0.306348,0.002724,0.000334,0.183832
56797000,0.7779,0.306348,0.002724,0.000334,0.183879
56798000,0.7779,0.306348,0.002724,0.000334,0.183856
56799000,0.7779,0.306348,0.002724,0.000334,0.183856
56800000,0.7779,0.306348,0.002724,0.000334,0.183856
56801000,0.7779,0.306348,0.002724,0.000334,0.183856
56802000,0.7779,0.306348,0.002724,0.000334,0.183856
56803000,0.7779,0.306348,0.002724,0.000334,0.183856
56804000,0.7779,0.306348,0.002724,0.000334,0.183856
56805000,0.7779,0.306348,0.002724,0.000334,0.183856
56806000,0.7779,0.306348,0.002724,0.000334,0.183856
56807000,0.7779,0.306348,0.002724,0.000334,0.183856
56808000,0.7779,0.306348,0.002724,0.000334,0.183856
56809000,0.7779,0.306348,0.002724,0.000334,0.183856
56810000,0.7779,0.306348,0.002724,0.000334,0.183856
56811000,0.7779,0.306348,0.002724,0.000334,0.183856
56812000,0.7779,0.306348,0.002724,0.000334,0.183856
56813000,0.7779,0.306348,0.002724,0.000334,0.183856
56814000,0.7779,0.306348,0.002724,0.000334,0.183856
56815000,0.7779,0.306348,0.002724,0.000334,0.183856
56816000,0.7779,0.306348,0.002724,0.000334,0.183879
56817000,0.7779,0.306348,0.002724,0.000334,0.183856
56818000,0.7779,0.306348,0.002724,0.000334,0.183856
56819000,0.7779,0.306348,0.002724,0.000334,0.183856
56820000,0.7779,0.306348,0.002724,0.000334,0.183856
56821000,0.7779,0.306348,0.002724,0.000334,0.183832
56822000,0.7779,0.306348,0.002724,0.000334,0.183856
56823000,0.7779,0.306348,0.002724,0.000334,0.183856
56824000,0.7779,0.306348,0.002724,0.000334,0.183879
56825000,0.7779,0.306348,0.002724,0.000334,0.183879
56826000,0.7779,0.306348,0.002724,0.000334,0.183832
56827000,0.7779,0.306348,0.002724,0.000334,0.183879
56828000,0.7779,0.306348,0.002724,0.000334,0.183856
56829000,0.7779,0.306348,0.002724,0.000334,0.183856
56830000,0.7779,0.306348,0.002724,0.000334,0.183856
56831000,0.7779,0.306348,0.002724,0.000334,0.183879
56832000,0.7779,0.306348,0.002724,0.000334,0.183832
56833000,0.7779,0.306348,0.002724,0.000334,0.183856
56834000,0.7779,0.306348,0.002724,0.000334,0.183856
56835000,0.7779,0.306348,0.002724,0.000334,0.183856
56836000,0.7779,0.306348,0.002724,0.000334,0.183856
56837000,0.7779,0.306348,0.002724,0.000334,0.183879
56838000,0.7779,0.306348,0.002724,0.000334,0.183832
56839000,0.7779,0.306348,0.002724,0.000334,0.183879
56840000,0.7779,0.306348,0.002724,0.000334,0.183832
56841000,0.7779,0.306348,0.002724,0.000334,0.183879
56842000,0.7779,0.306348,0.002724,0.000334,0.183832
56843000,0.7779,0.306348,0.002724,0.000334,0.183879
56844000,0.7779,0.306348,0.002724,0.000334,0.183856
56845000,0.7779,0.306348,0.002724,0.000334,0.183879
56846000,0.7779,0.306348,0.002724,0.000334,0.183832
56847000,0.7779,0.306348,0.002724,0.000334,0.183879
56848000,0.7779,0.306348,0.002724,0.000334,0.183856
56849000,0.7779,0.306348,0.002724,0.000334,0.183856
56850000,0.7779,0.306348,0.002724,0.000334,0.183856
56851000,0.7779,0.306348,0.002724,0.000334,0.183856
56852000,0.7779,0.306348,0.002724,0.000334,0.183856
56853000,0.7779,0.306348,0.002724,0.000334,0.183856
56854000,0.7779,0.306348,0.002724,0.000334,0.183856
56855000,0.7779,0.306348,0.002724,0.000334,0.183856
56856000,0.7779,0.306348,0.002724,0.000334,0.183856
56857000,0.7779,0.306348,0.002724,0.000334,0.183856
56858000,0.7779,0.306348,0.002724,0.000334,0.183856
56859000,0.7779,0.306348,0.002724,0.000334,0.183856
56860000,0.7779,0.306348,0.002724,0.000334,0.183856
56861000,0.7779,0.306348,0.002724,0.000334,0.183856
56862000,0.7779,0.306348,0.002724,0.000334,0.183856
56863000,0.7779,0.306348,0.002724,0.000334,0.183856
56864000,0.7779,0.306348,0.002724,0.000334,0.183856
56865000,0.7779,0.306348,0.002724,0.000334,0.183856
56866000,0.7779,0.306348,0.002724,0.000334,0.183856
56867000,0.7779,0.306348,0.002724,0.000334,0.183856
56868000,0.7779,0.306348,0.002724,0.000334,0.183856
56869000,0.7779,0.306348,0.002724,0.000334,0.183856
56870000,0.7779,0.306348,0.002724,0.000334,0.183832
56871000,0.7779,0.306348,0.002724,0.000334,0.183879
56872000,0.7779,0.306348,0.002724,0.000334,0.183832
56873000,0.7779,0.306348,0.002724,0.000334,0.183903
56874000,0.7779,0.306348,0.002724,0.000334,0.183832
56875000,0.7779,0.306348,0.002724,0.000334,0.183879
56876000,0.7779,0.306348,0.002724,0.000334,0.183832
56877000,0.7779,0.306348,0.002724,0.000334,0.183879
56878000,0.7779,0.306348,0.002724,0.000334,0.183856
56879000,0.7779,0.306348,0.002724,0.000334,0.183879
56880000,0.7779,0.306348,0.002724,0.000334,0.183856
56881000,0.7779,0.306348,0.002724,0.000334,0.183856
56882000,0.7779,0.306348,0.002724,0.000334,0.183856
56883000,0.7779,0.306348,0.002724,0.000334,0.183856
56884000,0.7779,0.306348,0.002724,0.000334,0.183879
56885000,0.7779,0.306348,0.002724,0.000334,0.183832
56886000,0.7779,0.306348,0.002724,0.000334,0.183879
56887000,0.7779,0.306348,0.002724,0.000334,0.183832
56888000,0.7779,0.306348,0.002724,0.000334,0.183879
56889000,0.7779,0.306348,0.002724,0.000334,0.183832
56890000,0.7779,0.306348,0.002724,0.000334,0.183879
56891000,0.7779,0.306348,0.002724,0.000334,0.183832
56892000,0.7779,0.306348,0.002724,0.000334,0.183856
56893000,0.7779,0.306348,0.002724,0.000334,0.183856
56894000,0.7779,0.306348,0.002724,0.000334,0.183856
56895000,0.7779,0.306348,0.002724,0.000334,0.183879
56896000,0.7779,0.306348,0.002724,0.000334,0.183879
56897000,0.7779,0.306348,0.002724,0.000334,0.183832
56898000,0.7779,0.306348,0.002724,0.000334,0.183879
56899000,0.7779,0.306348,0.002724,0.000334,0.183856
56900000,0.7779,0.306348,0.002724,0.000334,0.183856
56901000,0.7779,0.306348,0.002724,0.000334,0.183832
56902000,0.7779,0.306348,0.002724,0.000334,0.183879
56903000,0.7779,0.306348,0.002724,0.000334,0.183856
56904000,0.7779,0.306348,0.002724,0.000334,0.183879
56905000,0.7779,0.306348,0.002724,0.000334,0.183832
56906000,0.7779,0.306348,0.002724,0.000334,0.183879
56907000,0.7779,0.306348,0.002724,0.000334,0.183832
56908000,0.7779,0.306348,0.002724,0.000334,0.183879
56909000,0.7779,0.306348,0.002724,0.000334,0.183832
56910000,0.7779,0.306348,0.002724,0.000334,0.183879
56911000,0.7779,0.306348,0.002724,0.000334,0.183832
56912000,0.7779,0.306348,0.002724,0.000334,0.183856
56913000,0.7779,0.306348,0.002724,0.000334,0.183856
56914000,0.7779,0.306348,0.002724,0.000334,0.183856
56915000,0.7779,0.306348,0.002724,0.000334,0.183856
56916000,0.7779,0.306348,0.002724,0.000334,0.183856
56917000,0.7779,0.306348,0.002724,0.000334,0.183856
56918000,0.7779,0.306348,0.002724,0.000334,0.183856
56919000,0.7779,0.306348,0.002724,0.000334,0.183856
56920000,0.7779,0.306348,0.002724,0.000334,0.183856
56921000,0.7779,0.306348,0.002724,0.000334,0.183856
56922000,0.7779,0.306348,0.002724,0.000334,0.183856
56923000,0.7779,0.306348,0.002724,0.000334,0.183856
56924000,0.7779,0.306348,0.002724,0.000334,0.183856
56925000,0.7779,0.306348,0.002724,0.000334,0.183856
56926000,0.7779,0.306348,0.002724,0.000334,0.183856
56927000,0.7779,0.306348,0.002724,0.000334,0.183856
56928000,0.7779,0.306348,0.002724,0.000334,0.183856
56929000,0.7779,0.306348,0.002724,0.000334,0.183856
56930000,0.7779,0.306348,0.002724,0.000334,0.183832
56931000,0.7779,0.306348,0.002724,0.000334,0.183879
56932000,0.7779,0.306348,0.002724,0.000334,0.183832
56933000,0.7779,0.306348,0.002724,0.000334,0.183879
56934000,0.7779,0.306348,0.002724,0.000334,0.183832
56935000,0.7779,0.306348,0.002724,0.000334,0.183879
56936000,0.7779,0.306348,0.002724,0.000334,0.183832
56937000,0.7779,0.306348,0.002724,0.000334,0.183879
56938000,0.7779,0.306348,0.002724,0.000334,0.183856
56939000,0.7779,0.306348,0.002724,0.000334,0.183856
56940000,0.7779,0.306348,0.002724,0.000334,0.183856
56941000,0.7779,0.306348,0.002724,0.000334,0.183856
56942000,0.7779,0.306348,0.002724,0.000334,0.183856
56943000,0.7779,0.306348,0.002724,0.000334,0.183856
56944000,0.7779,0.306348,0.002724,0.000334,0.183856
56945000,0.7779,0.306348,0.002724,0.000334,0.183856
56946000,0.7779,0.306348,0.002724,0.000334,0.183856
56947000,0.7779,0.306348,0.002724,0.000334,0.183856
56948000,0.7779,0.306348,0.002724,0.000334,0.183856
56949000,0.7779,0.306348,0.002724,0.000334,0.183856
56950000,0.7779,0.306348,0.002724,0.000334,0.183856
56951000,0.7779,0.306348,0.002724,0.000334,0.183856
56952000,0.7779,0.306348,0.002724,0.000334,0.183856
56953000,0.7779,0.306348,0.002724,0.000334,0.183856
56954000,0.7779,0.306348,0.002724,0.000334,0.183832
56955000,0.7779,0.306348,0.002724,0.000334,0.183879
56956000,0.7779,0.306348,0.002724,0.000334,0.183832
56957000,0.7779,0.306348,0.002724,0.000334,0.183879
56958000,0.7779,0.306348,0.002724,0.000334,0.183856
56959000,0.7779,0.306348,0.002724,0.000334,0.183856
56960000,0.7779,0.306348,0.002724,0.000334,0.183832
56961000,0.7779,0.306348,0.002724,0.000334,0.183879
56962000,0.7779,0.306348,0.002724,0.000334,0.183832
56963000,0.7779,0.306348,0.002724,0.000334,0.183879
56964000,0.7779,0.306348,0.002724,0.000334,0.183832
56965000,0.7779,0.306348,0.002724,0.000334,0.183856
56966000,0.7779,0.306348,0.002724,0.000334,0.183856
56967000,0.7779,0.306348,0.002724,0.000334,0.183856
56968000,0.7779,0.306348,0.002724,0.000334,0.183856
56969000,0.7779,0.306348,0.002724,0.000334,0.183856
56970000,0.7779,0.306348,0.002724,0.000334,0.183879
56971000,0.7779,0.306348,0.002724,0.000334,0.183879
56972000,0.7779,0.306348,0.002724,0.000334,0.183832
56973000,0.7779,0.306348,0.002724,0.000334,0.183879
56974000,0.7779,0.306348,0.002724,0.000334,0.183856
56975000,0.7779,0.306348,0.002724,0.000334,0.183856
56976000,0.7779,0.306348,0.002724,0.000334,0.183856
56977000,0.7779,0.306348,0.002724,0.000334,0.183856
56978000,0.7779,0.306348,0.002724,0.000334,0.183856
56979000,0.7779,0.306348,0.002724,0.000334,0.183856
56980000,0.7779,0.306348,0.002724,0.000334,0.183856
56981000,0.7779,0.306348,0.002724,0.000334,0.183856
56982000,0.7779,0.306348,0.002724,0.000334,0.183856
56983000,0.7779,0.306348,0.002724,0.000334,0.183856
56984000,0.7779,0.306348,0.002724,0.000334,0.183856
56985000,0.7779,0.306348,0.002724,0.000334,0.183856
56986000,0.7779,0.306348,0.002724,0.000334,0.183856
56987000,0.7779,0.306348,0.002724,0.000334,0.183856
56988000,0.7779,0.306348,0.002724,0.000334,0.183856
56989000,0.7779,0.306348,0.002724,0.000334,0.183856
56990000,0.7779,0.306348,0.002724,0.000334,0.183856
56991000,0.7779,0.306348,0.002724,0.000334,0.183856
56992000,0.7779,0.306348,0.002724,0.000334,0.183832
56993000,0.7779,0.306348,0.002724,0.000334,0.183879
56994000,0.7779,0.306348,0.002724,0.000334,0.183832
56995000,0.7779,0.306348,0.002724,0.000334,0.183856
56996000,0.7779,0.306348,0.002724,0.000334,0.183856
56997000,0.7779,0.306348,0.002724,0.000334,0.183856
56998000,0.7779,0.306348,0.002724,0.000334,0.183856
56999000,0.7779,0.306348,0.002724,0.000334,0.183856
